ecmf prod rt 2020012700 51 046
0024 em 00 0.404 0.933 1.017 6
0024 cf 00 0.351 0.878 0.946 6
0024 pf 01 0.398 0.895 0.980 6
0024 pf 02 0.477 0.847 0.972 6
0024 pf 03 0.464 1.001 1.103 6
0024 pf 04 0.401 1.032 1.107 6
0024 pf 05 0.404 0.959 1.040 6
0024 pf 06 0.320 1.030 1.079 6
0024 pf 07 0.401 0.927 1.010 6
0024 pf 08 0.377 0.837 0.918 6
0024 pf 09 0.370 0.883 0.958 6
0024 pf 10 0.518 0.974 1.103 6
0024 pf 11 0.542 0.882 1.035 6
0024 pf 12 0.464 0.921 1.031 6
0024 pf 13 0.412 0.928 1.015 6
0024 pf 14 0.429 0.881 0.980 6
0024 pf 15 0.186 0.817 0.838 6
0024 pf 16 0.292 0.906 0.952 6
0024 pf 17 0.429 0.960 1.051 6
0024 pf 18 0.401 1.039 1.114 6
0024 pf 19 0.402 0.888 0.975 6
0024 pf 20 0.325 0.976 1.029 6
0024 pf 21 0.354 0.814 0.887 6
0024 pf 22 0.429 0.912 1.008 6
0024 pf 23 0.302 0.927 0.975 6
0024 pf 24 0.374 0.894 0.970 6
0024 pf 25 0.299 0.938 0.984 6
0024 pf 26 0.465 0.856 0.974 6
0024 pf 27 0.377 0.868 0.946 6
0024 pf 28 0.361 0.972 1.037 6
0024 pf 29 0.391 0.966 1.042 6
0024 pf 30 0.373 0.959 1.029 6
0024 pf 31 0.254 0.795 0.835 6
0024 pf 32 0.493 0.783 0.926 6
0024 pf 33 0.315 1.021 1.068 6
0024 pf 34 0.421 0.976 1.063 6
0024 pf 35 0.404 0.901 0.987 6
0024 pf 36 0.510 1.102 1.214 6
0024 pf 37 0.455 0.817 0.935 6
0024 pf 38 0.316 0.905 0.958 6
0024 pf 39 0.400 0.988 1.066 6
0024 pf 40 0.413 0.882 0.974 6
0024 pf 41 0.329 0.989 1.042 6
0024 pf 42 0.374 0.857 0.935 6
0024 pf 43 0.292 0.719 0.776 6
0024 pf 44 0.455 1.072 1.165 6
0024 pf 45 0.406 0.661 0.775 6
0024 pf 46 0.408 0.909 0.997 6
0024 pf 47 0.405 0.865 0.955 6
0024 pf 48 0.332 1.065 1.116 6
0024 pf 49 0.377 0.946 1.019 6
0024 pf 50 0.379 0.993 1.063 6
0048 em 00 0.442 1.149 1.231 6
0048 cf 00 0.421 1.095 1.173 6
0048 pf 01 0.470 1.054 1.154 6
0048 pf 02 0.523 1.051 1.174 6
0048 pf 03 0.340 1.314 1.357 6
0048 pf 04 0.594 1.220 1.357 6
0048 pf 05 0.523 1.068 1.189 6
0048 pf 06 0.229 1.288 1.309 6
0048 pf 07 0.518 1.177 1.286 6
0048 pf 08 0.416 1.174 1.246 6
0048 pf 09 0.325 1.028 1.078 6
0048 pf 10 0.496 1.253 1.348 6
0048 pf 11 0.693 1.227 1.409 6
0048 pf 12 0.533 1.111 1.232 6
0048 pf 13 0.247 1.225 1.250 6
0048 pf 14 0.341 1.077 1.129 6
0048 pf 15 0.348 0.907 0.972 6
0048 pf 16 0.560 1.116 1.249 6
0048 pf 17 0.513 1.236 1.338 6
0048 pf 18 0.394 1.077 1.147 6
0048 pf 19 0.412 1.189 1.259 6
0048 pf 20 0.306 1.153 1.193 6
0048 pf 21 0.334 0.949 1.006 6
0048 pf 22 0.541 1.117 1.241 6
0048 pf 23 0.311 1.155 1.196 6
0048 pf 24 0.409 1.129 1.201 6
0048 pf 25 0.426 1.051 1.134 6
0048 pf 26 0.566 1.075 1.215 6
0048 pf 27 0.436 1.196 1.273 6
0048 pf 28 0.460 1.232 1.315 6
0048 pf 29 0.467 1.095 1.191 6
0048 pf 30 0.390 1.185 1.247 6
0048 pf 31 0.180 0.960 0.977 6
0048 pf 32 0.522 1.084 1.203 6
0048 pf 33 0.400 1.285 1.346 6
0048 pf 34 0.351 1.184 1.235 6
0048 pf 35 0.485 1.212 1.306 6
0048 pf 36 0.686 1.500 1.650 6
0048 pf 37 0.446 1.115 1.201 6
0048 pf 38 0.439 1.060 1.147 6
0048 pf 39 0.351 1.320 1.366 6
0048 pf 40 0.466 1.023 1.124 6
0048 pf 41 0.371 0.905 0.978 6
0048 pf 42 0.326 1.130 1.176 6
0048 pf 43 0.259 0.915 0.951 6
0048 pf 44 0.504 1.417 1.504 6
0048 pf 45 0.614 0.763 0.980 6
0048 pf 46 0.327 1.332 1.372 6
0048 pf 47 0.426 1.017 1.102 6
0048 pf 48 0.411 1.137 1.209 6
0048 pf 49 0.371 1.186 1.242 6
0048 pf 50 0.348 1.049 1.105 6
0072 em 00 0.681 1.222 1.399 6
0072 cf 00 0.664 1.181 1.354 6
0072 pf 01 0.902 1.015 1.358 6
0072 pf 02 0.886 1.168 1.467 6
0072 pf 03 0.408 1.338 1.399 6
0072 pf 04 0.986 1.430 1.737 6
0072 pf 05 0.850 1.034 1.339 6
0072 pf 06 0.359 1.273 1.323 6
0072 pf 07 0.760 1.179 1.403 6
0072 pf 08 0.764 1.206 1.427 6
0072 pf 09 0.718 1.149 1.355 6
0072 pf 10 0.676 1.363 1.521 6
0072 pf 11 0.812 1.486 1.693 6
0072 pf 12 0.752 1.046 1.288 6
0072 pf 13 0.499 1.302 1.395 6
0072 pf 14 0.496 1.048 1.160 6
0072 pf 15 0.688 0.862 1.103 6
0072 pf 16 0.874 1.071 1.383 6
0072 pf 17 0.729 1.235 1.435 6
0072 pf 18 0.626 1.108 1.272 6
0072 pf 19 0.551 1.405 1.509 6
0072 pf 20 0.564 1.105 1.241 6
0072 pf 21 0.679 1.053 1.253 6
0072 pf 22 0.772 1.280 1.495 6
0072 pf 23 0.576 1.510 1.616 6
0072 pf 24 0.685 1.275 1.447 6
0072 pf 25 0.744 1.165 1.382 6
0072 pf 26 0.828 1.208 1.465 6
0072 pf 27 0.668 1.247 1.414 6
0072 pf 28 0.694 1.470 1.626 6
0072 pf 29 0.632 1.239 1.390 6
0072 pf 30 0.638 1.140 1.307 6
0072 pf 31 0.490 1.027 1.138 6
0072 pf 32 0.766 1.120 1.357 6
0072 pf 33 0.718 1.195 1.394 6
0072 pf 34 0.480 1.250 1.339 6
0072 pf 35 0.805 1.653 1.839 6
0072 pf 36 1.054 1.680 1.983 6
0072 pf 37 0.517 1.007 1.132 6
0072 pf 38 0.399 1.215 1.278 6
0072 pf 39 0.429 1.307 1.376 6
0072 pf 40 0.607 0.909 1.093 6
0072 pf 41 0.552 0.972 1.118 6
0072 pf 42 0.347 1.139 1.190 6
0072 pf 43 0.605 0.910 1.093 6
0072 pf 44 0.716 1.618 1.769 6
0072 pf 45 0.958 0.905 1.318 5
0072 pf 46 0.453 1.361 1.434 6
0072 pf 47 0.831 1.135 1.407 6
0072 pf 48 0.629 0.932 1.124 6
0072 pf 49 0.630 1.238 1.389 6
0072 pf 50 0.487 1.263 1.354 6
0096 em 00 0.585 1.048 1.201 6
0096 cf 00 0.629 1.037 1.213 6
0096 pf 01 0.942 0.900 1.303 5
0096 pf 02 0.641 0.973 1.165 6
0096 pf 03 0.212 1.067 1.088 6
0096 pf 04 0.842 1.208 1.473 6
0096 pf 05 0.825 1.035 1.324 6
0096 pf 06 0.038 1.129 1.129 6
0096 pf 07 0.648 1.154 1.323 6
0096 pf 08 0.771 1.030 1.286 6
0096 pf 09 0.771 1.076 1.324 6
0096 pf 10 0.417 1.204 1.274 6
0096 pf 11 0.601 1.385 1.510 6
0096 pf 12 0.860 1.030 1.341 6
0096 pf 13 0.307 1.250 1.287 6
0096 pf 14 0.312 0.627 0.701 6
0096 pf 15 0.759 0.625 0.983 5
0096 pf 16 0.874 0.887 1.245 6
0096 pf 17 0.730 1.064 1.290 6
0096 pf 18 0.470 0.799 0.927 6
0096 pf 19 0.224 1.119 1.141 6
0096 pf 20 0.723 0.970 1.210 6
0096 pf 21 0.786 0.833 1.146 6
0096 pf 22 0.775 1.347 1.554 6
0096 pf 23 0.500 1.429 1.514 6
0096 pf 24 0.333 1.131 1.178 6
0096 pf 25 0.580 0.913 1.081 6
0096 pf 26 0.696 1.178 1.369 6
0096 pf 27 0.693 1.011 1.226 6
0096 pf 28 0.636 1.449 1.582 6
0096 pf 29 0.493 1.161 1.261 6
0096 pf 30 0.529 0.828 0.982 6
0096 pf 31 0.453 0.928 1.033 6
0096 pf 32 0.699 0.982 1.205 6
0096 pf 33 0.803 0.825 1.151 6
0096 pf 34 0.133 0.914 0.924 6
0096 pf 35 0.808 1.713 1.894 6
0096 pf 36 0.831 1.470 1.689 6
0096 pf 37 0.486 0.850 0.979 6
0096 pf 38 0.467 0.812 0.936 6
0096 pf 39 0.359 1.090 1.148 6
0096 pf 40 0.523 0.754 0.917 6
0096 pf 41 0.425 0.653 0.779 6
0096 pf 42 0.324 0.959 1.012 6
0096 pf 43 0.554 0.817 0.987 6
0096 pf 44 0.413 1.472 1.529 6
0096 pf 45 0.798 0.999 1.279 6
0096 pf 46 0.295 0.724 0.782 6
0096 pf 47 0.882 1.148 1.447 6
0096 pf 48 0.498 0.640 0.810 6
0096 pf 49 0.523 0.897 1.038 6
0096 pf 50 0.248 1.157 1.184 6
0120 em 00 0.246 0.774 0.812 6
0120 cf 00 0.336 0.815 0.882 6
0120 pf 01 0.639 0.497 0.809 5
0120 pf 02 0.317 0.712 0.780 6
0120 pf 03 0.011 0.608 0.608 6
0120 pf 04 0.366 0.960 1.027 6
0120 pf 05 0.526 0.817 0.972 6
0120 pf 06 -0.210 0.706 0.737 7
0120 pf 07 0.239 0.938 0.968 6
0120 pf 08 0.313 0.962 1.011 6
0120 pf 09 0.380 0.881 0.959 6
0120 pf 10 0.020 0.753 0.753 6
0120 pf 11 0.183 1.112 1.127 6
0120 pf 12 0.805 0.793 1.130 5
0120 pf 13 0.230 1.079 1.103 6
0120 pf 14 -0.092 0.261 0.277 7
0120 pf 15 0.573 0.398 0.698 5
0120 pf 16 0.588 0.598 0.839 6
0120 pf 17 0.679 0.724 0.993 6
0120 pf 18 0.210 0.539 0.579 6
0120 pf 19 -0.254 0.910 0.945 7
0120 pf 20 0.713 0.765 1.046 6
0120 pf 21 0.417 0.537 0.680 6
0120 pf 22 0.280 1.113 1.148 6
0120 pf 23 0.201 1.147 1.165 6
0120 pf 24 -0.203 0.870 0.893 7
0120 pf 25 0.071 0.692 0.696 6
0120 pf 26 0.181 0.919 0.936 6
0120 pf 27 0.329 0.778 0.845 6
0120 pf 28 0.194 1.170 1.186 6
0120 pf 29 -0.077 0.972 0.975 7
0120 pf 30 0.254 0.537 0.594 6
0120 pf 31 -0.005 0.544 0.544 7
0120 pf 32 0.369 0.626 0.727 6
0120 pf 33 0.411 0.781 0.882 6
0120 pf 34 -0.215 0.703 0.735 7
0120 pf 35 0.440 1.332 1.402 6
0120 pf 36 0.485 1.215 1.308 6
0120 pf 37 0.220 0.604 0.643 6
0120 pf 38 0.125 0.566 0.579 6
0120 pf 39 0.049 0.824 0.825 6
0120 pf 40 -0.112 0.341 0.359 7
0120 pf 41 0.090 0.440 0.449 6
0120 pf 42 -0.031 0.540 0.541 7
0120 pf 43 0.184 0.595 0.623 6
0120 pf 44 0.037 1.128 1.128 6
0120 pf 45 0.407 1.090 1.163 6
0120 pf 46 0.302 0.124 0.326 5
0120 pf 47 0.683 1.016 1.224 6
0120 pf 48 0.228 0.408 0.467 6
0120 pf 49 0.271 0.774 0.821 6
0120 pf 50 -0.211 0.674 0.706 7
0144 em 00 0.123 0.647 0.658 6
0144 cf 00 0.186 0.700 0.725 6
0144 pf 01 0.544 0.092 0.551 5
0144 pf 02 0.200 0.730 0.757 6
0144 pf 03 -0.094 0.559 0.567 7
0144 pf 04 0.347 1.034 1.090 6
0144 pf 05 0.168 0.850 0.866 6
0144 pf 06 -0.191 0.745 0.769 7
0144 pf 07 -0.018 0.777 0.777 7
0144 pf 08 0.208 0.864 0.889 6
0144 pf 09 0.171 1.009 1.023 6
0144 pf 10 -0.085 0.453 0.461 7
0144 pf 11 0.011 0.941 0.941 6
0144 pf 12 0.526 0.683 0.863 6
0144 pf 13 -0.018 0.858 0.858 7
0144 pf 14 -0.120 0.140 0.184 7
0144 pf 15 0.599 0.510 0.787 5
0144 pf 16 0.667 0.722 0.983 6
0144 pf 17 0.321 0.660 0.734 6
0144 pf 18 0.180 0.289 0.340 6
0144 pf 19 -0.344 0.674 0.757 7
0144 pf 20 0.699 0.810 1.070 6
0144 pf 21 0.244 0.433 0.497 6
0144 pf 22 0.146 0.748 0.762 6
0144 pf 23 0.197 0.795 0.819 6
0144 pf 24 -0.507 0.644 0.820 7
0144 pf 25 -0.171 0.402 0.437 7
0144 pf 26 0.273 0.792 0.838 6
0144 pf 27 0.125 0.519 0.533 6
0144 pf 28 0.073 1.004 1.007 6
0144 pf 29 -0.496 0.749 0.898 7
0144 pf 30 0.070 0.304 0.312 6
0144 pf 31 -0.181 0.490 0.522 7
0144 pf 32 0.328 0.479 0.581 6
0144 pf 33 0.152 0.750 0.765 6
0144 pf 34 -0.306 0.550 0.629 7
0144 pf 35 0.270 1.031 1.065 6
0144 pf 36 0.272 1.351 1.379 6
0144 pf 37 0.135 0.615 0.629 6
0144 pf 38 0.166 0.505 0.532 6
0144 pf 39 0.217 0.767 0.797 6
0144 pf 40 -0.333 0.310 0.455 8
0144 pf 41 -0.020 0.271 0.272 7
0144 pf 42 -0.186 0.308 0.359 7
0144 pf 43 -0.153 0.694 0.711 7
0144 pf 44 0.085 0.938 0.942 6
0144 pf 45 0.283 0.954 0.995 6
0144 pf 46 0.382 -0.005 0.382 4
0144 pf 47 0.416 0.708 0.821 6
0144 pf 48 0.308 0.521 0.605 6
0144 pf 49 0.077 0.506 0.512 6
0144 pf 50 -0.274 0.359 0.452 7
0168 em 00 0.194 0.365 0.413 6
0168 cf 00 0.272 0.387 0.473 6
0168 pf 01 0.729 -0.391 0.828 4
0168 pf 02 0.139 0.507 0.526 6
0168 pf 03 -0.033 0.273 0.275 7
0168 pf 04 0.424 0.879 0.976 6
0168 pf 05 0.129 0.533 0.548 6
0168 pf 06 -0.128 0.478 0.494 7
0168 pf 07 -0.105 0.456 0.468 7
0168 pf 08 0.330 0.535 0.628 6
0168 pf 09 0.135 0.718 0.731 6
0168 pf 10 -0.166 0.048 0.172 8
0168 pf 11 -0.209 0.612 0.647 7
0168 pf 12 0.354 0.331 0.485 5
0168 pf 13 0.287 0.772 0.824 6
0168 pf 14 0.100 -0.027 0.103 4
0168 pf 15 0.634 0.544 0.836 5
0168 pf 16 0.908 0.587 1.082 5
0168 pf 17 0.413 0.403 0.577 5
0168 pf 18 0.400 0.521 0.657 6
0168 pf 19 -0.319 0.250 0.405 8
0168 pf 20 0.937 0.606 1.116 5
0168 pf 21 0.225 0.432 0.487 6
0168 pf 22 0.371 0.338 0.502 5
0168 pf 23 0.297 0.558 0.632 6
0168 pf 24 -0.351 0.273 0.445 8
0168 pf 25 0.178 0.045 0.184 5
0168 pf 26 0.401 0.517 0.654 6
0168 pf 27 0.426 0.166 0.457 5
0168 pf 28 -0.057 0.472 0.476 7
0168 pf 29 -0.662 0.297 0.725 8
0168 pf 30 0.238 0.104 0.259 5
0168 pf 31 0.256 -0.045 0.260 4
0168 pf 32 0.257 0.141 0.293 5
0168 pf 33 0.227 0.501 0.550 6
0168 pf 34 -0.175 0.428 0.462 7
0168 pf 35 0.383 0.877 0.957 6
0168 pf 36 0.396 1.121 1.189 6
0168 pf 37 0.156 0.313 0.350 6
0168 pf 38 0.138 0.150 0.203 6
0168 pf 39 0.240 0.460 0.518 6
0168 pf 40 -0.237 0.167 0.290 8
0168 pf 41 0.080 -0.020 0.083 4
0168 pf 42 -0.288 -0.245 0.378 1
0168 pf 43 -0.259 0.381 0.461 7
0168 pf 44 0.117 0.673 0.683 6
0168 pf 45 0.129 0.665 0.677 6
0168 pf 46 0.719 -0.380 0.813 4
0168 pf 47 0.255 0.347 0.430 6
0168 pf 48 0.584 0.350 0.681 5
0168 pf 49 0.147 0.300 0.334 6
0168 pf 50 -0.228 -0.135 0.265 1
0192 em 00 0.221 0.063 0.230 5
0192 cf 00 0.262 0.026 0.264 5
0192 pf 01 0.777 -0.429 0.887 4
0192 pf 02 -0.087 0.332 0.343 7
0192 pf 03 -0.075 -0.176 0.191 2
0192 pf 04 0.144 0.578 0.596 6
0192 pf 05 -0.087 0.314 0.326 7
0192 pf 06 -0.305 0.184 0.356 8
0192 pf 07 -0.199 0.045 0.204 8
0192 pf 08 0.155 0.130 0.202 5
0192 pf 09 0.032 0.776 0.776 6
0192 pf 10 -0.014 -0.323 0.323 2
0192 pf 11 -0.317 0.332 0.459 7
0192 pf 12 0.459 -0.052 0.462 4
0192 pf 13 0.457 0.652 0.797 6
0192 pf 14 0.273 -0.338 0.435 3
0192 pf 15 0.755 0.342 0.829 5
0192 pf 16 0.922 0.022 0.922 5
0192 pf 17 0.381 0.177 0.420 5
0192 pf 18 0.468 0.376 0.600 5
0192 pf 19 -0.290 -0.182 0.342 1
0192 pf 20 0.918 0.411 1.006 5
0192 pf 21 0.591 0.027 0.592 5
0192 pf 22 0.387 0.196 0.434 5
0192 pf 23 0.327 0.291 0.438 5
0192 pf 24 -0.344 -0.086 0.354 1
0192 pf 25 0.073 -0.210 0.223 3
0192 pf 26 0.394 0.232 0.457 5
0192 pf 27 0.202 -0.341 0.396 3
0192 pf 28 -0.186 -0.154 0.241 1
0192 pf 29 -0.603 -0.530 0.803 1
0192 pf 30 0.754 -0.303 0.813 4
0192 pf 31 0.422 -0.293 0.514 4
0192 pf 32 0.257 0.046 0.261 5
0192 pf 33 0.482 0.373 0.609 5
0192 pf 34 -0.208 0.120 0.240 8
0192 pf 35 0.384 0.691 0.790 6
0192 pf 36 0.248 0.948 0.980 6
0192 pf 37 0.228 -0.136 0.265 4
0192 pf 38 0.323 0.005 0.323 5
0192 pf 39 0.140 0.314 0.344 6
0192 pf 40 0.009 0.027 0.028 6
0192 pf 41 0.148 -0.151 0.211 3
0192 pf 42 -0.178 -0.627 0.652 2
0192 pf 43 -0.349 -0.193 0.399 1
0192 pf 44 0.188 0.395 0.437 6
0192 pf 45 0.251 0.346 0.427 6
0192 pf 46 1.086 -0.766 1.329 4
0192 pf 47 0.366 -0.044 0.368 4
0192 pf 48 0.504 0.158 0.528 5
0192 pf 49 0.289 -0.125 0.315 4
0192 pf 50 -0.203 -0.384 0.434 2
0216 em 00 0.246 -0.113 0.271 4
0216 cf 00 0.185 -0.312 0.363 3
0216 pf 01 0.941 -0.296 0.987 4
0216 pf 02 -0.328 0.267 0.423 8
0216 pf 03 0.048 -0.386 0.388 3
0216 pf 04 0.222 0.217 0.311 5
0216 pf 05 -0.378 0.046 0.380 8
0216 pf 06 -0.224 -0.151 0.270 1
0216 pf 07 -0.278 -0.194 0.339 1
0216 pf 08 -0.168 -0.232 0.287 2
0216 pf 09 -0.085 0.575 0.581 7
0216 pf 10 -0.008 -0.464 0.464 2
0216 pf 11 -0.159 0.217 0.269 7
0216 pf 12 0.455 -0.141 0.476 4
0216 pf 13 0.356 0.624 0.718 6
0216 pf 14 0.477 -0.428 0.640 4
0216 pf 15 0.762 0.409 0.865 5
0216 pf 16 0.558 -0.116 0.570 4
0216 pf 17 0.612 0.027 0.612 5
0216 pf 18 0.417 0.262 0.493 5
0216 pf 19 -0.145 -0.262 0.300 2
0216 pf 20 0.943 0.311 0.993 5
0216 pf 21 0.737 -0.009 0.737 4
0216 pf 22 0.637 -0.033 0.638 4
0216 pf 23 0.189 -0.030 0.192 4
0216 pf 24 -0.221 -0.228 0.317 2
0216 pf 25 0.082 -0.316 0.326 3
0216 pf 26 0.159 0.026 0.161 5
0216 pf 27 0.121 -0.558 0.571 3
0216 pf 28 -0.347 -0.513 0.619 2
0216 pf 29 -0.279 -1.218 1.249 2
0216 pf 30 0.876 -0.269 0.916 4
0216 pf 31 0.581 -0.481 0.754 4
0216 pf 32 0.365 -0.006 0.365 4
0216 pf 33 0.594 0.183 0.622 5
0216 pf 34 -0.325 -0.189 0.376 1
0216 pf 35 0.442 0.635 0.774 6
0216 pf 36 -0.158 0.824 0.839 7
0216 pf 37 0.282 -0.239 0.370 4
0216 pf 38 0.514 -0.031 0.515 4
0216 pf 39 0.122 0.158 0.199 6
0216 pf 40 0.177 -0.005 0.177 4
0216 pf 41 0.076 -0.361 0.369 3
0216 pf 42 0.243 -0.928 0.959 3
0216 pf 43 -0.246 -0.627 0.673 2
0216 pf 44 0.153 0.536 0.557 6
0216 pf 45 0.288 0.203 0.352 5
0216 pf 46 1.156 -0.971 1.509 4
0216 pf 47 0.400 -0.253 0.474 4
0216 pf 48 0.751 -0.310 0.812 4
0216 pf 49 0.449 -0.233 0.506 4
0216 pf 50 -0.166 -0.664 0.684 2
0240 em 00 0.361 -0.169 0.399 4
0240 cf 00 0.233 -0.397 0.460 3
0240 pf 01 1.203 -0.513 1.308 4
0240 pf 02 -0.424 0.099 0.436 8
0240 pf 03 0.280 -0.765 0.815 3
0240 pf 04 0.052 0.093 0.106 6
0240 pf 05 -0.554 -0.212 0.593 1
0240 pf 06 0.016 -0.406 0.407 3
0240 pf 07 0.050 -0.473 0.475 3
0240 pf 08 0.079 -0.374 0.382 3
0240 pf 09 -0.066 0.535 0.539 7
0240 pf 10 0.073 -0.434 0.440 3
0240 pf 11 -0.201 -0.001 0.201 1
0240 pf 12 0.723 -0.140 0.736 4
0240 pf 13 0.221 0.482 0.530 6
0240 pf 14 0.668 -0.237 0.709 4
0240 pf 15 0.673 0.590 0.895 5
0240 pf 16 0.562 -0.050 0.564 4
0240 pf 17 0.819 0.156 0.834 5
0240 pf 18 0.247 0.050 0.252 5
0240 pf 19 0.141 -0.555 0.573 3
0240 pf 20 0.963 0.338 1.021 5
0240 pf 21 1.197 0.174 1.209 5
0240 pf 22 0.761 0.041 0.763 5
0240 pf 23 0.102 -0.258 0.277 3
0240 pf 24 -0.142 -0.205 0.249 2
0240 pf 25 0.075 -0.444 0.450 3
0240 pf 26 0.278 0.005 0.278 5
0240 pf 27 0.160 -0.761 0.778 3
0240 pf 28 -0.317 -0.924 0.977 2
0240 pf 29 -0.039 -1.597 1.597 2
0240 pf 30 1.122 -0.310 1.164 4
0240 pf 31 0.550 -0.631 0.837 3
0240 pf 32 0.689 0.142 0.704 5
0240 pf 33 0.674 0.284 0.731 5
0240 pf 34 -0.371 -0.407 0.551 2
0240 pf 35 0.377 0.845 0.926 6
0240 pf 36 -0.275 0.740 0.789 7
0240 pf 37 0.183 -0.188 0.262 3
0240 pf 38 0.724 0.110 0.733 5
0240 pf 39 0.500 0.079 0.506 5
0240 pf 40 0.537 -0.123 0.551 4
0240 pf 41 0.129 -0.249 0.280 3
0240 pf 42 0.354 -1.244 1.294 3
0240 pf 43 0.138 -0.602 0.617 3
0240 pf 44 0.129 0.648 0.660 6
0240 pf 45 0.517 0.136 0.535 5
0240 pf 46 0.968 -0.690 1.189 4
0240 pf 47 0.789 -0.151 0.804 4
0240 pf 48 1.283 -0.460 1.362 4
0240 pf 49 0.570 0.034 0.571 5
0240 pf 50 0.202 -0.569 0.603 3
0264 em 00 0.560 -0.180 0.589 4
0264 cf 00 0.481 -0.526 0.712 3
0264 pf 01 1.803 -0.512 1.874 4
0264 pf 02 -0.444 -0.146 0.468 1
0264 pf 03 0.310 -0.803 0.861 3
0264 pf 04 -0.024 0.155 0.157 7
0264 pf 05 -0.579 -0.490 0.759 1
0264 pf 06 0.102 -0.653 0.661 3
0264 pf 07 0.321 -0.527 0.617 3
0264 pf 08 0.354 -0.701 0.785 3
0264 pf 09 0.428 0.522 0.675 6
0264 pf 10 0.344 -0.553 0.651 3
0264 pf 11 -0.036 -0.026 0.045 1
0264 pf 12 1.226 -0.343 1.273 4
0264 pf 13 0.135 0.273 0.305 6
0264 pf 14 0.603 -0.172 0.627 4
0264 pf 15 0.467 0.438 0.640 5
0264 pf 16 0.976 0.243 1.006 5
0264 pf 17 1.220 0.303 1.257 5
0264 pf 18 0.051 0.219 0.225 6
0264 pf 19 0.032 -0.436 0.437 3
0264 pf 20 1.651 0.472 1.717 5
0264 pf 21 1.343 0.318 1.380 5
0264 pf 22 0.796 0.048 0.798 5
0264 pf 23 0.144 -0.554 0.572 3
0264 pf 24 -0.078 -0.011 0.078 1
0264 pf 25 0.772 -0.599 0.977 4
0264 pf 26 0.551 -0.007 0.551 4
0264 pf 27 0.409 -0.786 0.886 3
0264 pf 28 -0.221 -0.977 1.002 2
0264 pf 29 0.255 -1.828 1.846 3
0264 pf 30 1.243 -0.099 1.247 4
0264 pf 31 0.810 -0.624 1.022 4
0264 pf 32 1.228 0.331 1.272 5
0264 pf 33 0.649 0.090 0.655 5
0264 pf 34 0.219 -0.714 0.746 3
0264 pf 35 0.457 0.913 1.021 6
0264 pf 36 -0.132 0.792 0.803 7
0264 pf 37 0.332 -0.321 0.462 4
0264 pf 38 1.168 0.353 1.220 5
0264 pf 39 0.987 0.037 0.988 5
0264 pf 40 0.428 -0.201 0.473 4
0264 pf 41 0.097 -0.301 0.317 3
0264 pf 42 0.465 -1.479 1.551 3
0264 pf 43 0.543 -0.557 0.778 3
0264 pf 44 0.271 0.744 0.792 6
0264 pf 45 0.614 -0.110 0.624 4
0264 pf 46 0.992 -0.349 1.052 4
0264 pf 47 1.168 0.244 1.193 5
0264 pf 48 1.429 -0.274 1.455 4
0264 pf 49 0.628 0.183 0.655 5
0264 pf 50 0.696 -0.349 0.779 4
0288 em 00 0.799 -0.348 0.872 4
0288 cf 00 0.768 -0.758 1.079 4
0288 pf 01 2.231 -0.253 2.245 4
0288 pf 02 0.025 -0.636 0.636 3
0288 pf 03 0.609 -1.171 1.320 3
0288 pf 04 0.185 0.297 0.350 6
0288 pf 05 -0.341 -0.765 0.838 2
0288 pf 06 0.463 -0.923 1.032 3
0288 pf 07 0.648 -0.719 0.968 3
0288 pf 08 0.614 -1.201 1.349 3
0288 pf 09 0.707 0.184 0.730 5
0288 pf 10 0.609 -0.884 1.074 3
0288 pf 11 -0.021 -0.013 0.024 1
0288 pf 12 1.605 -0.854 1.818 4
0288 pf 13 0.303 0.329 0.447 6
0288 pf 14 0.657 -0.196 0.686 4
0288 pf 15 0.370 0.132 0.393 5
0288 pf 16 1.119 -0.151 1.129 4
0288 pf 17 1.475 0.340 1.514 5
0288 pf 18 0.232 -0.038 0.235 4
0288 pf 19 0.176 -0.798 0.817 3
0288 pf 20 1.874 0.267 1.893 5
0288 pf 21 1.504 0.172 1.514 5
0288 pf 22 0.732 -0.146 0.747 4
0288 pf 23 0.209 -0.554 0.592 3
0288 pf 24 0.111 -0.268 0.290 3
0288 pf 25 1.123 -0.809 1.384 4
0288 pf 26 0.942 -0.060 0.944 4
0288 pf 27 0.924 -0.738 1.183 4
0288 pf 28 0.056 -0.832 0.834 3
0288 pf 29 0.459 -2.275 2.320 3
0288 pf 30 1.506 -0.196 1.519 4
0288 pf 31 1.060 -0.983 1.446 4
0288 pf 32 1.504 0.310 1.536 5
0288 pf 33 0.934 -0.336 0.992 4
0288 pf 34 0.711 -0.901 1.148 3
0288 pf 35 0.745 1.074 1.308 6
0288 pf 36 0.296 0.703 0.763 6
0288 pf 37 0.453 -0.510 0.682 3
0288 pf 38 1.773 0.334 1.805 5
0288 pf 39 1.264 0.021 1.264 5
0288 pf 40 0.618 -0.434 0.755 4
0288 pf 41 0.371 -0.506 0.627 3
0288 pf 42 0.749 -1.306 1.505 3
0288 pf 43 0.833 -0.642 1.052 4
0288 pf 44 0.112 0.708 0.717 6
0288 pf 45 0.778 -0.292 0.831 4
0288 pf 46 1.274 -0.464 1.356 4
0288 pf 47 1.133 0.127 1.140 5
0288 pf 48 1.707 -0.365 1.746 4
0288 pf 49 0.830 0.069 0.833 5
0288 pf 50 0.870 -0.843 1.211 4
0312 em 00 0.993 -0.530 1.126 4
0312 cf 00 1.149 -0.968 1.502 4
0312 pf 01 2.304 -0.059 2.305 4
0312 pf 02 0.268 -0.965 1.002 3
0312 pf 03 0.913 -1.498 1.754 3
0312 pf 04 0.578 0.203 0.613 5
0312 pf 05 0.058 -1.328 1.330 3
0312 pf 06 0.589 -1.314 1.439 3
0312 pf 07 0.681 -0.924 1.148 3
0312 pf 08 0.986 -1.441 1.746 3
0312 pf 09 0.867 -0.202 0.890 4
0312 pf 10 0.858 -0.864 1.217 3
0312 pf 11 0.431 -0.367 0.567 4
0312 pf 12 1.825 -0.837 2.007 4
0312 pf 13 0.530 0.281 0.600 5
0312 pf 14 0.984 -0.616 1.160 4
0312 pf 15 0.332 -0.275 0.432 4
0312 pf 16 1.216 0.024 1.216 5
0312 pf 17 1.512 -0.091 1.514 4
0312 pf 18 0.240 -0.365 0.437 3
0312 pf 19 -0.042 -0.854 0.855 2
0312 pf 20 1.796 0.090 1.798 5
0312 pf 21 2.003 0.191 2.012 5
0312 pf 22 0.686 0.175 0.708 5
0312 pf 23 0.490 -0.579 0.759 3
0312 pf 24 0.382 -0.448 0.589 3
0312 pf 25 1.367 -0.866 1.618 4
0312 pf 26 1.377 -0.156 1.386 4
0312 pf 27 1.046 -0.779 1.304 4
0312 pf 28 0.312 -1.298 1.335 3
0312 pf 29 0.859 -2.866 2.992 3
0312 pf 30 1.737 0.085 1.740 5
0312 pf 31 1.310 -1.296 1.842 4
0312 pf 32 1.517 0.249 1.538 5
0312 pf 33 1.108 -0.605 1.262 4
0312 pf 34 0.802 -1.026 1.302 3
0312 pf 35 1.166 0.724 1.373 5
0312 pf 36 -0.100 0.240 0.260 7
0312 pf 37 0.771 -0.788 1.103 3
0312 pf 38 1.766 0.594 1.863 5
0312 pf 39 1.218 0.012 1.218 5
0312 pf 40 0.854 -0.587 1.037 4
0312 pf 41 0.598 -0.825 1.018 3
0312 pf 42 1.342 -1.511 2.022 3
0312 pf 43 1.010 -0.943 1.382 4
0312 pf 44 0.222 0.350 0.415 6
0312 pf 45 0.913 -0.883 1.270 4
0312 pf 46 1.493 -0.297 1.522 4
0312 pf 47 1.496 0.082 1.499 5
0312 pf 48 2.177 -0.361 2.206 4
0312 pf 49 0.946 -0.091 0.951 4
0312 pf 50 0.799 -1.030 1.304 3
0336 em 00 1.106 -0.663 1.290 4
0336 cf 00 1.546 -1.245 1.985 4
0336 pf 01 2.113 -0.169 2.120 4
0336 pf 02 0.478 -1.234 1.324 3
0336 pf 03 0.997 -1.743 2.008 3
0336 pf 04 0.683 0.344 0.765 5
0336 pf 05 0.703 -1.614 1.761 3
0336 pf 06 0.649 -1.421 1.563 3
0336 pf 07 0.827 -0.896 1.220 3
0336 pf 08 1.218 -1.502 1.933 3
0336 pf 09 0.906 -0.618 1.097 4
0336 pf 10 1.012 -0.809 1.296 4
0336 pf 11 0.817 -0.617 1.024 4
0336 pf 12 1.521 -0.738 1.691 4
0336 pf 13 0.465 0.304 0.556 5
0336 pf 14 1.345 -0.823 1.577 4
0336 pf 15 0.649 -0.387 0.756 4
0336 pf 16 1.530 0.215 1.545 5
0336 pf 17 1.436 -0.484 1.515 4
0336 pf 18 0.426 -0.689 0.810 3
0336 pf 19 0.063 -1.160 1.162 3
0336 pf 20 1.575 -0.107 1.578 4
0336 pf 21 2.248 0.238 2.260 5
0336 pf 22 1.039 0.431 1.124 5
0336 pf 23 0.584 -0.873 1.050 3
0336 pf 24 0.855 -0.433 0.958 4
0336 pf 25 1.191 -0.879 1.481 4
0336 pf 26 1.654 -0.344 1.689 4
0336 pf 27 1.431 -0.908 1.695 4
0336 pf 28 0.410 -1.956 1.998 3
0336 pf 29 1.508 -3.135 3.479 3
0336 pf 30 1.799 0.485 1.864 5
0336 pf 31 1.168 -1.537 1.930 3
0336 pf 32 1.456 0.058 1.457 5
0336 pf 33 1.253 -0.771 1.471 4
0336 pf 34 0.595 -1.006 1.169 3
0336 pf 35 1.175 0.373 1.232 5
0336 pf 36 -0.170 0.008 0.170 8
0336 pf 37 0.889 -0.718 1.142 4
0336 pf 38 1.506 0.663 1.646 5
0336 pf 39 1.097 0.085 1.100 5
0336 pf 40 0.972 -0.594 1.139 4
0336 pf 41 0.799 -1.231 1.468 3
0336 pf 42 1.868 -1.578 2.445 4
0336 pf 43 1.008 -1.065 1.466 3
0336 pf 44 0.025 -0.163 0.165 3
0336 pf 45 0.927 -1.133 1.464 3
0336 pf 46 1.628 -0.302 1.655 4
0336 pf 47 1.614 -0.076 1.616 4
0336 pf 48 2.379 -0.321 2.401 4
0336 pf 49 0.779 -0.271 0.825 4
0336 pf 50 0.922 -1.192 1.507 3
0360 em 00 1.255 -0.631 1.405 4
0360 cf 00 2.072 -1.245 2.418 4
0360 pf 01 2.096 0.030 2.096 5
0360 pf 02 0.746 -1.369 1.559 3
0360 pf 03 1.167 -1.636 2.010 3
0360 pf 04 0.682 0.255 0.728 5
0360 pf 05 1.435 -1.647 2.184 3
0360 pf 06 0.738 -1.397 1.580 3
0360 pf 07 0.884 -0.478 1.006 4
0360 pf 08 1.391 -1.650 2.158 3
0360 pf 09 1.146 -0.564 1.277 4
0360 pf 10 1.272 -0.647 1.427 4
0360 pf 11 1.110 -0.872 1.412 4
0360 pf 12 1.295 -0.386 1.351 4
0360 pf 13 0.454 -0.159 0.481 4
0360 pf 14 1.461 -0.773 1.653 4
0360 pf 15 0.988 -0.623 1.168 4
0360 pf 16 1.744 0.325 1.774 5
0360 pf 17 1.301 -0.674 1.465 4
0360 pf 18 0.654 -1.245 1.406 3
0360 pf 19 0.256 -1.299 1.324 3
0360 pf 20 1.567 -0.247 1.586 4
0360 pf 21 2.305 0.602 2.382 5
0360 pf 22 1.386 0.683 1.545 5
0360 pf 23 0.790 -1.172 1.413 3
0360 pf 24 1.444 -0.334 1.482 4
0360 pf 25 1.317 -0.944 1.621 4
0360 pf 26 1.794 -0.219 1.808 4
0360 pf 27 1.767 -0.667 1.889 4
0360 pf 28 0.555 -2.301 2.367 3
0360 pf 29 1.872 -3.143 3.658 3
0360 pf 30 1.812 0.786 1.975 5
0360 pf 31 1.747 -1.725 2.456 4
0360 pf 32 1.541 -0.175 1.551 4
0360 pf 33 1.563 -0.502 1.641 4
0360 pf 34 0.693 -0.663 0.959 4
0360 pf 35 1.188 0.323 1.231 5
0360 pf 36 -0.080 -0.189 0.206 2
0360 pf 37 1.071 -0.534 1.197 4
0360 pf 38 1.269 1.135 1.703 5
0360 pf 39 1.006 0.247 1.035 5
0360 pf 40 1.166 -0.330 1.212 4
0360 pf 41 1.050 -1.345 1.706 3
0360 pf 42 2.259 -1.165 2.542 4
0360 pf 43 0.853 -0.944 1.273 3
0360 pf 44 0.211 -0.486 0.530 3
0360 pf 45 0.922 -1.049 1.396 3
0360 pf 46 1.552 -0.226 1.568 4
0360 pf 47 1.564 0.336 1.600 5
0360 pf 48 2.200 -0.094 2.202 4
0360 pf 49 0.680 -0.497 0.842 4
0360 pf 50 1.131 -1.094 1.574 4
0384 em 00 1.381 -0.520 1.476 4
0384 cf 00 1.883 -1.223 2.245 4
0384 pf 01 2.144 0.428 2.186 5
0384 pf 02 1.090 -1.582 1.921 3
0384 pf 03 1.585 -1.431 2.135 4
0384 pf 04 0.995 0.201 1.015 5
0384 pf 05 1.812 -1.587 2.409 4
0384 pf 06 0.849 -1.475 1.702 3
0384 pf 07 1.329 -0.332 1.370 4
0384 pf 08 1.468 -1.541 2.128 3
0384 pf 09 1.137 -0.484 1.236 4
0384 pf 10 1.425 -0.414 1.484 4
0384 pf 11 1.392 -0.988 1.707 4
0384 pf 12 1.435 -0.179 1.446 4
0384 pf 13 0.169 -0.290 0.336 3
0384 pf 14 1.401 -0.647 1.544 4
0384 pf 15 1.288 -0.705 1.469 4
0384 pf 16 1.496 0.361 1.539 5
0384 pf 17 0.930 0.109 0.936 5
0384 pf 18 0.737 -1.339 1.528 3
0384 pf 19 0.665 -1.222 1.392 3
0384 pf 20 1.944 -0.293 1.966 4
0384 pf 21 2.320 0.954 2.508 5
0384 pf 22 1.452 0.923 1.721 5
0384 pf 23 0.905 -1.363 1.636 3
0384 pf 24 1.723 -0.383 1.765 4
0384 pf 25 1.767 -1.059 2.061 4
0384 pf 26 1.931 -0.018 1.931 4
0384 pf 27 1.955 -0.189 1.964 4
0384 pf 28 0.876 -2.545 2.691 3
0384 pf 29 2.420 -3.147 3.969 3
0384 pf 30 1.670 0.869 1.882 5
0384 pf 31 2.346 -1.756 2.930 4
0384 pf 32 1.307 -0.226 1.327 4
0384 pf 33 1.952 -0.174 1.960 4
0384 pf 34 0.598 -0.249 0.648 4
0384 pf 35 1.053 0.671 1.249 5
0384 pf 36 -0.250 -0.517 0.574 2
0384 pf 37 1.078 -0.257 1.108 4
0384 pf 38 0.984 1.332 1.656 6
0384 pf 39 1.074 0.400 1.146 5
0384 pf 40 1.513 -0.186 1.524 4
0384 pf 41 1.328 -1.287 1.849 4
0384 pf 42 2.348 -0.676 2.443 4
0384 pf 43 0.758 -0.552 0.938 4
0384 pf 44 0.338 -0.749 0.822 3
0384 pf 45 1.462 -1.164 1.869 4
0384 pf 46 1.202 0.050 1.203 5
0384 pf 47 1.639 0.750 1.803 5
0384 pf 48 2.164 0.240 2.177 5
0384 pf 49 0.708 -0.388 0.807 4
0384 pf 50 1.634 -1.057 1.946 4
0408 em 00 1.489 -0.282 1.515 4
0408 cf 00 1.979 -0.687 2.095 4
0408 pf 01 2.230 0.923 2.413 5
0408 pf 02 1.334 -1.322 1.878 4
0408 pf 03 1.940 -1.039 2.201 4
0408 pf 04 1.204 0.508 1.307 5
0408 pf 05 1.885 -1.153 2.210 4
0408 pf 06 1.059 -1.268 1.652 3
0408 pf 07 1.444 -0.121 1.449 4
0408 pf 08 1.335 -0.960 1.644 4
0408 pf 09 1.130 -0.188 1.146 4
0408 pf 10 1.593 -0.465 1.659 4
0408 pf 11 1.653 -0.782 1.828 4
0408 pf 12 1.696 -0.142 1.702 4
0408 pf 13 0.275 -0.158 0.317 4
0408 pf 14 1.391 -0.363 1.438 4
0408 pf 15 1.478 -0.532 1.571 4
0408 pf 16 1.560 0.831 1.767 5
0408 pf 17 0.829 0.379 0.912 5
0408 pf 18 0.992 -1.380 1.700 3
0408 pf 19 1.252 -0.972 1.585 4
0408 pf 20 2.159 -0.124 2.162 4
0408 pf 21 2.223 1.363 2.607 5
0408 pf 22 1.368 1.343 1.917 5
0408 pf 23 0.844 -1.528 1.745 3
0408 pf 24 1.503 -0.222 1.520 4
0408 pf 25 1.824 -0.617 1.925 4
0408 pf 26 2.176 0.165 2.182 5
0408 pf 27 2.067 -0.027 2.067 4
0408 pf 28 1.284 -2.421 2.740 3
0408 pf 29 2.844 -2.580 3.840 4
0408 pf 30 1.514 0.916 1.769 5
0408 pf 31 2.780 -1.390 3.108 4
0408 pf 32 0.830 -0.231 0.861 4
0408 pf 33 1.895 0.421 1.941 5
0408 pf 34 0.618 0.201 0.650 5
0408 pf 35 1.034 0.752 1.278 5
0408 pf 36 0.014 -0.708 0.709 3
0408 pf 37 1.101 -0.058 1.103 4
0408 pf 38 0.585 1.312 1.437 6
0408 pf 39 0.729 0.733 1.034 6
0408 pf 40 1.338 -0.074 1.340 4
0408 pf 41 1.610 -0.717 1.763 4
0408 pf 42 2.419 -0.456 2.462 4
0408 pf 43 0.994 -0.289 1.035 4
0408 pf 44 0.795 -0.744 1.088 4
0408 pf 45 1.958 -0.975 2.187 4
0408 pf 46 1.194 0.231 1.216 5
0408 pf 47 1.515 1.229 1.951 5
0408 pf 48 2.122 0.411 2.161 5
0408 pf 49 0.981 -0.367 1.047 4
0408 pf 50 2.242 -1.148 2.519 4
0432 em 00 1.551 -0.068 1.553 4
0432 cf 00 2.067 -0.355 2.097 4
0432 pf 01 2.491 1.286 2.803 5
0432 pf 02 1.714 -1.208 2.097 4
0432 pf 03 2.190 -0.629 2.279 4
0432 pf 04 1.324 0.473 1.406 5
0432 pf 05 1.687 -0.745 1.844 4
0432 pf 06 1.297 -0.579 1.421 4
0432 pf 07 1.463 0.030 1.463 5
0432 pf 08 1.494 -0.459 1.563 4
0432 pf 09 0.855 0.263 0.894 5
0432 pf 10 1.718 -0.740 1.871 4
0432 pf 11 1.944 -0.846 2.120 4
0432 pf 12 2.073 0.201 2.083 5
0432 pf 13 0.431 -0.178 0.467 4
0432 pf 14 1.151 -0.058 1.152 4
0432 pf 15 1.682 -0.087 1.684 4
0432 pf 16 1.533 1.421 2.090 5
0432 pf 17 0.691 0.493 0.849 5
0432 pf 18 1.091 -1.589 1.927 3
0432 pf 19 1.623 -0.812 1.815 4
0432 pf 20 2.441 0.117 2.444 5
0432 pf 21 1.775 1.732 2.480 5
0432 pf 22 1.301 1.630 2.086 6
0432 pf 23 1.135 -1.649 2.002 3
0432 pf 24 1.629 -0.212 1.643 4
0432 pf 25 2.125 -0.324 2.149 4
0432 pf 26 2.063 0.305 2.086 5
0432 pf 27 2.151 0.264 2.167 5
0432 pf 28 1.877 -2.032 2.766 3
0432 pf 29 2.855 -2.125 3.559 4
0432 pf 30 1.436 0.954 1.724 5
0432 pf 31 3.107 -0.913 3.238 4
0432 pf 32 0.869 0.142 0.880 5
0432 pf 33 1.538 0.721 1.699 5
0432 pf 34 0.583 0.264 0.640 5
0432 pf 35 0.986 0.652 1.182 5
0432 pf 36 0.172 -0.724 0.744 3
0432 pf 37 1.226 0.020 1.226 5
0432 pf 38 0.105 1.030 1.035 6
0432 pf 39 0.147 1.049 1.059 6
0432 pf 40 1.218 0.065 1.220 5
0432 pf 41 1.639 -0.390 1.685 4
0432 pf 42 2.317 0.185 2.324 5
0432 pf 43 1.020 -0.170 1.034 4
0432 pf 44 1.059 -0.562 1.199 4
0432 pf 45 2.204 -0.799 2.345 4
0432 pf 46 1.197 0.554 1.319 5
0432 pf 47 1.317 1.679 2.134 6
0432 pf 48 1.986 0.163 1.993 5
0432 pf 49 1.423 -0.292 1.453 4
0432 pf 50 2.616 -0.964 2.788 4
0456 em 00 1.515 0.168 1.524 5
0456 cf 00 2.035 0.004 2.035 5
0456 pf 01 2.548 1.984 3.230 5
0456 pf 02 1.728 -0.949 1.972 4
0456 pf 03 2.044 -0.019 2.044 4
0456 pf 04 1.331 0.554 1.442 5
0456 pf 05 1.517 -0.418 1.574 4
0456 pf 06 0.936 -0.533 1.077 4
0456 pf 07 1.273 0.188 1.287 5
0456 pf 08 1.406 -0.074 1.408 4
0456 pf 09 0.541 0.298 0.617 5
0456 pf 10 1.641 -0.485 1.711 4
0456 pf 11 1.975 -0.781 2.124 4
0456 pf 12 2.206 0.633 2.295 5
0456 pf 13 0.717 -0.105 0.725 4
0456 pf 14 1.108 0.467 1.202 5
0456 pf 15 2.070 0.134 2.074 5
0456 pf 16 1.504 1.628 2.217 6
0456 pf 17 0.665 0.140 0.680 5
0456 pf 18 1.107 -1.279 1.691 3
0456 pf 19 1.666 -0.814 1.854 4
0456 pf 20 2.643 0.281 2.658 5
0456 pf 21 1.418 2.058 2.500 6
0456 pf 22 1.361 1.587 2.090 6
0456 pf 23 1.293 -1.553 2.020 3
0456 pf 24 1.740 -0.001 1.740 4
0456 pf 25 2.257 0.148 2.262 5
0456 pf 26 1.947 0.598 2.036 5
0456 pf 27 1.859 0.523 1.931 5
0456 pf 28 2.237 -1.649 2.779 4
0456 pf 29 2.952 -1.703 3.408 4
0456 pf 30 1.109 1.016 1.504 5
0456 pf 31 3.178 -0.558 3.227 4
0456 pf 32 1.258 0.834 1.509 5
0456 pf 33 1.052 1.108 1.527 6
0456 pf 34 0.329 0.371 0.496 6
0456 pf 35 0.848 0.675 1.084 5
0456 pf 36 0.516 -0.769 0.926 3
0456 pf 37 1.394 0.430 1.459 5
0456 pf 38 -0.235 0.961 0.989 7
0456 pf 39 -0.247 1.472 1.493 7
0456 pf 40 0.957 0.081 0.960 5
0456 pf 41 1.759 -0.039 1.760 4
0456 pf 42 2.171 0.655 2.268 5
0456 pf 43 0.733 -0.054 0.735 4
0456 pf 44 1.255 -0.343 1.301 4
0456 pf 45 2.422 -0.631 2.503 4
0456 pf 46 1.324 0.433 1.393 5
0456 pf 47 0.987 2.095 2.316 6
0456 pf 48 1.871 0.087 1.873 5
0456 pf 49 1.440 0.125 1.445 5
0456 pf 50 2.430 -0.751 2.543 4
0480 em 00 1.371 0.396 1.427 5
0480 cf 00 1.589 0.222 1.604 5
0480 pf 01 2.140 2.227 3.089 6
0480 pf 02 1.638 -0.740 1.797 4
0480 pf 03 1.781 0.754 1.934 5
0480 pf 04 1.382 0.668 1.535 5
0480 pf 05 1.215 0.012 1.215 5
0480 pf 06 0.718 -0.375 0.810 4
0480 pf 07 0.838 0.493 0.972 5
0480 pf 08 1.639 0.061 1.641 5
0480 pf 09 0.213 0.278 0.350 6
0480 pf 10 1.277 -0.427 1.346 4
0480 pf 11 1.922 -0.693 2.043 4
0480 pf 12 2.131 0.975 2.343 5
0480 pf 13 0.666 0.014 0.666 5
0480 pf 14 1.007 0.756 1.259 5
0480 pf 15 2.320 0.352 2.346 5
0480 pf 16 1.151 1.796 2.133 6
0480 pf 17 0.516 0.186 0.548 5
0480 pf 18 1.195 -0.848 1.465 4
0480 pf 19 1.589 -0.771 1.766 4
0480 pf 20 2.607 0.890 2.755 5
0480 pf 21 1.019 1.859 2.120 6
0480 pf 22 1.095 1.510 1.865 6
0480 pf 23 1.540 -1.409 2.087 4
0480 pf 24 1.875 0.329 1.904 5
0480 pf 25 1.998 0.045 1.998 5
0480 pf 26 1.697 0.805 1.878 5
0480 pf 27 1.561 1.013 1.861 5
0480 pf 28 2.594 -1.129 2.829 4
0480 pf 29 2.690 -1.258 2.970 4
0480 pf 30 0.883 0.991 1.327 6
0480 pf 31 2.808 -0.059 2.809 4
0480 pf 32 1.235 0.963 1.567 5
0480 pf 33 0.594 1.455 1.572 6
0480 pf 34 0.338 0.680 0.760 6
0480 pf 35 0.551 0.467 0.722 5
0480 pf 36 0.456 -0.824 0.942 3
0480 pf 37 1.292 0.760 1.498 5
0480 pf 38 -0.401 0.729 0.832 7
0480 pf 39 -0.665 1.800 1.919 7
0480 pf 40 0.799 0.264 0.841 5
0480 pf 41 1.502 0.267 1.525 5
0480 pf 42 1.768 1.057 2.060 5
0480 pf 43 0.423 0.394 0.578 5
0480 pf 44 1.204 -0.021 1.204 4
0480 pf 45 2.342 -0.149 2.346 4
0480 pf 46 1.503 0.714 1.664 5
0480 pf 47 0.300 2.304 2.323 6
0480 pf 48 1.970 0.052 1.970 5
0480 pf 49 1.840 0.275 1.861 5
0480 pf 50 2.564 -0.147 2.568 4
0504 em 00 1.158 0.613 1.310 5
0504 cf 00 1.074 0.447 1.163 5
0504 pf 01 1.115 2.453 2.695 6
0504 pf 02 0.967 -0.497 1.088 4
0504 pf 03 1.021 1.245 1.611 6
0504 pf 04 1.233 0.814 1.478 5
0504 pf 05 0.883 0.334 0.944 5
0504 pf 06 0.787 -0.201 0.813 4
0504 pf 07 0.247 0.323 0.407 6
0504 pf 08 1.258 0.081 1.260 5
0504 pf 09 -0.265 0.007 0.265 8
0504 pf 10 1.144 -0.638 1.310 4
0504 pf 11 1.900 -0.274 1.920 4
0504 pf 12 2.155 1.053 2.398 5
0504 pf 13 0.469 0.264 0.538 5
0504 pf 14 0.606 0.710 0.933 6
0504 pf 15 2.229 0.277 2.246 5
0504 pf 16 1.014 1.983 2.227 6
0504 pf 17 0.320 0.215 0.385 5
0504 pf 18 1.465 -0.091 1.467 4
0504 pf 19 1.693 -0.486 1.761 4
0504 pf 20 1.987 1.385 2.422 5
0504 pf 21 1.214 1.685 2.077 6
0504 pf 22 0.712 1.404 1.575 6
0504 pf 23 1.813 -1.177 2.162 4
0504 pf 24 1.493 0.751 1.671 5
0504 pf 25 1.667 0.204 1.679 5
0504 pf 26 1.168 1.328 1.768 6
0504 pf 27 1.003 1.853 2.107 6
0504 pf 28 2.772 -0.776 2.878 4
0504 pf 29 2.410 -0.502 2.461 4
0504 pf 30 0.597 0.950 1.122 6
0504 pf 31 2.344 0.446 2.386 5
0504 pf 32 1.156 1.106 1.600 5
0504 pf 33 0.143 1.942 1.947 6
0504 pf 34 0.505 0.866 1.003 6
0504 pf 35 0.581 0.452 0.736 5
0504 pf 36 0.561 -0.616 0.833 3
0504 pf 37 1.468 0.823 1.683 5
0504 pf 38 -0.375 0.501 0.625 7
0504 pf 39 -0.978 1.848 2.091 7
0504 pf 40 0.716 0.286 0.771 5
0504 pf 41 1.221 0.335 1.266 5
0504 pf 42 1.493 1.290 1.974 5
0504 pf 43 0.111 0.730 0.739 6
0504 pf 44 1.069 0.060 1.071 5
0504 pf 45 2.122 0.283 2.140 5
0504 pf 46 1.891 1.144 2.210 5
0504 pf 47 -0.346 2.398 2.423 7
0504 pf 48 2.044 0.146 2.049 5
0504 pf 49 1.729 0.812 1.911 5
0504 pf 50 2.505 0.425 2.541 5
0528 em 00 1.059 0.747 1.297 5
0528 cf 00 0.853 0.793 1.164 5
0528 pf 01 0.442 2.693 2.729 6
0528 pf 02 0.461 -0.240 0.520 4
0528 pf 03 0.767 1.111 1.350 6
0528 pf 04 1.249 0.782 1.473 5
0528 pf 05 0.583 0.449 0.736 5
0528 pf 06 0.801 -0.394 0.892 4
0528 pf 07 -0.247 0.246 0.348 8
0528 pf 08 0.912 0.119 0.920 5
0528 pf 09 -0.653 -0.094 0.660 1
0528 pf 10 1.324 -0.660 1.479 4
0528 pf 11 1.839 0.146 1.845 5
0528 pf 12 2.229 1.100 2.486 5
0528 pf 13 0.375 0.589 0.698 6
0528 pf 14 0.258 0.900 0.936 6
0528 pf 15 2.012 0.375 2.047 5
0528 pf 16 1.172 2.073 2.381 6
0528 pf 17 0.257 0.166 0.306 5
0528 pf 18 1.893 0.246 1.909 5
0528 pf 19 1.801 -0.394 1.843 4
0528 pf 20 1.612 1.633 2.295 6
0528 pf 21 1.279 1.153 1.722 5
0528 pf 22 0.298 1.540 1.569 6
0528 pf 23 1.855 -0.712 1.987 4
0528 pf 24 1.015 1.175 1.553 6
0528 pf 25 1.674 0.913 1.907 5
0528 pf 26 0.921 1.752 1.979 6
0528 pf 27 0.706 2.251 2.359 6
0528 pf 28 2.870 -0.551 2.922 4
0528 pf 29 2.305 -0.054 2.306 4
0528 pf 30 0.810 0.994 1.282 6
0528 pf 31 2.324 0.775 2.450 5
0528 pf 32 1.318 1.531 2.020 6
0528 pf 33 -0.073 1.759 1.760 7
0528 pf 34 0.525 1.025 1.152 6
0528 pf 35 0.709 0.290 0.766 5
0528 pf 36 0.449 -0.455 0.639 3
0528 pf 37 1.480 0.569 1.586 5
0528 pf 38 -0.255 0.241 0.351 8
0528 pf 39 -1.136 1.532 1.907 7
0528 pf 40 0.751 0.006 0.751 5
0528 pf 41 1.320 0.294 1.352 5
0528 pf 42 1.666 1.472 2.223 5
0528 pf 43 -0.202 0.630 0.662 7
0528 pf 44 1.089 0.324 1.136 5
0528 pf 45 1.636 0.546 1.724 5
0528 pf 46 2.284 1.419 2.688 5
0528 pf 47 -0.260 2.147 2.163 7
0528 pf 48 2.096 0.375 2.129 5
0528 pf 49 1.226 1.236 1.741 6
0528 pf 50 2.529 1.304 2.846 5
0552 em 00 0.966 0.832 1.275 5
0552 cf 00 0.594 0.876 1.058 6
0552 pf 01 0.194 2.761 2.768 6
0552 pf 02 0.120 -0.287 0.311 3
0552 pf 03 0.355 1.314 1.361 6
0552 pf 04 1.260 0.743 1.462 5
0552 pf 05 0.287 0.531 0.604 6
0552 pf 06 0.662 -0.458 0.805 4
0552 pf 07 -0.329 -0.079 0.338 1
0552 pf 08 1.017 0.322 1.066 5
0552 pf 09 -0.835 -0.302 0.888 1
0552 pf 10 1.236 -0.354 1.286 4
0552 pf 11 2.116 0.230 2.128 5
0552 pf 12 2.252 0.943 2.442 5
0552 pf 13 0.032 0.971 0.971 6
0552 pf 14 0.069 1.227 1.229 6
0552 pf 15 1.582 0.570 1.682 5
0552 pf 16 1.271 2.076 2.434 6
0552 pf 17 0.519 -0.064 0.523 4
0552 pf 18 2.121 0.671 2.224 5
0552 pf 19 1.662 -0.532 1.745 4
0552 pf 20 0.986 1.608 1.887 6
0552 pf 21 1.465 1.144 1.859 5
0552 pf 22 0.132 1.454 1.460 6
0552 pf 23 1.842 -0.286 1.864 4
0552 pf 24 0.772 1.401 1.600 6
0552 pf 25 1.639 1.274 2.076 5
0552 pf 26 0.442 1.932 1.982 6
0552 pf 27 0.440 2.411 2.451 6
0552 pf 28 2.697 -0.152 2.702 4
0552 pf 29 1.975 -0.063 1.976 4
0552 pf 30 0.868 0.606 1.058 5
0552 pf 31 2.299 0.917 2.475 5
0552 pf 32 1.492 1.583 2.175 6
0552 pf 33 -0.017 1.288 1.288 7
0552 pf 34 0.187 1.242 1.256 6
0552 pf 35 0.661 0.393 0.769 5
0552 pf 36 0.663 -0.258 0.711 4
0552 pf 37 1.395 0.303 1.427 5
0552 pf 38 0.156 0.204 0.257 6
0552 pf 39 -0.718 1.441 1.610 7
0552 pf 40 0.668 -0.030 0.669 4
0552 pf 41 1.021 0.325 1.072 5
0552 pf 42 1.428 1.727 2.241 6
0552 pf 43 -0.313 0.326 0.452 7
0552 pf 44 1.188 0.794 1.429 5
0552 pf 45 1.452 1.024 1.777 5
0552 pf 46 2.547 1.723 3.075 5
0552 pf 47 -0.328 1.920 1.948 7
0552 pf 48 1.952 0.307 1.976 5
0552 pf 49 0.697 1.586 1.732 6
0552 pf 50 2.544 1.953 3.207 5
0576 em 00 0.797 0.879 1.186 6
0576 cf 00 0.697 0.609 0.925 5
0576 pf 01 0.127 2.704 2.707 6
0576 pf 02 0.129 -0.089 0.157 4
0576 pf 03 -0.004 1.096 1.096 7
0576 pf 04 1.322 0.657 1.477 5
0576 pf 05 0.169 0.278 0.325 6
0576 pf 06 0.322 -0.506 0.600 3
0576 pf 07 -0.487 -0.350 0.600 1
0576 pf 08 1.062 0.571 1.206 5
0576 pf 09 -0.939 -0.261 0.974 1
0576 pf 10 0.888 -0.099 0.893 4
0576 pf 11 2.171 0.473 2.222 5
0576 pf 12 1.806 0.789 1.971 5
0576 pf 13 -0.182 1.079 1.094 7
0576 pf 14 0.058 1.362 1.363 6
0576 pf 15 1.430 0.819 1.648 5
0576 pf 16 1.101 2.258 2.512 6
0576 pf 17 0.537 -0.361 0.647 4
0576 pf 18 2.065 0.724 2.188 5
0576 pf 19 1.683 -0.310 1.711 4
0576 pf 20 0.258 1.604 1.624 6
0576 pf 21 1.228 1.320 1.803 6
0576 pf 22 0.035 1.563 1.564 6
0576 pf 23 1.825 0.041 1.826 5
0576 pf 24 0.840 1.519 1.736 6
0576 pf 25 1.376 1.284 1.882 5
0576 pf 26 -0.032 1.747 1.747 7
0576 pf 27 0.134 2.482 2.486 6
0576 pf 28 2.527 0.202 2.535 5
0576 pf 29 1.813 0.083 1.815 5
0576 pf 30 0.822 0.656 1.052 5
0576 pf 31 2.209 1.228 2.527 5
0576 pf 32 1.164 1.511 1.907 6
0576 pf 33 0.010 1.250 1.250 6
0576 pf 34 -0.222 1.082 1.105 7
0576 pf 35 0.462 0.673 0.816 6
0576 pf 36 1.000 -0.202 1.020 4
0576 pf 37 1.255 0.763 1.468 5
0576 pf 38 0.255 0.184 0.315 5
0576 pf 39 -0.732 1.022 1.257 7
0576 pf 40 0.457 -0.001 0.457 4
0576 pf 41 0.608 0.509 0.793 5
0576 pf 42 1.368 1.889 2.332 6
0576 pf 43 -0.269 0.101 0.287 8
0576 pf 44 0.830 1.218 1.474 6
0576 pf 45 1.477 1.089 1.835 5
0576 pf 46 2.282 1.580 2.776 5
0576 pf 47 -0.696 1.406 1.569 7
0576 pf 48 1.463 0.301 1.493 5
0576 pf 49 0.147 1.866 1.872 6
0576 pf 50 2.113 2.212 3.059 6
0600 em 00 0.615 0.872 1.067 6
0600 cf 00 0.840 0.485 0.970 5
0600 pf 01 -0.151 2.632 2.637 7
0600 pf 02 -0.114 -0.087 0.143 1
0600 pf 03 -0.143 0.951 0.962 7
0600 pf 04 1.136 0.742 1.357 5
0600 pf 05 0.152 0.097 0.180 5
0600 pf 06 0.262 -0.493 0.559 3
0600 pf 07 -0.607 -0.652 0.891 2
0600 pf 08 1.016 0.653 1.208 5
0600 pf 09 -0.917 -0.246 0.950 1
0600 pf 10 0.795 0.096 0.801 5
0600 pf 11 2.119 0.542 2.187 5
0600 pf 12 1.593 0.468 1.661 5
0600 pf 13 -0.265 0.917 0.954 7
0600 pf 14 -0.070 1.086 1.088 7
0600 pf 15 1.089 0.779 1.339 5
0600 pf 16 1.223 2.239 2.551 6
0600 pf 17 0.476 -0.410 0.628 4
0600 pf 18 1.786 0.943 2.020 5
0600 pf 19 1.462 -0.206 1.477 4
0600 pf 20 -0.080 1.716 1.718 7
0600 pf 21 0.916 1.709 1.939 6
0600 pf 22 -0.260 0.966 1.000 7
0600 pf 23 1.695 0.328 1.727 5
0600 pf 24 0.935 1.572 1.829 6
0600 pf 25 1.077 1.274 1.668 6
0600 pf 26 -0.597 1.507 1.621 7
0600 pf 27 -0.426 2.491 2.528 7
0600 pf 28 2.412 0.140 2.416 5
0600 pf 29 1.695 0.475 1.761 5
0600 pf 30 0.778 0.839 1.144 6
0600 pf 31 1.783 1.580 2.382 5
0600 pf 32 0.438 1.255 1.329 6
0600 pf 33 0.013 1.083 1.084 6
0600 pf 34 -0.437 1.218 1.294 7
0600 pf 35 0.633 0.853 1.062 6
0600 pf 36 1.257 0.166 1.268 5
0600 pf 37 0.830 0.646 1.052 5
0600 pf 38 0.201 0.216 0.295 6
0600 pf 39 -0.886 0.656 1.102 8
0600 pf 40 0.341 -0.112 0.359 4
0600 pf 41 0.481 0.440 0.652 5
0600 pf 42 1.004 2.190 2.409 6
0600 pf 43 -0.326 0.292 0.437 8
0600 pf 44 0.751 1.125 1.353 6
0600 pf 45 1.492 1.018 1.806 5
0600 pf 46 2.065 1.731 2.695 5
0600 pf 47 -0.593 0.985 1.150 7
0600 pf 48 1.088 0.379 1.152 5
0600 pf 49 -0.443 1.777 1.832 7
0600 pf 50 1.384 2.187 2.588 6
0624 em 00 0.513 0.833 0.978 6
0624 cf 00 0.971 0.569 1.125 5
0624 pf 01 -0.539 2.549 2.606 7
0624 pf 02 0.075 -0.083 0.112 3
0624 pf 03 -0.363 0.728 0.813 7
0624 pf 04 0.622 0.943 1.129 6
0624 pf 05 0.272 0.198 0.337 5
0624 pf 06 0.459 -0.634 0.782 3
0624 pf 07 -0.468 -0.724 0.862 2
0624 pf 08 1.116 0.647 1.290 5
0624 pf 09 -0.721 -0.667 0.982 1
0624 pf 10 0.656 0.153 0.674 5
0624 pf 11 1.897 0.774 2.049 5
0624 pf 12 1.740 0.018 1.740 5
0624 pf 13 -0.347 0.677 0.761 7
0624 pf 14 -0.463 0.531 0.705 7
0624 pf 15 0.919 0.700 1.156 5
0624 pf 16 1.057 1.987 2.251 6
0624 pf 17 0.575 -0.276 0.637 4
0624 pf 18 1.460 1.098 1.826 5
0624 pf 19 1.727 -0.183 1.737 4
0624 pf 20 -0.106 1.768 1.771 7
0624 pf 21 0.678 1.656 1.790 6
0624 pf 22 -0.443 0.690 0.820 7
0624 pf 23 1.384 0.958 1.683 5
0624 pf 24 1.144 1.806 2.137 6
0624 pf 25 0.679 1.304 1.470 6
0624 pf 26 -0.894 0.975 1.322 7
0624 pf 27 -0.537 2.371 2.431 7
0624 pf 28 2.491 0.253 2.504 5
0624 pf 29 2.047 0.535 2.116 5
0624 pf 30 0.973 0.880 1.312 5
0624 pf 31 1.233 2.010 2.358 6
0624 pf 32 0.094 1.076 1.080 6
0624 pf 33 0.050 1.254 1.255 6
0624 pf 34 -0.293 1.000 1.042 7
0624 pf 35 0.573 0.805 0.988 6
0624 pf 36 0.973 0.247 1.004 5
0624 pf 37 0.704 0.537 0.886 5
0624 pf 38 -0.091 0.291 0.305 7
0624 pf 39 -0.914 0.404 1.000 8
0624 pf 40 0.421 -0.310 0.523 4
0624 pf 41 -0.044 0.319 0.322 7
0624 pf 42 0.454 1.888 1.942 6
0624 pf 43 -0.129 0.354 0.377 7
0624 pf 44 0.782 1.299 1.516 6
0624 pf 45 1.287 0.979 1.617 5
0624 pf 46 1.853 2.235 2.904 6
0624 pf 47 -0.375 0.780 0.866 7
0624 pf 48 1.004 0.635 1.189 5
0624 pf 49 -0.915 1.368 1.646 7
0624 pf 50 1.147 1.884 2.206 6
0648 em 00 0.441 0.799 0.912 6
0648 cf 00 1.131 0.622 1.291 5
0648 pf 01 -0.829 2.508 2.642 7
0648 pf 02 0.390 -0.025 0.391 4
0648 pf 03 -0.552 0.443 0.708 8
0648 pf 04 0.264 0.939 0.976 6
0648 pf 05 0.246 0.436 0.501 6
0648 pf 06 0.913 -0.742 1.176 4
0648 pf 07 0.114 -0.520 0.532 3
0648 pf 08 1.239 0.388 1.298 5
0648 pf 09 -0.420 -1.126 1.202 2
0648 pf 10 0.496 0.205 0.536 5
0648 pf 11 1.685 0.712 1.830 5
0648 pf 12 1.691 -0.194 1.702 4
0648 pf 13 -0.208 0.533 0.572 7
0648 pf 14 -0.671 0.066 0.674 8
0648 pf 15 0.729 0.611 0.951 5
0648 pf 16 0.679 1.776 1.902 6
0648 pf 17 0.845 0.046 0.847 5
0648 pf 18 1.084 1.310 1.700 6
0648 pf 19 2.041 -0.211 2.052 4
0648 pf 20 -0.365 1.653 1.693 7
0648 pf 21 0.333 1.882 1.911 6
0648 pf 22 -0.707 0.372 0.799 8
0648 pf 23 0.838 1.348 1.587 6
0648 pf 24 1.128 2.050 2.340 6
0648 pf 25 0.666 1.335 1.492 6
0648 pf 26 -0.813 0.749 1.105 8
0648 pf 27 -0.543 2.142 2.210 7
0648 pf 28 2.370 0.503 2.423 5
0648 pf 29 2.329 0.566 2.396 5
0648 pf 30 1.079 1.013 1.480 5
0648 pf 31 0.764 2.489 2.604 6
0648 pf 32 -0.088 0.950 0.954 7
0648 pf 33 0.148 1.190 1.199 6
0648 pf 34 -0.100 0.901 0.907 7
0648 pf 35 0.486 0.677 0.833 6
0648 pf 36 0.744 0.444 0.866 5
0648 pf 37 0.784 0.326 0.849 5
0648 pf 38 0.084 0.390 0.399 6
0648 pf 39 -0.659 0.335 0.740 8
0648 pf 40 0.234 -0.328 0.403 3
0648 pf 41 -0.141 0.148 0.204 7
0648 pf 42 -0.041 1.878 1.878 7
0648 pf 43 -0.239 0.428 0.491 7
0648 pf 44 0.488 1.115 1.218 6
0648 pf 45 0.981 1.050 1.437 6
0648 pf 46 1.538 2.460 2.901 6
0648 pf 47 -0.429 0.810 0.916 7
0648 pf 48 0.723 0.438 0.846 5
0648 pf 49 -1.241 0.979 1.580 8
0648 pf 50 1.064 1.586 1.910 6
0672 em 00 0.368 0.739 0.826 6
0672 cf 00 1.029 0.745 1.270 5
0672 pf 01 -0.975 2.411 2.601 7
0672 pf 02 0.418 0.140 0.441 5
0672 pf 03 -0.526 0.211 0.566 8
0672 pf 04 0.107 0.625 0.634 6
0672 pf 05 0.437 0.669 0.799 6
0672 pf 06 0.853 -0.582 1.033 4
0672 pf 07 0.271 -0.418 0.498 3
0672 pf 08 1.002 0.012 1.002 5
0672 pf 09 -0.224 -1.472 1.489 2
0672 pf 10 0.079 -0.130 0.152 3
0672 pf 11 1.433 0.621 1.561 5
0672 pf 12 1.624 -0.177 1.634 4
0672 pf 13 -0.069 0.205 0.216 7
0672 pf 14 -0.858 -0.290 0.906 1
0672 pf 15 0.923 0.369 0.994 5
0672 pf 16 0.404 1.489 1.543 6
0672 pf 17 1.346 0.457 1.422 5
0672 pf 18 0.724 1.258 1.451 6
0672 pf 19 2.094 -0.369 2.126 4
0672 pf 20 -0.352 1.399 1.442 7
0672 pf 21 0.171 1.837 1.845 6
0672 pf 22 -0.771 0.444 0.890 8
0672 pf 23 0.962 1.616 1.881 6
0672 pf 24 0.744 2.067 2.197 6
0672 pf 25 0.797 1.442 1.648 6
0672 pf 26 -0.730 0.734 1.035 7
0672 pf 27 -0.567 1.821 1.908 7
0672 pf 28 2.267 0.629 2.353 5
0672 pf 29 2.203 0.707 2.314 5
0672 pf 30 1.506 1.093 1.861 5
0672 pf 31 0.445 2.529 2.568 6
0672 pf 32 -0.149 0.868 0.881 7
0672 pf 33 0.182 1.134 1.149 6
0672 pf 34 0.254 0.583 0.636 6
0672 pf 35 0.427 0.829 0.933 6
0672 pf 36 0.744 0.766 1.068 6
0672 pf 37 0.702 0.436 0.826 5
0672 pf 38 0.083 0.492 0.499 6
0672 pf 39 -0.471 0.242 0.529 8
0672 pf 40 0.122 -0.681 0.692 3
0672 pf 41 0.260 0.078 0.272 5
0672 pf 42 -0.428 2.011 2.056 7
0672 pf 43 -0.753 0.756 1.067 7
0672 pf 44 0.185 1.092 1.108 6
0672 pf 45 0.959 0.743 1.213 5
0672 pf 46 0.762 2.366 2.485 6
0672 pf 47 -0.725 0.687 0.998 8
0672 pf 48 0.471 0.295 0.556 5
0672 pf 49 -1.227 0.936 1.543 8
0672 pf 50 0.539 1.027 1.160 6
0696 em 00 0.294 0.652 0.715 6
0696 cf 00 0.852 0.829 1.189 5
0696 pf 01 -0.913 2.312 2.486 7
0696 pf 02 0.580 0.041 0.581 5
0696 pf 03 -0.477 -0.084 0.484 1
0696 pf 04 0.187 0.156 0.243 5
0696 pf 05 0.454 0.694 0.829 6
0696 pf 06 0.804 -0.298 0.858 4
0696 pf 07 0.650 -0.245 0.695 4
0696 pf 08 0.992 -0.096 0.996 4
0696 pf 09 -0.003 -1.652 1.652 2
0696 pf 10 -0.130 -0.394 0.415 2
0696 pf 11 1.527 0.448 1.591 5
0696 pf 12 1.426 -0.152 1.434 4
0696 pf 13 -0.362 -0.019 0.362 1
0696 pf 14 -0.750 -0.639 0.985 1
0696 pf 15 1.004 -0.041 1.005 4
0696 pf 16 0.102 1.266 1.270 6
0696 pf 17 1.278 0.552 1.392 5
0696 pf 18 0.127 0.834 0.843 6
0696 pf 19 1.980 -0.116 1.984 4
0696 pf 20 0.114 1.112 1.118 6
0696 pf 21 0.104 1.987 1.990 6
0696 pf 22 -0.935 0.386 1.011 8
0696 pf 23 0.918 1.628 1.869 6
0696 pf 24 0.791 2.253 2.388 6
0696 pf 25 0.765 1.712 1.875 6
0696 pf 26 -0.650 0.758 0.998 7
0696 pf 27 -0.747 1.579 1.747 7
0696 pf 28 2.251 0.484 2.302 5
0696 pf 29 1.932 1.151 2.249 5
0696 pf 30 1.431 1.322 1.948 5
0696 pf 31 0.488 2.090 2.147 6
0696 pf 32 -0.226 0.503 0.551 7
0696 pf 33 0.352 0.987 1.048 6
0696 pf 34 0.373 0.296 0.477 5
0696 pf 35 -0.106 1.148 1.153 7
0696 pf 36 0.715 0.700 1.001 5
0696 pf 37 0.731 0.882 1.145 6
0696 pf 38 -0.065 0.505 0.509 7
0696 pf 39 -0.484 0.013 0.484 8
0696 pf 40 0.109 -0.872 0.879 3
0696 pf 41 0.519 -0.035 0.520 4
0696 pf 42 -0.882 1.818 2.021 7
0696 pf 43 -1.144 1.013 1.528 8
0696 pf 44 -0.167 1.065 1.078 7
0696 pf 45 0.992 0.535 1.127 5
0696 pf 46 0.177 1.731 1.740 6
0696 pf 47 -0.902 0.490 1.026 8
0696 pf 48 0.204 0.002 0.204 5
0696 pf 49 -0.935 0.798 1.230 8
0696 pf 50 -0.133 0.914 0.924 7
0720 em 00 0.228 0.564 0.608 6
0720 cf 00 0.964 0.767 1.232 5
0720 pf 01 -0.764 2.045 2.183 7
0720 pf 02 0.580 0.099 0.589 5
0720 pf 03 -0.228 -0.474 0.526 2
0720 pf 04 0.515 -0.321 0.607 4
0720 pf 05 0.545 0.854 1.013 6
0720 pf 06 0.802 -0.105 0.809 4
0720 pf 07 1.082 -0.195 1.100 4
0720 pf 08 1.042 -0.424 1.125 4
0720 pf 09 0.265 -1.672 1.693 3
0720 pf 10 -0.264 -0.612 0.666 2
0720 pf 11 1.517 0.432 1.578 5
0720 pf 12 1.036 0.350 1.094 5
0720 pf 13 -0.854 -0.181 0.873 1
0720 pf 14 -0.571 -0.783 0.969 2
0720 pf 15 0.906 -0.351 0.971 4
0720 pf 16 -0.188 1.320 1.333 7
0720 pf 17 1.162 0.751 1.384 5
0720 pf 18 -0.079 0.525 0.531 7
0720 pf 19 2.017 0.195 2.027 5
0720 pf 20 0.255 1.043 1.074 6
0720 pf 21 0.185 2.259 2.267 6
0720 pf 22 -1.130 0.147 1.139 8
0720 pf 23 0.823 1.258 1.503 6
0720 pf 24 0.641 2.551 2.631 6
0720 pf 25 0.411 1.999 2.041 6
0720 pf 26 -0.465 0.512 0.692 7
0720 pf 27 -1.196 1.482 1.905 7
0720 pf 28 2.248 0.329 2.272 5
0720 pf 29 1.684 1.145 2.036 5
0720 pf 30 1.316 1.830 2.254 6
0720 pf 31 0.033 1.555 1.556 6
0720 pf 32 -0.562 0.415 0.699 8
0720 pf 33 0.006 0.817 0.817 6
0720 pf 34 0.224 0.219 0.313 5
0720 pf 35 -0.465 1.348 1.425 7
0720 pf 36 0.288 0.635 0.697 6
0720 pf 37 0.812 0.912 1.221 6
0720 pf 38 0.156 0.240 0.286 6
0720 pf 39 -0.676 -0.397 0.784 1
0720 pf 40 0.184 -0.683 0.707 3
0720 pf 41 0.728 -0.140 0.741 4
0720 pf 42 -0.767 1.552 1.732 7
0720 pf 43 -1.357 0.477 1.438 8
0720 pf 44 -0.217 1.046 1.068 7
0720 pf 45 1.423 0.716 1.593 5
0720 pf 46 -0.148 1.247 1.256 7
0720 pf 47 -1.303 0.166 1.314 8
0720 pf 48 0.136 -0.121 0.183 4
0720 pf 49 -0.709 0.910 1.154 7
0720 pf 50 -0.415 0.255 0.487 8
0744 em 00 0.203 0.495 0.535 6
0744 cf 00 1.241 0.617 1.386 5
0744 pf 01 -0.884 1.296 1.568 7
0744 pf 02 1.010 0.006 1.010 5
0744 pf 03 0.391 -0.673 0.779 3
0744 pf 04 1.032 -0.401 1.107 4
0744 pf 05 0.341 0.834 0.901 6
0744 pf 06 0.467 0.297 0.554 5
0744 pf 07 1.021 -0.194 1.039 4
0744 pf 08 1.024 -0.843 1.326 4
0744 pf 09 0.678 -1.646 1.780 3
0744 pf 10 -0.288 -0.687 0.744 2
0744 pf 11 1.753 0.635 1.864 5
0744 pf 12 0.440 0.430 0.615 5
0744 pf 13 -0.890 -0.204 0.913 1
0744 pf 14 -0.189 -0.913 0.932 2
0744 pf 15 1.203 -0.286 1.236 4
0744 pf 16 -0.400 1.441 1.496 7
0744 pf 17 1.181 1.122 1.629 5
0744 pf 18 -0.119 0.129 0.175 7
0744 pf 19 1.817 0.446 1.871 5
0744 pf 20 0.260 0.891 0.928 6
0744 pf 21 0.034 2.351 2.352 6
0744 pf 22 -0.992 -0.112 0.998 1
0744 pf 23 0.552 1.261 1.377 6
0744 pf 24 0.327 2.505 2.527 6
0744 pf 25 0.587 1.947 2.033 6
0744 pf 26 -0.044 0.241 0.245 7
0744 pf 27 -1.384 1.109 1.773 8
0744 pf 28 2.326 0.478 2.375 5
0744 pf 29 1.846 1.027 2.113 5
0744 pf 30 0.944 2.533 2.703 6
0744 pf 31 -0.543 1.163 1.283 7
0744 pf 32 -0.985 0.064 0.987 8
0744 pf 33 -0.432 0.747 0.863 7
0744 pf 34 -0.021 0.160 0.161 7
0744 pf 35 -0.792 1.032 1.301 7
0744 pf 36 0.021 0.740 0.740 6
0744 pf 37 0.944 1.190 1.519 6
0744 pf 38 0.246 -0.187 0.309 4
0744 pf 39 -0.920 -0.470 1.033 1
0744 pf 40 0.199 -0.420 0.465 3
0744 pf 41 0.866 0.044 0.867 5
0744 pf 42 -0.598 1.576 1.685 7
0744 pf 43 -1.603 0.041 1.604 8
0744 pf 44 0.085 1.090 1.094 6
0744 pf 45 1.718 1.042 2.010 5
0744 pf 46 -0.799 1.110 1.368 7
0744 pf 47 -1.157 -0.431 1.235 1
0744 pf 48 0.067 -0.428 0.434 3
0744 pf 49 -0.845 0.758 1.135 8
0744 pf 50 -0.369 0.133 0.393 8
0768 em 00 0.168 0.424 0.456 6
0768 cf 00 1.124 0.622 1.284 5
0768 pf 01 -0.811 0.553 0.981 8
0768 pf 02 0.856 -0.005 0.856 4
0768 pf 03 0.669 -0.816 1.055 3
0768 pf 04 1.316 0.011 1.316 5
0768 pf 05 0.431 0.873 0.974 6
0768 pf 06 -0.124 0.330 0.353 7
0768 pf 07 0.909 0.144 0.920 5
0768 pf 08 0.864 -1.015 1.332 3
0768 pf 09 1.138 -1.397 1.802 3
0768 pf 10 -0.266 -0.871 0.911 2
0768 pf 11 1.783 1.137 2.115 5
0768 pf 12 -0.027 0.650 0.650 7
0768 pf 13 -0.781 -0.234 0.815 1
0768 pf 14 0.097 -1.112 1.116 3
0768 pf 15 1.584 0.008 1.584 5
0768 pf 16 -0.154 1.130 1.141 7
0768 pf 17 1.000 1.249 1.600 6
0768 pf 18 -0.279 -0.208 0.348 1
0768 pf 19 1.625 0.756 1.792 5
0768 pf 20 0.349 0.321 0.475 5
0768 pf 21 -0.542 1.972 2.046 7
0768 pf 22 -0.874 -0.308 0.927 1
0768 pf 23 0.271 1.204 1.234 6
0768 pf 24 -0.201 2.682 2.689 7
0768 pf 25 0.943 1.827 2.056 6
0768 pf 26 0.343 0.107 0.360 5
0768 pf 27 -1.306 0.678 1.472 8
0768 pf 28 2.270 0.671 2.367 5
0768 pf 29 1.701 1.204 2.084 5
0768 pf 30 0.478 3.057 3.094 6
0768 pf 31 -0.781 1.182 1.417 7
0768 pf 32 -0.999 -0.235 1.026 1
0768 pf 33 -0.837 0.649 1.059 8
0768 pf 34 0.033 0.033 0.047 5
0768 pf 35 -0.915 0.933 1.306 7
0768 pf 36 0.305 0.610 0.682 6
0768 pf 37 0.666 0.864 1.091 6
0768 pf 38 -0.007 -0.333 0.333 2
0768 pf 39 -1.008 -0.917 1.362 1
0768 pf 40 0.297 -0.500 0.581 3
0768 pf 41 0.973 0.051 0.974 5
0768 pf 42 -0.285 1.495 1.522 7
0768 pf 43 -1.650 -0.101 1.653 1
0768 pf 44 0.199 0.800 0.824 6
0768 pf 45 1.874 1.423 2.354 5
0768 pf 46 -1.158 1.032 1.551 8
0768 pf 47 -1.088 -0.869 1.392 1
0768 pf 48 0.254 -0.637 0.685 3
0768 pf 49 -1.011 0.487 1.122 8
0768 pf 50 -0.607 -0.126 0.620 1
0792 em 00 0.144 0.339 0.368 6
0792 cf 00 0.978 0.729 1.220 5
0792 pf 01 -0.785 0.256 0.826 8
0792 pf 02 0.564 0.203 0.599 5
0792 pf 03 0.896 -0.907 1.275 3
0792 pf 04 1.176 0.035 1.177 5
0792 pf 05 0.177 0.810 0.829 6
0792 pf 06 -0.605 0.615 0.863 7
0792 pf 07 0.681 0.124 0.692 5
0792 pf 08 0.711 -0.957 1.192 3
0792 pf 09 1.763 -1.234 2.152 4
0792 pf 10 -0.070 -0.873 0.876 2
0792 pf 11 1.401 1.469 2.030 6
0792 pf 12 -0.023 0.681 0.681 7
0792 pf 13 -0.562 -0.209 0.599 1
0792 pf 14 0.814 -1.044 1.324 3
0792 pf 15 1.874 0.253 1.891 5
0792 pf 16 0.040 0.881 0.882 6
0792 pf 17 0.946 1.236 1.556 6
0792 pf 18 -0.491 -0.429 0.652 1
0792 pf 19 1.365 1.128 1.770 5
0792 pf 20 0.224 0.096 0.244 5
0792 pf 21 -1.071 1.759 2.059 7
0792 pf 22 -0.583 -0.526 0.785 1
0792 pf 23 0.113 0.782 0.790 6
0792 pf 24 -0.535 2.628 2.682 7
0792 pf 25 1.231 1.628 2.041 6
0792 pf 26 0.480 -0.277 0.554 4
0792 pf 27 -0.983 0.068 0.985 8
0792 pf 28 2.280 0.837 2.429 5
0792 pf 29 1.629 1.310 2.091 5
0792 pf 30 -0.101 2.890 2.892 7
0792 pf 31 -0.912 1.171 1.484 7
0792 pf 32 -0.704 -0.662 0.966 1
0792 pf 33 -0.994 0.103 0.999 8
0792 pf 34 -0.019 -0.445 0.446 2
0792 pf 35 -1.188 0.775 1.418 8
0792 pf 36 0.315 0.447 0.547 6
0792 pf 37 0.258 0.885 0.922 6
0792 pf 38 -0.066 -0.482 0.486 2
0792 pf 39 -0.949 -0.881 1.295 1
0792 pf 40 0.119 -0.883 0.891 3
0792 pf 41 1.149 0.154 1.159 5
0792 pf 42 0.063 1.375 1.377 6
0792 pf 43 -1.659 -0.193 1.670 1
0792 pf 44 0.041 0.704 0.705 6
0792 pf 45 1.786 1.505 2.336 5
0792 pf 46 -1.042 1.192 1.583 7
0792 pf 47 -1.244 -1.204 1.731 1
0792 pf 48 0.670 -0.472 0.820 4
0792 pf 49 -1.017 0.198 1.036 8
0792 pf 50 -0.689 -0.454 0.825 1
0816 em 00 0.121 0.265 0.292 6
0816 cf 00 0.592 0.702 0.918 6
0816 pf 01 -0.550 -0.133 0.566 1
0816 pf 02 0.347 0.414 0.541 6
0816 pf 03 1.290 -1.160 1.735 4
0816 pf 04 1.186 -0.021 1.186 4
0816 pf 05 0.020 0.540 0.540 6
0816 pf 06 -0.709 0.523 0.881 8
0816 pf 07 0.294 -0.128 0.321 4
0816 pf 08 0.737 -0.610 0.957 4
0816 pf 09 2.074 -0.807 2.225 4
0816 pf 10 0.185 -0.858 0.877 3
0816 pf 11 1.099 1.716 2.037 6
0816 pf 12 0.005 0.304 0.304 6
0816 pf 13 -0.577 -0.119 0.589 1
0816 pf 14 1.262 -0.903 1.552 4
0816 pf 15 1.828 0.365 1.864 5
0816 pf 16 0.170 0.744 0.763 6
0816 pf 17 0.600 1.195 1.337 6
0816 pf 18 -0.625 -0.398 0.741 1
0816 pf 19 1.114 1.579 1.932 6
0816 pf 20 0.074 0.119 0.140 6
0816 pf 21 -1.488 1.175 1.896 8
0816 pf 22 -0.318 -0.396 0.508 2
0816 pf 23 0.047 0.481 0.483 6
0816 pf 24 -0.850 2.592 2.727 7
0816 pf 25 1.529 1.672 2.266 6
0816 pf 26 0.370 -0.738 0.826 3
0816 pf 27 -0.713 -0.118 0.722 1
0816 pf 28 2.081 0.926 2.278 5
0816 pf 29 1.158 1.288 1.732 6
0816 pf 30 -0.470 2.558 2.600 7
0816 pf 31 -0.614 1.188 1.337 7
0816 pf 32 -0.540 -0.775 0.945 2
0816 pf 33 -1.068 -0.206 1.088 1
0816 pf 34 -0.172 -0.763 0.783 2
0816 pf 35 -1.557 0.691 1.704 8
0816 pf 36 0.110 0.455 0.468 6
0816 pf 37 0.026 0.422 0.423 6
0816 pf 38 0.194 -0.731 0.756 3
0816 pf 39 -1.058 -0.799 1.326 1
0816 pf 40 -0.248 -0.868 0.903 2
0816 pf 41 1.076 0.347 1.130 5
0816 pf 42 0.390 1.261 1.320 6
0816 pf 43 -1.754 -0.330 1.785 1
0816 pf 44 0.025 1.063 1.064 6
0816 pf 45 1.433 1.801 2.301 6
0816 pf 46 -0.224 0.955 0.981 7
0816 pf 47 -1.026 -1.818 2.087 2
0816 pf 48 0.986 -0.332 1.040 4
0816 pf 49 -0.823 -0.077 0.827 1
0816 pf 50 -0.461 -0.810 0.933 2
0840 em 00 0.114 0.181 0.214 6
0840 cf 00 0.151 0.754 0.769 6
0840 pf 01 -0.037 -0.593 0.594 2
0840 pf 02 0.396 0.303 0.499 5
0840 pf 03 1.497 -1.039 1.822 4
0840 pf 04 1.250 -0.217 1.269 4
0840 pf 05 -0.173 0.559 0.585 7
0840 pf 06 -0.679 0.507 0.847 8
0840 pf 07 -0.317 -0.240 0.398 1
0840 pf 08 0.877 -0.311 0.931 4
0840 pf 09 2.257 -0.484 2.308 4
0840 pf 10 0.550 -0.651 0.852 3
0840 pf 11 0.642 1.784 1.896 6
0840 pf 12 -0.169 0.214 0.273 7
0840 pf 13 -0.606 -0.031 0.606 1
0840 pf 14 1.467 -0.721 1.635 4
0840 pf 15 1.564 0.535 1.653 5
0840 pf 16 0.458 0.970 1.073 6
0840 pf 17 0.306 1.284 1.320 6
0840 pf 18 -0.654 -0.488 0.816 1
0840 pf 19 0.898 1.355 1.626 6
0840 pf 20 0.104 0.057 0.118 5
0840 pf 21 -1.647 0.461 1.710 8
0840 pf 22 0.048 -0.292 0.296 3
0840 pf 23 0.152 0.463 0.487 6
0840 pf 24 -1.357 2.247 2.625 7
0840 pf 25 1.300 1.386 1.900 6
0840 pf 26 0.532 -0.601 0.803 3
0840 pf 27 -0.519 0.009 0.520 8
0840 pf 28 1.929 1.083 2.212 5
0840 pf 29 0.572 1.410 1.522 6
0840 pf 30 -0.547 2.329 2.392 7
0840 pf 31 -0.715 0.719 1.013 7
0840 pf 32 -0.540 -1.238 1.351 2
0840 pf 33 -1.043 -0.466 1.142 1
0840 pf 34 -0.315 -0.982 1.031 2
0840 pf 35 -1.503 0.332 1.539 8
0840 pf 36 -0.312 0.486 0.578 7
0840 pf 37 0.121 0.098 0.156 5
0840 pf 38 0.639 -0.758 0.992 3
0840 pf 39 -0.972 -0.673 1.182 1
0840 pf 40 -0.532 -0.881 1.030 2
0840 pf 41 0.988 0.361 1.052 5
0840 pf 42 0.778 1.331 1.542 6
0840 pf 43 -1.761 -0.699 1.895 1
0840 pf 44 0.263 1.021 1.054 6
0840 pf 45 0.937 1.913 2.130 6
0840 pf 46 0.564 0.578 0.807 6
0840 pf 47 -1.036 -2.263 2.489 2
0840 pf 48 1.299 -0.375 1.352 4
0840 pf 49 -0.496 -0.226 0.545 1
0840 pf 50 -0.326 -1.204 1.248 2
0864 em 00 0.126 0.067 0.143 5
0864 cf 00 0.143 0.878 0.889 6
0864 pf 01 0.190 -0.784 0.807 3
0864 pf 02 0.401 0.378 0.551 5
0864 pf 03 1.838 -0.701 1.967 4
0864 pf 04 1.352 -0.223 1.371 4
0864 pf 05 -0.299 0.367 0.473 7
0864 pf 06 -0.722 0.282 0.775 8
0864 pf 07 -0.469 -0.177 0.501 1
0864 pf 08 0.864 -0.246 0.899 4
0864 pf 09 2.353 -0.194 2.361 4
0864 pf 10 0.865 -0.732 1.133 4
0864 pf 11 0.266 1.960 1.977 6
0864 pf 12 -0.296 0.076 0.306 8
0864 pf 13 -0.426 -0.084 0.434 1
0864 pf 14 1.686 -0.387 1.729 4
0864 pf 15 1.340 0.639 1.484 5
0864 pf 16 0.753 1.161 1.384 6
0864 pf 17 0.246 1.052 1.080 6
0864 pf 18 -0.468 -0.549 0.722 2
0864 pf 19 0.138 1.197 1.205 6
0864 pf 20 0.048 -0.106 0.116 3
0864 pf 21 -1.414 -0.098 1.417 1
0864 pf 22 0.127 -0.302 0.327 3
0864 pf 23 0.269 0.563 0.624 6
0864 pf 24 -1.827 1.854 2.603 7
0864 pf 25 0.771 1.386 1.586 6
0864 pf 26 0.883 -0.467 0.999 4
0864 pf 27 -0.304 0.054 0.309 8
0864 pf 28 1.796 0.918 2.017 5
0864 pf 29 0.164 1.116 1.128 6
0864 pf 30 -0.878 1.710 1.923 7
0864 pf 31 -1.011 0.020 1.011 8
0864 pf 32 -0.638 -1.532 1.660 2
0864 pf 33 -1.258 -0.498 1.353 1
0864 pf 34 -0.257 -1.203 1.230 2
0864 pf 35 -1.260 -0.309 1.298 1
0864 pf 36 -0.518 0.314 0.605 8
0864 pf 37 0.350 -0.268 0.441 4
0864 pf 38 0.844 -0.721 1.110 4
0864 pf 39 -0.724 -0.827 1.099 2
0864 pf 40 -0.536 -0.894 1.043 2
0864 pf 41 1.067 0.264 1.099 5
0864 pf 42 0.708 1.153 1.353 6
0864 pf 43 -1.576 -1.303 2.045 1
0864 pf 44 0.106 0.927 0.933 6
0864 pf 45 1.031 2.037 2.283 6
0864 pf 46 1.000 0.598 1.165 5
0864 pf 47 -0.807 -2.645 2.766 2
0864 pf 48 1.537 -0.414 1.592 4
0864 pf 49 -0.351 -0.417 0.545 2
0864 pf 50 -0.050 -1.378 1.379 2
0888 em 00 0.149 0.012 0.149 5
0888 cf 00 0.367 0.713 0.802 6
0888 pf 01 0.492 -0.922 1.046 3
0888 pf 02 0.321 0.191 0.373 5
0888 pf 03 1.824 -0.484 1.887 4
0888 pf 04 1.245 -0.149 1.254 4
0888 pf 05 -0.205 0.305 0.368 7
0888 pf 06 -0.536 0.005 0.536 8
0888 pf 07 -0.400 -0.235 0.464 1
0888 pf 08 0.779 -0.316 0.841 4
0888 pf 09 2.192 0.090 2.194 5
0888 pf 10 0.960 -0.501 1.083 4
0888 pf 11 -0.241 2.095 2.109 7
0888 pf 12 0.054 -0.068 0.087 3
0888 pf 13 -0.049 0.059 0.077 7
0888 pf 14 1.946 0.099 1.948 5
0888 pf 15 1.185 0.572 1.316 5
0888 pf 16 0.772 0.981 1.249 6
0888 pf 17 0.303 0.782 0.839 6
0888 pf 18 -0.130 -0.658 0.671 2
0888 pf 19 -0.559 1.323 1.436 7
0888 pf 20 -0.242 -0.364 0.438 2
0888 pf 21 -1.288 -0.122 1.294 1
0888 pf 22 0.286 -0.327 0.434 3
0888 pf 23 -0.076 0.547 0.552 7
0888 pf 24 -2.231 1.594 2.742 8
0888 pf 25 0.088 1.451 1.454 6
0888 pf 26 1.381 -0.588 1.501 4
0888 pf 27 -0.064 0.165 0.177 7
0888 pf 28 2.015 0.760 2.154 5
0888 pf 29 -0.182 0.964 0.981 7
0888 pf 30 -0.946 1.515 1.786 7
0888 pf 31 -0.965 -0.349 1.026 1
0888 pf 32 -0.420 -1.402 1.463 2
0888 pf 33 -1.402 -0.739 1.585 1
0888 pf 34 -0.187 -1.507 1.519 2
0888 pf 35 -1.026 -0.503 1.142 1
0888 pf 36 -0.602 0.011 0.602 8
0888 pf 37 0.562 -0.208 0.599 4
0888 pf 38 0.979 -0.588 1.143 4
0888 pf 39 -0.836 -1.056 1.346 2
0888 pf 40 -0.290 -1.191 1.226 2
0888 pf 41 0.788 0.253 0.827 5
0888 pf 42 0.481 1.111 1.210 6
0888 pf 43 -1.444 -1.757 2.274 2
0888 pf 44 -0.170 0.817 0.835 7
0888 pf 45 1.267 2.423 2.735 6
0888 pf 46 1.046 0.388 1.116 5
0888 pf 47 -0.331 -2.483 2.505 2
0888 pf 48 1.531 -0.366 1.575 4
0888 pf 49 0.165 -0.527 0.553 3
0888 pf 50 0.070 -0.988 0.991 3
0912 em 00 0.144 -0.019 0.146 4
0912 cf 00 0.239 0.655 0.698 6
0912 pf 01 0.825 -0.741 1.109 4
0912 pf 02 0.245 -0.075 0.256 4
0912 pf 03 1.712 -0.062 1.714 4
0912 pf 04 0.877 -0.063 0.880 4
0912 pf 05 -0.129 0.337 0.360 7
0912 pf 06 -0.562 -0.075 0.567 1
0912 pf 07 -0.218 -0.341 0.405 2
0912 pf 08 0.603 -0.266 0.659 4
0912 pf 09 1.771 0.389 1.814 5
0912 pf 10 0.948 -0.529 1.086 4
0912 pf 11 -0.682 2.056 2.166 7
0912 pf 12 0.267 -0.398 0.479 3
0912 pf 13 0.216 0.242 0.324 6
0912 pf 14 2.129 0.199 2.139 5
0912 pf 15 1.133 0.403 1.202 5
0912 pf 16 0.789 0.462 0.915 5
0912 pf 17 0.464 0.588 0.749 6
0912 pf 18 -0.050 -0.894 0.895 2
0912 pf 19 -0.714 1.545 1.702 7
0912 pf 20 -0.400 -0.375 0.549 1
0912 pf 21 -1.056 -0.416 1.134 1
0912 pf 22 0.467 -0.412 0.622 4
0912 pf 23 -0.278 0.472 0.548 7
0912 pf 24 -2.476 1.120 2.717 8
0912 pf 25 -0.459 1.484 1.553 7
0912 pf 26 1.616 -0.462 1.680 4
0912 pf 27 0.229 0.065 0.238 5
0912 pf 28 2.208 0.836 2.361 5
0912 pf 29 -0.260 0.596 0.651 7
0912 pf 30 -1.393 1.536 2.074 7
0912 pf 31 -0.543 -0.131 0.559 1
0912 pf 32 -0.318 -1.222 1.263 2
0912 pf 33 -1.239 -0.833 1.493 1
0912 pf 34 -0.293 -1.690 1.715 2
0912 pf 35 -0.902 -0.645 1.109 1
0912 pf 36 -0.903 -0.578 1.072 1
0912 pf 37 0.510 -0.044 0.512 4
0912 pf 38 0.949 -0.526 1.085 4
0912 pf 39 -0.707 -1.299 1.479 2
0912 pf 40 0.171 -1.230 1.242 3
0912 pf 41 0.636 0.544 0.837 5
0912 pf 42 0.338 1.075 1.127 6
0912 pf 43 -1.043 -1.842 2.117 2
0912 pf 44 -0.842 0.911 1.241 7
0912 pf 45 1.010 2.471 2.669 6
0912 pf 46 1.176 0.637 1.337 5
0912 pf 47 0.032 -2.335 2.335 3
0912 pf 48 1.058 -0.570 1.202 4
0912 pf 49 0.639 -0.229 0.679 4
0912 pf 50 0.291 -0.997 1.039 3
0936 em 00 0.160 0.000 0.160 5
0936 cf 00 -0.002 0.807 0.807 7
0936 pf 01 0.935 -0.676 1.154 4
0936 pf 02 0.295 -0.071 0.303 4
0936 pf 03 1.415 0.383 1.466 5
0936 pf 04 0.674 -0.160 0.693 4
0936 pf 05 0.275 0.191 0.334 5
0936 pf 06 -0.681 -0.322 0.753 1
0936 pf 07 -0.036 -0.335 0.337 2
0936 pf 08 0.823 -0.324 0.884 4
0936 pf 09 1.576 0.527 1.662 5
0936 pf 10 1.133 -0.057 1.134 4
0936 pf 11 -1.010 1.545 1.846 7
0936 pf 12 0.288 -0.488 0.567 3
0936 pf 13 0.612 0.868 1.062 6
0936 pf 14 1.939 0.285 1.960 5
0936 pf 15 1.348 0.080 1.350 5
0936 pf 16 0.975 0.279 1.014 5
0936 pf 17 0.562 0.432 0.709 5
0936 pf 18 0.117 -0.444 0.459 3
0936 pf 19 -0.673 1.608 1.743 7
0936 pf 20 -0.591 -0.178 0.617 1
0936 pf 21 -0.809 -0.605 1.010 1
0936 pf 22 0.543 -0.061 0.547 4
0936 pf 23 -0.155 0.284 0.324 7
0936 pf 24 -2.281 0.767 2.406 8
0936 pf 25 -0.995 1.362 1.687 7
0936 pf 26 1.896 -0.359 1.930 4
0936 pf 27 0.284 0.075 0.294 5
0936 pf 28 2.019 1.168 2.332 5
0936 pf 29 -0.181 0.766 0.787 7
0936 pf 30 -1.442 1.336 1.966 8
0936 pf 31 -0.234 -0.076 0.246 1
0936 pf 32 -0.323 -0.926 0.981 2
0936 pf 33 -0.973 -1.518 1.803 2
0936 pf 34 -0.515 -1.831 1.902 2
0936 pf 35 -0.643 -0.806 1.031 2
0936 pf 36 -1.087 -0.796 1.347 1
0936 pf 37 0.409 -0.284 0.498 4
0936 pf 38 0.980 -0.457 1.082 4
0936 pf 39 -0.911 -1.468 1.728 2
0936 pf 40 0.540 -1.078 1.205 3
0936 pf 41 0.682 1.100 1.294 6
0936 pf 42 -0.049 0.994 0.995 7
0936 pf 43 -0.789 -1.995 2.146 2
0936 pf 44 -1.233 0.688 1.412 8
0936 pf 45 0.455 2.096 2.145 6
0936 pf 46 1.284 1.031 1.647 5
0936 pf 47 0.102 -2.075 2.078 3
0936 pf 48 1.088 -0.587 1.236 4
0936 pf 49 0.789 0.264 0.832 5
0936 pf 50 0.573 -0.603 0.832 3
0960 em 00 0.182 -0.036 0.185 4
0960 cf 00 -0.163 0.731 0.749 7
0960 pf 01 0.858 -0.889 1.236 3
0960 pf 02 0.508 -0.198 0.546 4
0960 pf 03 0.989 0.510 1.113 5
0960 pf 04 0.508 -0.285 0.582 4
0960 pf 05 0.446 0.013 0.446 5
0960 pf 06 -0.605 -0.381 0.715 1
0960 pf 07 0.265 -0.432 0.507 3
0960 pf 08 1.277 -0.399 1.338 4
0960 pf 09 1.485 0.379 1.532 5
0960 pf 10 1.319 0.311 1.355 5
0960 pf 11 -1.371 0.778 1.576 8
0960 pf 12 0.442 -0.427 0.615 4
0960 pf 13 0.701 0.917 1.154 6
0960 pf 14 1.517 0.323 1.551 5
0960 pf 15 1.326 -0.002 1.326 4
0960 pf 16 1.028 -0.237 1.055 4
0960 pf 17 0.602 0.893 1.077 6
0960 pf 18 0.377 0.106 0.392 5
0960 pf 19 -0.926 1.408 1.685 7
0960 pf 20 -0.325 -0.249 0.409 1
0960 pf 21 -0.811 -0.830 1.160 2
0960 pf 22 0.711 0.012 0.711 5
0960 pf 23 -0.212 -0.217 0.303 2
0960 pf 24 -2.169 0.507 2.228 8
0960 pf 25 -1.198 1.111 1.634 8
0960 pf 26 1.780 -0.404 1.825 4
0960 pf 27 0.324 0.135 0.351 5
0960 pf 28 1.514 1.714 2.287 6
0960 pf 29 -0.332 0.996 1.050 7
0960 pf 30 -1.329 1.214 1.800 8
0960 pf 31 -0.250 -0.312 0.400 2
0960 pf 32 -0.046 -0.735 0.737 2
0960 pf 33 -0.978 -1.911 2.147 2
0960 pf 34 -0.240 -1.636 1.653 2
0960 pf 35 -0.370 -1.014 1.080 2
0960 pf 36 -0.781 -1.116 1.362 2
0960 pf 37 0.603 -0.260 0.656 4
0960 pf 38 1.069 -0.404 1.143 4
0960 pf 39 -0.862 -1.732 1.935 2
0960 pf 40 1.001 -0.862 1.321 4
0960 pf 41 0.588 1.326 1.450 6
0960 pf 42 -0.412 0.963 1.047 7
0960 pf 43 -0.367 -2.039 2.072 2
0960 pf 44 -1.473 0.713 1.637 8
0960 pf 45 -0.233 1.886 1.900 7
0960 pf 46 1.312 0.821 1.548 5
0960 pf 47 0.440 -1.845 1.897 3
0960 pf 48 1.038 -0.598 1.198 4
0960 pf 49 0.866 0.801 1.180 5
0960 pf 50 0.563 -0.604 0.825 3
0984 em 00 0.144 -0.064 0.158 4
0984 cf 00 -0.539 0.452 0.703 8
0984 pf 01 0.560 -0.814 0.988 3
0984 pf 02 0.641 -0.003 0.641 4
0984 pf 03 0.509 0.679 0.848 6
0984 pf 04 -0.004 -0.466 0.466 2
0984 pf 05 0.488 -0.303 0.575 4
0984 pf 06 -0.526 -0.815 0.971 2
0984 pf 07 0.159 -0.672 0.691 3
0984 pf 08 1.692 -0.393 1.737 4
0984 pf 09 1.435 0.316 1.469 5
0984 pf 10 1.345 0.341 1.387 5
0984 pf 11 -1.592 -0.156 1.599 1
0984 pf 12 0.324 -0.275 0.425 4
0984 pf 13 0.584 1.039 1.191 6
0984 pf 14 1.053 0.579 1.202 5
0984 pf 15 1.271 0.027 1.271 5
0984 pf 16 1.018 -0.330 1.070 4
0984 pf 17 0.430 1.051 1.136 6
0984 pf 18 0.329 0.175 0.372 5
0984 pf 19 -0.951 0.962 1.353 7
0984 pf 20 -0.193 -0.508 0.543 2
0984 pf 21 -1.052 -1.112 1.531 2
0984 pf 22 0.531 0.025 0.532 5
0984 pf 23 -0.263 -0.595 0.650 2
0984 pf 24 -2.016 0.143 2.021 8
0984 pf 25 -1.280 0.651 1.437 8
0984 pf 26 1.615 -0.243 1.633 4
0984 pf 27 0.056 0.543 0.546 6
0984 pf 28 1.270 2.136 2.485 6
0984 pf 29 0.025 1.358 1.358 6
0984 pf 30 -1.080 0.831 1.362 8
0984 pf 31 -0.242 -0.479 0.537 2
0984 pf 32 -0.122 0.093 0.153 8
0984 pf 33 -0.559 -2.051 2.126 2
0984 pf 34 0.221 -1.339 1.357 3
0984 pf 35 -0.240 -0.957 0.986 2
0984 pf 36 -0.600 -1.296 1.429 2
0984 pf 37 0.872 -0.100 0.877 4
0984 pf 38 0.986 -0.705 1.212 4
0984 pf 39 -0.516 -1.790 1.863 2
0984 pf 40 1.362 -0.772 1.566 4
0984 pf 41 0.387 1.586 1.633 6
0984 pf 42 -0.578 0.824 1.006 7
0984 pf 43 -0.031 -1.926 1.926 2
0984 pf 44 -1.604 0.527 1.689 8
0984 pf 45 -0.677 1.793 1.916 7
0984 pf 46 1.071 0.552 1.205 5
0984 pf 47 0.804 -1.571 1.765 3
0984 pf 48 0.865 -0.529 1.014 4
0984 pf 49 0.464 1.133 1.224 6
0984 pf 50 0.414 -0.343 0.538 4
1008 em 00 0.125 -0.109 0.165 4
1008 cf 00 -0.757 0.233 0.792 8
1008 pf 01 0.645 -0.752 0.991 3
1008 pf 02 0.724 -0.201 0.752 4
1008 pf 03 0.344 0.504 0.610 6
1008 pf 04 -0.509 -0.683 0.852 2
1008 pf 05 0.722 -0.546 0.905 4
1008 pf 06 -0.292 -1.061 1.100 2
1008 pf 07 0.164 -1.100 1.112 3
1008 pf 08 1.769 -0.076 1.770 4
1008 pf 09 1.247 0.308 1.285 5
1008 pf 10 1.055 0.583 1.205 5
1008 pf 11 -2.000 -0.527 2.068 1
1008 pf 12 0.203 -0.207 0.290 3
1008 pf 13 0.201 1.174 1.191 6
1008 pf 14 0.662 0.774 1.018 6
1008 pf 15 1.350 0.060 1.351 5
1008 pf 16 1.275 -0.372 1.328 4
1008 pf 17 0.278 1.031 1.068 6
1008 pf 18 0.022 0.264 0.265 6
1008 pf 19 -0.667 0.511 0.840 8
1008 pf 20 -0.089 -0.671 0.676 2
1008 pf 21 -0.841 -1.072 1.363 2
1008 pf 22 0.546 -0.151 0.567 4
1008 pf 23 -0.082 -0.615 0.620 2
1008 pf 24 -2.164 -0.034 2.165 1
1008 pf 25 -1.231 -0.048 1.232 1
1008 pf 26 1.469 -0.163 1.478 4
1008 pf 27 -0.271 0.704 0.755 7
1008 pf 28 0.833 2.512 2.646 6
1008 pf 29 0.363 1.682 1.721 6
1008 pf 30 -1.065 0.480 1.168 8
1008 pf 31 -0.346 -0.732 0.810 2
1008 pf 32 -0.084 0.284 0.296 7
1008 pf 33 -0.207 -2.268 2.277 2
1008 pf 34 0.520 -1.356 1.452 3
1008 pf 35 -0.038 -0.691 0.692 2
1008 pf 36 -0.127 -1.193 1.200 2
1008 pf 37 0.809 -0.058 0.811 4
1008 pf 38 0.756 -0.794 1.096 3
1008 pf 39 -0.117 -1.988 1.992 2
1008 pf 40 1.672 -0.597 1.776 4
1008 pf 41 0.472 1.556 1.626 6
1008 pf 42 -0.653 0.473 0.806 8
1008 pf 43 0.218 -1.925 1.937 3
1008 pf 44 -1.570 0.141 1.576 8
1008 pf 45 -0.933 1.578 1.834 7
1008 pf 46 0.840 0.625 1.047 5
1008 pf 47 0.782 -1.386 1.591 3
1008 pf 48 0.916 -0.273 0.956 4
1008 pf 49 -0.202 1.618 1.631 7
1008 pf 50 0.321 -0.387 0.503 3
1032 em 00 0.121 -0.193 0.228 3
1032 cf 00 -0.737 0.099 0.744 8
1032 pf 01 0.983 -0.622 1.163 4
1032 pf 02 0.408 -0.373 0.553 4
1032 pf 03 -0.285 0.351 0.452 7
1032 pf 04 -0.692 -0.984 1.203 2
1032 pf 05 0.885 -0.550 1.042 4
1032 pf 06 -0.047 -1.345 1.346 2
1032 pf 07 0.077 -1.475 1.477 3
1032 pf 08 1.582 0.068 1.583 5
1032 pf 09 1.308 0.212 1.325 5
1032 pf 10 0.634 1.062 1.237 6
1032 pf 11 -1.895 -0.780 2.050 1
1032 pf 12 0.335 -0.220 0.401 4
1032 pf 13 0.391 0.875 0.958 6
1032 pf 14 0.009 0.772 0.772 6
1032 pf 15 1.489 -0.149 1.496 4
1032 pf 16 1.403 -0.234 1.423 4
1032 pf 17 0.302 0.877 0.928 6
1032 pf 18 -0.431 0.298 0.524 8
1032 pf 19 -0.687 0.215 0.720 8
1032 pf 20 0.117 -0.881 0.889 3
1032 pf 21 -0.451 -1.391 1.462 2
1032 pf 22 0.431 -0.338 0.547 4
1032 pf 23 -0.188 -0.323 0.374 2
1032 pf 24 -2.069 -0.420 2.111 1
1032 pf 25 -0.851 -0.683 1.091 1
1032 pf 26 1.251 0.161 1.261 5
1032 pf 27 -0.686 0.828 1.075 7
1032 pf 28 0.071 2.884 2.885 6
1032 pf 29 0.516 1.593 1.675 6
1032 pf 30 -0.969 0.284 1.010 8
1032 pf 31 -0.504 -1.118 1.226 2
1032 pf 32 -0.086 0.485 0.493 7
1032 pf 33 -0.035 -2.511 2.511 2
1032 pf 34 0.682 -1.325 1.490 3
1032 pf 35 0.144 -0.609 0.626 3
1032 pf 36 0.187 -1.130 1.145 3
1032 pf 37 1.134 0.067 1.136 5
1032 pf 38 0.584 -0.779 0.973 3
1032 pf 39 0.120 -2.371 2.374 3
1032 pf 40 2.153 -0.458 2.202 4
1032 pf 41 0.535 1.361 1.462 6
1032 pf 42 -0.463 0.390 0.605 8
1032 pf 43 0.436 -1.801 1.853 3
1032 pf 44 -1.288 -0.486 1.377 1
1032 pf 45 -1.047 1.198 1.590 7
1032 pf 46 0.527 0.448 0.692 5
1032 pf 47 0.575 -1.316 1.436 3
1032 pf 48 1.233 -0.091 1.237 4
1032 pf 49 -0.844 1.883 2.064 7
1032 pf 50 0.130 -0.544 0.560 3
1056 em 00 0.161 -0.160 0.228 4
1056 cf 00 -0.673 -0.173 0.695 1
1056 pf 01 0.971 -0.484 1.085 4
1056 pf 02 0.261 -0.149 0.301 4
1056 pf 03 -0.743 0.310 0.805 8
1056 pf 04 -0.815 -1.128 1.392 2
1056 pf 05 1.279 -0.641 1.431 4
1056 pf 06 0.361 -1.361 1.408 3
1056 pf 07 -0.078 -1.665 1.667 2
1056 pf 08 1.424 0.375 1.473 5
1056 pf 09 1.376 0.231 1.395 5
1056 pf 10 0.456 1.258 1.338 6
1056 pf 11 -1.545 -0.720 1.705 1
1056 pf 12 0.763 0.005 0.763 5
1056 pf 13 0.511 0.541 0.744 6
1056 pf 14 -0.450 0.671 0.808 7
1056 pf 15 1.610 -0.128 1.615 4
1056 pf 16 1.473 0.101 1.476 5
1056 pf 17 -0.059 0.776 0.779 7
1056 pf 18 -0.487 0.259 0.552 8
1056 pf 19 -0.540 -0.041 0.542 1
1056 pf 20 0.193 -1.054 1.071 3
1056 pf 21 0.011 -1.671 1.671 3
1056 pf 22 0.578 -0.126 0.592 4
1056 pf 23 -0.299 -0.139 0.329 1
1056 pf 24 -1.580 -0.616 1.695 1
1056 pf 25 -0.528 -0.731 0.902 2
1056 pf 26 0.967 0.327 1.020 5
1056 pf 27 -1.194 0.570 1.323 8
1056 pf 28 -0.612 3.003 3.065 7
1056 pf 29 0.788 1.759 1.927 6
1056 pf 30 -0.884 0.082 0.887 8
1056 pf 31 -0.494 -1.396 1.481 2
1056 pf 32 -0.258 0.651 0.701 7
1056 pf 33 0.185 -2.320 2.328 3
1056 pf 34 0.847 -1.281 1.536 3
1056 pf 35 0.112 -0.485 0.498 3
1056 pf 36 0.362 -0.729 0.813 3
1056 pf 37 1.515 0.400 1.567 5
1056 pf 38 0.728 -0.732 1.032 3
1056 pf 39 0.195 -2.374 2.382 3
1056 pf 40 2.340 0.095 2.342 5
1056 pf 41 0.323 1.332 1.370 6
1056 pf 42 0.046 0.363 0.366 6
1056 pf 43 0.677 -1.602 1.739 3
1056 pf 44 -0.580 -0.667 0.884 2
1056 pf 45 -0.913 1.204 1.511 7
1056 pf 46 0.488 0.237 0.543 5
1056 pf 47 0.274 -1.309 1.338 3
1056 pf 48 1.481 0.404 1.535 5
1056 pf 49 -1.414 2.025 2.469 7
1056 pf 50 -0.260 -0.492 0.557 2
1080 em 00 0.175 -0.119 0.211 4
1080 cf 00 -0.704 -0.440 0.830 1
1080 pf 01 0.961 -0.550 1.107 4
1080 pf 02 0.094 0.153 0.179 6
1080 pf 03 -0.966 0.359 1.031 8
1080 pf 04 -0.874 -1.212 1.494 2
1080 pf 05 1.045 -0.612 1.211 4
1080 pf 06 0.652 -1.389 1.535 3
1080 pf 07 0.342 -1.625 1.660 3
1080 pf 08 1.436 0.354 1.479 5
1080 pf 09 1.386 0.633 1.524 5
1080 pf 10 0.113 1.149 1.154 6
1080 pf 11 -0.625 -0.526 0.817 1
1080 pf 12 1.007 0.186 1.024 5
1080 pf 13 0.406 0.388 0.562 5
1080 pf 14 -0.669 0.798 1.042 7
1080 pf 15 1.518 0.194 1.530 5
1080 pf 16 1.217 0.330 1.260 5
1080 pf 17 -0.424 0.703 0.821 7
1080 pf 18 -0.328 0.294 0.440 8
1080 pf 19 -0.256 0.068 0.265 8
1080 pf 20 0.264 -1.182 1.211 3
1080 pf 21 0.291 -2.058 2.078 3
1080 pf 22 0.654 -0.036 0.655 4
1080 pf 23 -0.228 -0.038 0.231 1
1080 pf 24 -1.341 -0.995 1.670 1
1080 pf 25 -0.355 -0.339 0.491 1
1080 pf 26 0.839 0.451 0.953 5
1080 pf 27 -1.813 0.213 1.826 8
1080 pf 28 -0.613 2.908 2.972 7
1080 pf 29 0.855 1.756 1.953 6
1080 pf 30 -0.613 -0.124 0.626 1
1080 pf 31 -0.304 -1.504 1.535 2
1080 pf 32 -0.316 0.931 0.983 7
1080 pf 33 0.741 -2.104 2.230 3
1080 pf 34 0.900 -1.520 1.766 3
1080 pf 35 0.142 -0.289 0.322 3
1080 pf 36 0.382 -0.401 0.554 3
1080 pf 37 1.521 0.459 1.589 5
1080 pf 38 0.459 -0.736 0.868 3
1080 pf 39 0.135 -2.284 2.288 3
1080 pf 40 1.962 0.583 2.047 5
1080 pf 41 0.148 1.586 1.593 6
1080 pf 42 0.433 0.569 0.715 6
1080 pf 43 0.688 -1.325 1.493 3
1080 pf 44 0.191 -0.897 0.917 3
1080 pf 45 -1.203 1.118 1.642 8
1080 pf 46 0.267 0.112 0.290 5
1080 pf 47 0.323 -1.346 1.384 3
1080 pf 48 1.446 0.689 1.601 5
1080 pf 49 -2.114 1.797 2.774 8
1080 pf 50 -0.427 -0.436 0.611 2
1104 em 00 0.170 -0.105 0.200 4
1104 cf 00 -0.687 -0.766 1.029 2
1104 pf 01 0.997 -0.502 1.117 4
1104 pf 02 0.084 0.218 0.233 6
1104 pf 03 -0.833 -0.048 0.835 1
1104 pf 04 -0.775 -1.275 1.492 2
1104 pf 05 0.739 -0.580 0.940 4
1104 pf 06 0.933 -1.298 1.598 3
1104 pf 07 0.425 -1.499 1.558 3
1104 pf 08 1.294 0.335 1.336 5
1104 pf 09 1.431 1.084 1.796 5
1104 pf 10 -0.193 0.919 0.939 7
1104 pf 11 0.293 -0.468 0.552 3
1104 pf 12 0.999 0.626 1.179 5
1104 pf 13 0.027 0.319 0.320 6
1104 pf 14 -0.938 0.921 1.315 8
1104 pf 15 1.329 0.347 1.373 5
1104 pf 16 1.059 0.674 1.255 5
1104 pf 17 -0.839 0.800 1.159 8
1104 pf 18 -0.489 0.199 0.527 8
1104 pf 19 -0.323 0.075 0.331 8
1104 pf 20 0.654 -1.416 1.559 3
1104 pf 21 0.623 -2.200 2.287 3
1104 pf 22 0.680 0.141 0.695 5
1104 pf 23 -0.229 0.235 0.328 7
1104 pf 24 -1.180 -1.082 1.601 1
1104 pf 25 -0.409 -0.355 0.542 1
1104 pf 26 0.635 0.649 0.908 6
1104 pf 27 -1.660 -0.038 1.661 1
1104 pf 28 -0.459 2.542 2.583 7
1104 pf 29 1.322 1.617 2.088 6
1104 pf 30 -0.613 -0.045 0.615 1
1104 pf 31 0.192 -1.699 1.710 3
1104 pf 32 -0.613 0.706 0.935 7
1104 pf 33 1.188 -1.509 1.920 3
1104 pf 34 1.142 -1.506 1.890 3
1104 pf 35 -0.270 -0.268 0.380 1
1104 pf 36 0.257 -0.287 0.385 3
1104 pf 37 1.801 0.231 1.815 5
1104 pf 38 0.400 -0.825 0.917 3
1104 pf 39 0.409 -1.694 1.742 3
1104 pf 40 1.230 0.854 1.498 5
1104 pf 41 -0.074 1.673 1.675 7
1104 pf 42 0.668 0.523 0.848 5
1104 pf 43 0.454 -1.299 1.376 3
1104 pf 44 0.639 -0.641 0.905 3
1104 pf 45 -1.251 0.820 1.496 8
1104 pf 46 -0.212 -0.373 0.429 2
1104 pf 47 0.373 -1.331 1.382 3
1104 pf 48 1.070 1.161 1.579 6
1104 pf 49 -2.848 1.384 3.166 8
1104 pf 50 -0.362 -0.594 0.695 2
