ecmf prod rt 2018011500 51 046
0024 em 00 1.476 -1.399 2.033 4
0024 cf 00 1.408 -1.390 1.979 4
0024 pf 01 1.270 -1.448 1.926 3
0024 pf 02 1.511 -1.292 1.988 4
0024 pf 03 1.441 -1.454 2.047 3
0024 pf 04 1.377 -1.409 1.970 3
0024 pf 05 1.454 -1.469 2.067 3
0024 pf 06 1.505 -1.385 2.045 4
0024 pf 07 1.510 -1.373 2.041 4
0024 pf 08 1.477 -1.271 1.949 4
0024 pf 09 1.534 -1.268 1.990 4
0024 pf 10 1.503 -1.313 1.996 4
0024 pf 11 1.487 -1.429 2.063 4
0024 pf 12 1.413 -1.289 1.913 4
0024 pf 13 1.296 -1.402 1.909 3
0024 pf 14 1.448 -1.334 1.969 4
0024 pf 15 1.562 -1.476 2.149 4
0024 pf 16 1.475 -1.286 1.957 4
0024 pf 17 1.470 -1.434 2.054 4
0024 pf 18 1.486 -1.333 1.996 4
0024 pf 19 1.558 -1.238 1.990 4
0024 pf 20 1.527 -1.487 2.131 4
0024 pf 21 1.465 -1.300 1.959 4
0024 pf 22 1.545 -1.431 2.106 4
0024 pf 23 1.326 -1.430 1.950 3
0024 pf 24 1.435 -1.517 2.088 3
0024 pf 25 1.361 -1.468 2.002 3
0024 pf 26 1.439 -1.327 1.957 4
0024 pf 27 1.660 -1.218 2.059 4
0024 pf 28 1.294 -1.591 2.051 3
0024 pf 29 1.377 -1.565 2.084 3
0024 pf 30 1.515 -1.345 2.026 4
0024 pf 31 1.472 -1.379 2.017 4
0024 pf 32 1.505 -1.397 2.053 4
0024 pf 33 1.395 -1.385 1.966 4
0024 pf 34 1.637 -1.354 2.125 4
0024 pf 35 1.472 -1.559 2.144 3
0024 pf 36 1.472 -1.500 2.102 3
0024 pf 37 1.455 -1.448 2.053 4
0024 pf 38 1.430 -1.348 1.965 4
0024 pf 39 1.394 -1.367 1.952 4
0024 pf 40 1.439 -1.436 2.033 4
0024 pf 41 1.476 -1.332 1.988 4
0024 pf 42 1.430 -1.454 2.039 3
0024 pf 43 1.590 -1.397 2.116 4
0024 pf 44 1.546 -1.405 2.089 4
0024 pf 45 1.352 -1.489 2.011 3
0024 pf 46 1.401 -1.308 1.917 4
0024 pf 47 1.477 -1.325 1.984 4
0024 pf 48 1.438 -1.426 2.025 4
0024 pf 49 1.549 -1.435 2.111 4
0024 pf 50 1.535 -1.424 2.094 4
0048 em 00 1.869 -1.203 2.222 4
0048 cf 00 1.827 -1.207 2.189 4
0048 pf 01 1.480 -1.329 1.990 4
0048 pf 02 1.714 -1.358 2.187 4
0048 pf 03 2.053 -1.024 2.294 4
0048 pf 04 1.902 -1.253 2.278 4
0048 pf 05 1.914 -1.224 2.272 4
0048 pf 06 1.824 -1.177 2.171 4
0048 pf 07 1.906 -1.168 2.235 4
0048 pf 08 1.831 -1.231 2.206 4
0048 pf 09 1.796 -1.072 2.092 4
0048 pf 10 1.992 -1.026 2.241 4
0048 pf 11 1.929 -1.269 2.309 4
0048 pf 12 1.676 -1.315 2.131 4
0048 pf 13 1.699 -1.108 2.029 4
0048 pf 14 1.774 -1.114 2.094 4
0048 pf 15 1.993 -1.363 2.415 4
0048 pf 16 1.831 -1.108 2.140 4
0048 pf 17 1.908 -1.268 2.291 4
0048 pf 18 1.847 -1.030 2.115 4
0048 pf 19 1.988 -1.048 2.248 4
0048 pf 20 1.982 -1.438 2.449 4
0048 pf 21 1.867 -0.974 2.106 4
0048 pf 22 1.885 -1.088 2.176 4
0048 pf 23 1.736 -1.264 2.147 4
0048 pf 24 1.844 -1.194 2.197 4
0048 pf 25 1.754 -1.209 2.130 4
0048 pf 26 1.741 -1.072 2.045 4
0048 pf 27 1.823 -1.079 2.118 4
0048 pf 28 1.755 -1.339 2.207 4
0048 pf 29 1.840 -1.431 2.331 4
0048 pf 30 1.882 -1.176 2.220 4
0048 pf 31 1.829 -1.083 2.126 4
0048 pf 32 1.938 -1.233 2.297 4
0048 pf 33 1.953 -1.263 2.326 4
0048 pf 34 1.944 -1.015 2.193 4
0048 pf 35 1.960 -1.345 2.378 4
0048 pf 36 1.857 -1.157 2.188 4
0048 pf 37 1.912 -1.360 2.347 4
0048 pf 38 1.802 -1.114 2.118 4
0048 pf 39 1.889 -1.129 2.201 4
0048 pf 40 1.714 -1.548 2.310 4
0048 pf 41 1.875 -1.133 2.191 4
0048 pf 42 1.819 -1.438 2.319 4
0048 pf 43 2.114 -0.982 2.331 4
0048 pf 44 1.911 -1.122 2.216 4
0048 pf 45 1.698 -1.384 2.191 4
0048 pf 46 1.644 -1.129 1.994 4
0048 pf 47 1.850 -1.074 2.139 4
0048 pf 48 1.838 -1.308 2.256 4
0048 pf 49 1.867 -1.191 2.214 4
0048 pf 50 2.027 -1.238 2.375 4
0072 em 00 1.878 -1.113 2.183 4
0072 cf 00 1.771 -1.136 2.104 4
0072 pf 01 1.471 -1.204 1.900 4
0072 pf 02 1.743 -1.374 2.220 4
0072 pf 03 1.830 -0.885 2.033 4
0072 pf 04 1.974 -1.240 2.331 4
0072 pf 05 1.683 -0.884 1.901 4
0072 pf 06 1.812 -1.179 2.162 4
0072 pf 07 2.019 -1.113 2.306 4
0072 pf 08 1.882 -0.975 2.120 4
0072 pf 09 1.777 -1.097 2.089 4
0072 pf 10 2.075 -0.865 2.248 4
0072 pf 11 2.001 -1.053 2.261 4
0072 pf 12 1.634 -1.330 2.107 4
0072 pf 13 1.840 -1.096 2.141 4
0072 pf 14 1.790 -0.991 2.047 4
0072 pf 15 1.893 -1.231 2.258 4
0072 pf 16 1.721 -1.207 2.102 4
0072 pf 17 1.960 -1.238 2.318 4
0072 pf 18 1.734 -0.854 1.933 4
0072 pf 19 1.921 -0.987 2.160 4
0072 pf 20 2.097 -1.294 2.464 4
0072 pf 21 1.850 -0.802 2.016 4
0072 pf 22 1.860 -1.195 2.211 4
0072 pf 23 1.971 -1.174 2.295 4
0072 pf 24 1.919 -1.226 2.277 4
0072 pf 25 1.623 -1.438 2.168 4
0072 pf 26 1.689 -0.804 1.871 4
0072 pf 27 1.780 -1.019 2.051 4
0072 pf 28 1.952 -1.196 2.289 4
0072 pf 29 1.877 -1.253 2.257 4
0072 pf 30 1.882 -1.091 2.176 4
0072 pf 31 1.977 -1.179 2.302 4
0072 pf 32 1.962 -1.212 2.306 4
0072 pf 33 2.187 -1.099 2.448 4
0072 pf 34 1.904 -0.773 2.055 4
0072 pf 35 1.941 -1.375 2.379 4
0072 pf 36 1.968 -0.696 2.088 4
0072 pf 37 1.888 -1.246 2.262 4
0072 pf 38 1.674 -1.058 1.980 4
0072 pf 39 1.881 -1.002 2.131 4
0072 pf 40 1.816 -1.473 2.339 4
0072 pf 41 1.853 -0.909 2.064 4
0072 pf 42 2.066 -1.436 2.516 4
0072 pf 43 2.142 -0.808 2.290 4
0072 pf 44 1.899 -0.977 2.136 4
0072 pf 45 1.617 -1.341 2.100 4
0072 pf 46 1.615 -1.179 2.000 4
0072 pf 47 1.735 -1.048 2.027 4
0072 pf 48 1.919 -1.057 2.190 4
0072 pf 49 1.749 -1.066 2.048 4
0072 pf 50 2.072 -1.104 2.347 4
0096 em 00 1.667 -0.787 1.844 4
0096 cf 00 1.516 -0.788 1.708 4
0096 pf 01 1.236 -1.037 1.614 4
0096 pf 02 1.569 -0.952 1.835 4
0096 pf 03 1.483 -0.502 1.566 4
0096 pf 04 1.823 -0.725 1.962 4
0096 pf 05 1.338 -0.613 1.472 4
0096 pf 06 1.731 -0.912 1.957 4
0096 pf 07 1.888 -0.749 2.031 4
0096 pf 08 1.564 -0.478 1.636 4
0096 pf 09 1.427 -0.780 1.626 4
0096 pf 10 1.729 -0.667 1.854 4
0096 pf 11 1.783 -0.521 1.858 4
0096 pf 12 1.543 -1.107 1.899 4
0096 pf 13 1.639 -0.909 1.875 4
0096 pf 14 1.548 -0.722 1.708 4
0096 pf 15 1.563 -1.125 1.926 4
0096 pf 16 1.574 -0.927 1.826 4
0096 pf 17 1.842 -0.870 2.037 4
0096 pf 18 1.577 -0.582 1.681 4
0096 pf 19 1.630 -0.753 1.796 4
0096 pf 20 1.786 -0.805 1.959 4
0096 pf 21 1.443 -0.553 1.545 4
0096 pf 22 1.533 -0.882 1.769 4
0096 pf 23 1.862 -0.919 2.076 4
0096 pf 24 1.844 -0.867 2.038 4
0096 pf 25 1.434 -1.260 1.908 4
0096 pf 26 1.345 -0.437 1.415 4
0096 pf 27 1.534 -0.901 1.779 4
0096 pf 28 1.895 -0.707 2.023 4
0096 pf 29 1.827 -1.057 2.111 4
0096 pf 30 1.544 -0.662 1.679 4
0096 pf 31 1.924 -0.887 2.118 4
0096 pf 32 1.811 -0.772 1.969 4
0096 pf 33 1.974 -0.580 2.058 4
0096 pf 34 1.552 -0.595 1.662 4
0096 pf 35 1.817 -0.850 2.006 4
0096 pf 36 1.738 -0.537 1.819 4
0096 pf 37 1.786 -0.994 2.044 4
0096 pf 38 1.542 -0.679 1.685 4
0096 pf 39 1.703 -0.778 1.872 4
0096 pf 40 1.686 -0.946 1.933 4
0096 pf 41 1.496 -0.685 1.646 4
0096 pf 42 2.219 -1.001 2.434 4
0096 pf 43 1.714 -0.566 1.805 4
0096 pf 44 1.681 -0.491 1.751 4
0096 pf 45 1.282 -1.183 1.745 4
0096 pf 46 1.395 -0.674 1.550 4
0096 pf 47 1.686 -0.820 1.875 4
0096 pf 48 1.656 -0.624 1.770 4
0096 pf 49 1.567 -0.751 1.737 4
0096 pf 50 1.885 -0.808 2.051 4
0120 em 00 1.602 -0.595 1.709 4
0120 cf 00 1.451 -0.629 1.582 4
0120 pf 01 1.165 -0.977 1.521 4
0120 pf 02 1.388 -0.814 1.609 4
0120 pf 03 1.431 -0.236 1.451 4
0120 pf 04 1.733 -0.447 1.790 4
0120 pf 05 1.356 -0.421 1.420 4
0120 pf 06 1.523 -0.700 1.676 4
0120 pf 07 1.815 -0.455 1.872 4
0120 pf 08 1.595 -0.388 1.642 4
0120 pf 09 1.342 -0.587 1.465 4
0120 pf 10 1.657 -0.487 1.727 4
0120 pf 11 1.691 -0.357 1.728 4
0120 pf 12 1.690 -0.947 1.937 4
0120 pf 13 1.799 -0.491 1.864 4
0120 pf 14 1.200 -0.788 1.436 4
0120 pf 15 1.703 -0.862 1.909 4
0120 pf 16 1.493 -0.753 1.672 4
0120 pf 17 1.812 -0.696 1.941 4
0120 pf 18 1.305 -0.495 1.396 4
0120 pf 19 1.616 -0.341 1.651 4
0120 pf 20 1.633 -0.735 1.791 4
0120 pf 21 1.051 -0.411 1.128 4
0120 pf 22 1.310 -0.931 1.607 4
0120 pf 23 1.844 -0.449 1.898 4
0120 pf 24 1.789 -0.613 1.891 4
0120 pf 25 1.262 -1.302 1.814 3
0120 pf 26 1.368 -0.169 1.379 4
0120 pf 27 1.687 -0.616 1.796 4
0120 pf 28 2.053 -0.486 2.109 4
0120 pf 29 1.870 -0.667 1.985 4
0120 pf 30 1.567 -0.510 1.648 4
0120 pf 31 1.681 -0.603 1.786 4
0120 pf 32 1.657 -0.727 1.809 4
0120 pf 33 1.799 -0.283 1.821 4
0120 pf 34 1.479 -0.331 1.515 4
0120 pf 35 1.744 -0.752 1.899 4
0120 pf 36 1.461 -0.410 1.518 4
0120 pf 37 1.888 -0.712 2.017 4
0120 pf 38 1.311 -0.509 1.406 4
0120 pf 39 1.882 -0.684 2.003 4
0120 pf 40 1.859 -0.630 1.963 4
0120 pf 41 1.451 -0.482 1.529 4
0120 pf 42 2.182 -0.700 2.292 4
0120 pf 43 1.530 -0.572 1.634 4
0120 pf 44 1.460 -0.224 1.477 4
0120 pf 45 1.354 -1.035 1.705 4
0120 pf 46 1.404 -0.522 1.498 4
0120 pf 47 1.618 -0.512 1.697 4
0120 pf 48 1.597 -0.659 1.728 4
0120 pf 49 1.454 -0.533 1.549 4
0120 pf 50 1.851 -0.517 1.922 4
0144 em 00 1.635 -0.237 1.652 4
0144 cf 00 1.488 -0.258 1.510 4
0144 pf 01 1.408 -0.708 1.576 4
0144 pf 02 1.746 -0.424 1.797 4
0144 pf 03 1.446 0.060 1.447 5
0144 pf 04 1.673 -0.105 1.677 4
0144 pf 05 1.340 -0.135 1.346 4
0144 pf 06 1.435 -0.417 1.495 4
0144 pf 07 1.678 -0.008 1.678 4
0144 pf 08 1.626 -0.103 1.629 4
0144 pf 09 1.589 -0.370 1.632 4
0144 pf 10 1.755 -0.048 1.756 4
0144 pf 11 1.414 -0.136 1.421 4
0144 pf 12 1.902 -0.641 2.007 4
0144 pf 13 1.795 0.081 1.797 5
0144 pf 14 1.087 -0.608 1.246 4
0144 pf 15 1.642 -0.371 1.683 4
0144 pf 16 1.544 -0.408 1.597 4
0144 pf 17 1.713 -0.528 1.793 4
0144 pf 18 1.302 -0.280 1.332 4
0144 pf 19 1.539 0.044 1.540 5
0144 pf 20 1.860 -0.555 1.941 4
0144 pf 21 1.027 -0.219 1.051 4
0144 pf 22 1.382 -0.624 1.517 4
0144 pf 23 1.977 0.025 1.977 5
0144 pf 24 1.953 -0.153 1.959 4
0144 pf 25 1.639 -0.918 1.879 4
0144 pf 26 1.429 -0.168 1.439 4
0144 pf 27 1.509 -0.165 1.518 4
0144 pf 28 2.066 0.035 2.067 5
0144 pf 29 1.925 -0.092 1.927 4
0144 pf 30 1.618 0.078 1.620 5
0144 pf 31 1.617 -0.269 1.639 4
0144 pf 32 1.657 -0.233 1.674 4
0144 pf 33 1.714 0.149 1.720 5
0144 pf 34 1.371 -0.036 1.372 4
0144 pf 35 1.761 -0.230 1.776 4
0144 pf 36 1.436 -0.097 1.439 4
0144 pf 37 2.025 -0.345 2.054 4
0144 pf 38 1.407 -0.018 1.407 4
0144 pf 39 2.000 -0.190 2.009 4
0144 pf 40 1.904 -0.149 1.910 4
0144 pf 41 1.317 -0.125 1.323 4
0144 pf 42 2.125 -0.177 2.132 4
0144 pf 43 1.512 -0.329 1.548 4
0144 pf 44 1.490 0.248 1.511 5
0144 pf 45 1.458 -0.976 1.755 4
0144 pf 46 1.603 -0.272 1.626 4
0144 pf 47 1.593 0.034 1.593 5
0144 pf 48 1.793 -0.558 1.878 4
0144 pf 49 1.418 -0.344 1.459 4
0144 pf 50 1.908 0.023 1.908 5
0168 em 00 1.501 -0.029 1.501 4
0168 cf 00 1.326 -0.043 1.327 4
0168 pf 01 1.493 -0.488 1.571 4
0168 pf 02 1.444 -0.300 1.475 4
0168 pf 03 1.120 0.389 1.186 5
0168 pf 04 1.519 0.126 1.524 5
0168 pf 05 1.108 0.136 1.116 5
0168 pf 06 1.522 -0.187 1.533 4
0168 pf 07 1.351 0.199 1.365 5
0168 pf 08 1.556 0.031 1.556 5
0168 pf 09 1.428 -0.049 1.429 4
0168 pf 10 1.552 -0.107 1.556 4
0168 pf 11 1.279 0.091 1.282 5
0168 pf 12 1.876 -0.119 1.879 4
0168 pf 13 1.692 0.248 1.711 5
0168 pf 14 1.180 -0.279 1.213 4
0168 pf 15 1.508 -0.203 1.521 4
0168 pf 16 1.683 -0.223 1.697 4
0168 pf 17 1.517 -0.177 1.527 4
0168 pf 18 1.175 -0.273 1.206 4
0168 pf 19 1.457 0.220 1.473 5
0168 pf 20 1.779 -0.140 1.784 4
0168 pf 21 1.205 0.096 1.209 5
0168 pf 22 1.404 -0.278 1.431 4
0168 pf 23 1.888 0.261 1.906 5
0168 pf 24 1.837 0.242 1.853 5
0168 pf 25 1.526 -0.832 1.738 4
0168 pf 26 1.287 0.075 1.289 5
0168 pf 27 1.127 -0.083 1.130 4
0168 pf 28 1.936 0.229 1.949 5
0168 pf 29 1.788 0.136 1.793 5
0168 pf 30 1.261 0.285 1.293 5
0168 pf 31 1.506 -0.038 1.507 4
0168 pf 32 1.509 -0.187 1.521 4
0168 pf 33 1.340 0.399 1.398 5
0168 pf 34 1.195 -0.088 1.198 4
0168 pf 35 1.768 -0.078 1.769 4
0168 pf 36 1.401 0.031 1.402 5
0168 pf 37 2.021 -0.038 2.021 4
0168 pf 38 1.403 0.077 1.405 5
0168 pf 39 1.911 0.046 1.912 5
0168 pf 40 1.565 0.294 1.593 5
0168 pf 41 1.200 -0.041 1.200 4
0168 pf 42 1.752 0.152 1.759 5
0168 pf 43 1.459 -0.301 1.489 4
0168 pf 44 1.204 0.283 1.237 5
0168 pf 45 1.334 -0.807 1.559 4
0168 pf 46 1.467 -0.059 1.469 4
0168 pf 47 1.451 0.285 1.479 5
0168 pf 48 1.562 -0.305 1.591 4
0168 pf 49 1.007 -0.367 1.072 4
0168 pf 50 1.765 0.322 1.794 5
0192 em 00 1.428 0.193 1.441 5
0192 cf 00 1.269 0.183 1.282 5
0192 pf 01 1.791 -0.191 1.801 4
0192 pf 02 1.313 -0.230 1.333 4
0192 pf 03 1.199 0.672 1.374 5
0192 pf 04 1.304 0.284 1.335 5
0192 pf 05 0.799 0.194 0.822 5
0192 pf 06 1.554 0.161 1.562 5
0192 pf 07 1.053 0.278 1.089 5
0192 pf 08 1.464 0.405 1.518 5
0192 pf 09 1.225 -0.064 1.227 4
0192 pf 10 1.462 0.265 1.486 5
0192 pf 11 1.319 0.578 1.440 5
0192 pf 12 1.568 0.229 1.585 5
0192 pf 13 1.377 0.521 1.472 5
0192 pf 14 1.250 -0.324 1.292 4
0192 pf 15 1.368 0.048 1.368 5
0192 pf 16 1.625 -0.017 1.625 4
0192 pf 17 1.622 -0.079 1.624 4
0192 pf 18 1.013 -0.055 1.014 4
0192 pf 19 1.318 0.318 1.355 5
0192 pf 20 1.668 -0.153 1.675 4
0192 pf 21 1.221 0.268 1.250 5
0192 pf 22 1.644 -0.112 1.648 4
0192 pf 23 1.813 0.385 1.854 5
0192 pf 24 1.873 0.395 1.914 5
0192 pf 25 1.652 -0.576 1.750 4
0192 pf 26 1.425 0.354 1.468 5
0192 pf 27 1.156 -0.119 1.162 4
0192 pf 28 1.611 0.683 1.750 5
0192 pf 29 1.626 0.179 1.636 5
0192 pf 30 1.102 0.691 1.301 5
0192 pf 31 1.544 0.210 1.558 5
0192 pf 32 1.425 -0.077 1.427 4
0192 pf 33 1.215 0.446 1.294 5
0192 pf 34 1.262 0.063 1.263 5
0192 pf 35 1.588 0.102 1.591 5
0192 pf 36 1.423 0.313 1.457 5
0192 pf 37 1.799 0.181 1.808 5
0192 pf 38 1.577 0.438 1.637 5
0192 pf 39 1.761 0.408 1.808 5
0192 pf 40 1.539 0.699 1.690 5
0192 pf 41 1.160 -0.011 1.160 4
0192 pf 42 1.454 0.383 1.504 5
0192 pf 43 1.529 0.168 1.539 5
0192 pf 44 0.854 0.558 1.020 5
0192 pf 45 1.379 -0.664 1.530 4
0192 pf 46 1.441 0.190 1.454 5
0192 pf 47 1.353 0.519 1.449 5
0192 pf 48 1.470 0.058 1.471 5
0192 pf 49 0.952 -0.079 0.955 4
0192 pf 50 1.525 0.748 1.698 5
0216 em 00 1.203 0.454 1.286 5
0216 cf 00 1.061 0.285 1.098 5
0216 pf 01 1.621 0.348 1.658 5
0216 pf 02 1.021 0.113 1.027 5
0216 pf 03 0.785 0.747 1.083 5
0216 pf 04 0.979 0.234 1.007 5
0216 pf 05 0.490 0.339 0.596 5
0216 pf 06 1.384 0.525 1.480 5
0216 pf 07 0.700 0.204 0.729 5
0216 pf 08 1.260 0.586 1.390 5
0216 pf 09 0.804 0.355 0.879 5
0216 pf 10 1.475 0.587 1.588 5
0216 pf 11 1.312 1.029 1.668 5
0216 pf 12 1.264 0.203 1.280 5
0216 pf 13 0.918 0.983 1.345 6
0216 pf 14 1.372 -0.248 1.394 4
0216 pf 15 1.287 0.237 1.308 5
0216 pf 16 1.372 0.526 1.470 5
0216 pf 17 1.552 0.083 1.555 5
0216 pf 18 0.810 0.311 0.867 5
0216 pf 19 1.098 0.661 1.282 5
0216 pf 20 1.476 0.445 1.542 5
0216 pf 21 1.025 0.088 1.029 5
0216 pf 22 1.557 0.226 1.573 5
0216 pf 23 1.597 0.467 1.664 5
0216 pf 24 1.216 0.661 1.384 5
0216 pf 25 1.369 -0.337 1.410 4
0216 pf 26 1.278 0.904 1.565 5
0216 pf 27 0.837 -0.094 0.842 4
0216 pf 28 1.441 0.947 1.724 5
0216 pf 29 1.537 0.352 1.577 5
0216 pf 30 0.587 0.957 1.123 6
0216 pf 31 1.375 0.626 1.510 5
0216 pf 32 1.483 0.192 1.495 5
0216 pf 33 0.849 0.640 1.063 5
0216 pf 34 1.400 0.223 1.417 5
0216 pf 35 1.444 0.568 1.552 5
0216 pf 36 1.339 0.531 1.441 5
0216 pf 37 1.379 0.785 1.587 5
0216 pf 38 1.353 0.504 1.444 5
0216 pf 39 1.455 0.897 1.709 5
0216 pf 40 1.340 0.932 1.632 5
0216 pf 41 1.248 0.205 1.265 5
0216 pf 42 0.877 0.585 1.055 5
0216 pf 43 1.181 0.564 1.309 5
0216 pf 44 0.231 0.570 0.615 6
0216 pf 45 1.503 -0.446 1.568 4
0216 pf 46 1.393 0.773 1.593 5
0216 pf 47 1.184 0.748 1.400 5
0216 pf 48 1.094 0.297 1.134 5
0216 pf 49 0.791 0.227 0.823 5
0216 pf 50 1.167 0.882 1.463 5
0240 em 00 0.911 0.677 1.135 5
0240 cf 00 0.706 0.381 0.802 5
0240 pf 01 1.023 0.822 1.312 5
0240 pf 02 0.625 0.395 0.739 5
0240 pf 03 0.568 0.812 0.991 6
0240 pf 04 0.564 0.543 0.782 5
0240 pf 05 0.300 0.392 0.494 6
0240 pf 06 0.894 0.764 1.176 5
0240 pf 07 0.419 0.186 0.458 5
0240 pf 08 1.053 1.092 1.518 6
0240 pf 09 0.447 0.446 0.631 5
0240 pf 10 1.353 0.862 1.604 5
0240 pf 11 1.016 1.554 1.857 6
0240 pf 12 0.911 0.511 1.044 5
0240 pf 13 0.743 1.024 1.265 6
0240 pf 14 1.302 0.132 1.309 5
0240 pf 15 1.187 0.649 1.353 5
0240 pf 16 0.908 0.749 1.177 5
0240 pf 17 1.065 0.217 1.087 5
0240 pf 18 0.695 0.601 0.919 5
0240 pf 19 0.702 0.623 0.939 5
0240 pf 20 1.235 0.799 1.471 5
0240 pf 21 0.623 0.285 0.685 5
0240 pf 22 1.295 0.563 1.412 5
0240 pf 23 1.437 0.694 1.596 5
0240 pf 24 0.762 0.815 1.116 6
0240 pf 25 0.904 -0.134 0.914 4
0240 pf 26 1.016 1.106 1.502 6
0240 pf 27 0.486 0.055 0.489 5
0240 pf 28 1.126 1.150 1.610 6
0240 pf 29 0.979 0.434 1.071 5
0240 pf 30 0.571 0.983 1.137 6
0240 pf 31 1.080 0.938 1.430 5
0240 pf 32 1.379 0.494 1.465 5
0240 pf 33 0.546 0.890 1.044 6
0240 pf 34 1.203 0.519 1.310 5
0240 pf 35 1.121 0.803 1.379 5
0240 pf 36 0.780 0.918 1.205 6
0240 pf 37 1.336 1.034 1.690 5
0240 pf 38 1.071 0.755 1.310 5
0240 pf 39 1.147 1.146 1.621 5
0240 pf 40 1.025 1.048 1.466 6
0240 pf 41 1.228 0.593 1.364 5
0240 pf 42 0.176 0.658 0.681 6
0240 pf 43 1.234 0.910 1.533 5
0240 pf 44 -0.102 0.654 0.662 7
0240 pf 45 1.191 -0.205 1.208 4
0240 pf 46 1.212 1.002 1.573 5
0240 pf 47 0.878 0.930 1.279 6
0240 pf 48 0.705 0.383 0.802 5
0240 pf 49 0.629 0.294 0.694 5
0240 pf 50 1.002 1.054 1.454 6
0264 em 00 0.681 0.834 1.076 6
0264 cf 00 0.261 0.346 0.433 6
0264 pf 01 0.667 1.150 1.330 6
0264 pf 02 0.334 0.488 0.592 6
0264 pf 03 0.493 1.103 1.208 6
0264 pf 04 -0.086 1.126 1.129 7
0264 pf 05 0.261 0.395 0.474 6
0264 pf 06 0.756 0.877 1.158 6
0264 pf 07 0.453 0.357 0.577 5
0264 pf 08 0.623 0.935 1.124 6
0264 pf 09 0.243 0.429 0.493 6
0264 pf 10 0.861 1.068 1.372 6
0264 pf 11 0.803 1.733 1.910 6
0264 pf 12 0.894 0.899 1.268 6
0264 pf 13 0.698 1.159 1.353 6
0264 pf 14 1.176 0.365 1.232 5
0264 pf 15 1.238 0.962 1.568 5
0264 pf 16 0.814 0.950 1.251 6
0264 pf 17 0.414 0.303 0.513 5
0264 pf 18 0.620 0.620 0.877 6
0264 pf 19 0.507 0.543 0.742 6
0264 pf 20 1.211 0.976 1.555 5
0264 pf 21 0.518 0.448 0.685 5
0264 pf 22 1.051 0.650 1.236 5
0264 pf 23 1.095 0.835 1.377 5
0264 pf 24 0.578 0.903 1.072 6
0264 pf 25 0.767 0.083 0.772 5
0264 pf 26 0.823 1.101 1.375 6
0264 pf 27 0.533 0.191 0.566 5
0264 pf 28 0.820 1.528 1.734 6
0264 pf 29 0.396 0.498 0.637 6
0264 pf 30 0.499 1.074 1.184 6
0264 pf 31 0.651 1.108 1.285 6
0264 pf 32 1.146 0.672 1.328 5
0264 pf 33 0.100 1.168 1.172 6
0264 pf 34 0.991 0.692 1.208 5
0264 pf 35 0.754 0.847 1.134 6
0264 pf 36 0.343 0.982 1.040 6
0264 pf 37 1.268 1.207 1.750 5
0264 pf 38 0.908 0.950 1.314 6
0264 pf 39 0.805 1.317 1.544 6
0264 pf 40 0.508 1.250 1.349 6
0264 pf 41 1.115 0.915 1.443 5
0264 pf 42 -0.043 0.602 0.604 7
0264 pf 43 1.151 1.087 1.583 5
0264 pf 44 -0.111 0.533 0.544 7
0264 pf 45 1.088 0.022 1.089 5
0264 pf 46 0.965 1.430 1.725 6
0264 pf 47 0.725 1.247 1.443 6
0264 pf 48 0.393 0.726 0.826 6
0264 pf 49 0.121 0.434 0.451 6
0264 pf 50 0.883 1.017 1.347 6
0288 em 00 0.454 0.974 1.075 6
0288 cf 00 0.179 0.574 0.601 6
0288 pf 01 0.507 1.307 1.402 6
0288 pf 02 0.327 0.654 0.731 6
0288 pf 03 0.210 1.240 1.258 6
0288 pf 04 -0.486 1.211 1.305 7
0288 pf 05 0.212 0.141 0.255 5
0288 pf 06 0.399 0.869 0.956 6
0288 pf 07 0.326 0.515 0.609 6
0288 pf 08 0.263 0.920 0.957 6
0288 pf 09 -0.008 0.290 0.290 7
0288 pf 10 0.607 1.202 1.346 6
0288 pf 11 0.421 1.847 1.895 6
0288 pf 12 0.655 1.075 1.259 6
0288 pf 13 0.719 1.264 1.454 6
0288 pf 14 0.743 0.687 1.012 5
0288 pf 15 0.882 1.240 1.521 6
0288 pf 16 0.509 1.330 1.424 6
0288 pf 17 0.011 0.468 0.468 6
0288 pf 18 0.381 0.374 0.534 5
0288 pf 19 0.254 0.872 0.908 6
0288 pf 20 1.148 1.293 1.729 6
0288 pf 21 0.241 0.505 0.560 6
0288 pf 22 0.992 0.781 1.262 5
0288 pf 23 0.765 0.799 1.107 6
0288 pf 24 0.352 1.094 1.149 6
0288 pf 25 0.792 0.445 0.909 5
0288 pf 26 0.602 1.176 1.321 6
0288 pf 27 0.538 0.362 0.649 5
0288 pf 28 0.379 1.744 1.785 6
0288 pf 29 0.179 0.497 0.528 6
0288 pf 30 0.157 1.254 1.264 6
0288 pf 31 -0.019 1.071 1.071 7
0288 pf 32 0.836 0.647 1.057 5
0288 pf 33 0.085 1.311 1.314 6
0288 pf 34 1.221 1.116 1.654 5
0288 pf 35 0.401 0.811 0.904 6
0288 pf 36 0.348 0.880 0.946 6
0288 pf 37 0.842 1.477 1.700 6
0288 pf 38 0.687 1.193 1.377 6
0288 pf 39 0.504 1.404 1.492 6
0288 pf 40 0.219 1.264 1.283 6
0288 pf 41 0.793 1.186 1.427 6
0288 pf 42 -0.020 0.638 0.638 7
0288 pf 43 0.758 1.643 1.809 6
0288 pf 44 0.046 0.665 0.666 6
0288 pf 45 0.824 0.297 0.876 5
0288 pf 46 0.682 1.588 1.729 6
0288 pf 47 0.440 1.459 1.524 6
0288 pf 48 0.124 0.940 0.949 6
0288 pf 49 0.044 0.530 0.532 6
0288 pf 50 0.608 1.310 1.444 6
0312 em 00 0.237 1.091 1.116 6
0312 cf 00 0.246 0.755 0.794 6
0312 pf 01 0.151 1.558 1.565 6
0312 pf 02 0.210 0.830 0.857 6
0312 pf 03 -0.040 1.321 1.321 7
0312 pf 04 -0.393 1.242 1.303 7
0312 pf 05 0.243 0.183 0.305 5
0312 pf 06 -0.056 0.809 0.811 7
0312 pf 07 0.291 0.581 0.650 6
0312 pf 08 -0.306 0.774 0.832 7
0312 pf 09 -0.241 0.380 0.450 7
0312 pf 10 0.143 1.491 1.498 6
0312 pf 11 0.328 2.092 2.117 6
0312 pf 12 0.299 1.206 1.242 6
0312 pf 13 0.228 1.335 1.354 6
0312 pf 14 0.453 1.007 1.104 6
0312 pf 15 0.724 1.246 1.441 6
0312 pf 16 0.134 1.339 1.346 6
0312 pf 17 -0.351 0.551 0.654 7
0312 pf 18 0.159 0.451 0.479 6
0312 pf 19 0.242 0.904 0.936 6
0312 pf 20 1.124 1.320 1.734 6
0312 pf 21 -0.082 0.331 0.341 7
0312 pf 22 0.660 1.096 1.280 6
0312 pf 23 0.683 0.777 1.035 6
0312 pf 24 -0.094 1.337 1.341 7
0312 pf 25 0.668 0.558 0.870 5
0312 pf 26 0.552 1.646 1.736 6
0312 pf 27 0.375 0.652 0.753 6
0312 pf 28 -0.034 1.711 1.711 7
0312 pf 29 -0.068 0.609 0.612 7
0312 pf 30 -0.414 1.308 1.372 7
0312 pf 31 -0.329 1.126 1.173 7
0312 pf 32 0.753 0.864 1.146 6
0312 pf 33 0.338 1.201 1.248 6
0312 pf 34 1.040 1.788 2.069 6
0312 pf 35 0.127 1.198 1.204 6
0312 pf 36 0.374 0.729 0.819 6
0312 pf 37 0.375 1.609 1.652 6
0312 pf 38 0.095 1.252 1.256 6
0312 pf 39 0.281 1.499 1.525 6
0312 pf 40 0.110 1.154 1.160 6
0312 pf 41 0.448 1.312 1.386 6
0312 pf 42 0.125 0.581 0.594 6
0312 pf 43 0.540 1.987 2.059 6
0312 pf 44 0.036 0.587 0.589 6
0312 pf 45 0.329 0.899 0.957 6
0312 pf 46 0.211 1.705 1.718 6
0312 pf 47 0.249 1.642 1.661 6
0312 pf 48 -0.119 0.973 0.980 7
0312 pf 49 0.183 0.599 0.626 6
0312 pf 50 0.641 1.296 1.446 6
0336 em 00 0.168 1.132 1.145 6
0336 cf 00 0.165 0.620 0.641 6
0336 pf 01 -0.428 1.648 1.703 7
0336 pf 02 0.031 0.534 0.535 6
0336 pf 03 -0.159 1.139 1.150 7
0336 pf 04 -0.294 1.048 1.088 7
0336 pf 05 0.339 0.181 0.384 5
0336 pf 06 -0.142 0.711 0.725 7
0336 pf 07 0.339 0.506 0.610 6
0336 pf 08 -0.427 0.554 0.699 7
0336 pf 09 -0.382 0.573 0.689 7
0336 pf 10 -0.246 1.860 1.876 7
0336 pf 11 -0.005 1.988 1.988 7
0336 pf 12 -0.054 1.630 1.631 7
0336 pf 13 0.014 1.285 1.285 6
0336 pf 14 0.256 1.139 1.168 6
0336 pf 15 0.473 1.337 1.418 6
0336 pf 16 -0.137 1.359 1.366 7
0336 pf 17 -0.169 0.348 0.386 7
0336 pf 18 -0.103 0.521 0.532 7
0336 pf 19 0.320 0.916 0.970 6
0336 pf 20 1.225 1.453 1.901 6
0336 pf 21 -0.373 0.548 0.663 7
0336 pf 22 0.925 1.667 1.907 6
0336 pf 23 0.388 0.763 0.856 6
0336 pf 24 -0.370 1.227 1.282 7
0336 pf 25 0.922 0.666 1.137 5
0336 pf 26 0.548 1.997 2.070 6
0336 pf 27 0.326 0.839 0.900 6
0336 pf 28 -0.187 1.458 1.470 7
0336 pf 29 0.186 0.615 0.642 6
0336 pf 30 -0.172 1.419 1.430 7
0336 pf 31 -0.332 0.747 0.818 7
0336 pf 32 0.322 1.053 1.101 6
0336 pf 33 0.560 1.167 1.294 6
0336 pf 34 0.578 2.216 2.290 6
0336 pf 35 -0.180 1.250 1.263 7
0336 pf 36 0.396 0.954 1.033 6
0336 pf 37 0.102 1.605 1.609 6
0336 pf 38 -0.177 1.223 1.236 7
0336 pf 39 0.144 1.865 1.870 6
0336 pf 40 -0.014 1.075 1.075 7
0336 pf 41 0.646 1.439 1.577 6
0336 pf 42 0.458 0.340 0.571 5
0336 pf 43 0.536 2.347 2.407 6
0336 pf 44 0.376 0.383 0.537 6
0336 pf 45 0.479 1.076 1.178 6
0336 pf 46 0.153 1.978 1.984 6
0336 pf 47 0.066 1.539 1.540 6
0336 pf 48 0.022 0.975 0.975 6
0336 pf 49 0.518 0.542 0.750 6
0336 pf 50 0.623 1.165 1.321 6
0360 em 00 0.152 1.065 1.076 6
0360 cf 00 0.160 0.505 0.530 6
0360 pf 01 -0.654 1.654 1.778 7
0360 pf 02 -0.261 0.377 0.459 7
0360 pf 03 -0.202 0.951 0.972 7
0360 pf 04 -0.235 1.020 1.047 7
0360 pf 05 0.289 0.173 0.337 5
0360 pf 06 0.214 0.486 0.531 6
0360 pf 07 0.803 0.328 0.867 5
0360 pf 08 -0.234 0.599 0.643 7
0360 pf 09 -0.026 0.749 0.749 7
0360 pf 10 -0.685 1.887 2.007 7
0360 pf 11 -0.139 2.140 2.145 7
0360 pf 12 -0.197 1.551 1.564 7
0360 pf 13 -0.120 1.442 1.447 7
0360 pf 14 0.203 1.110 1.128 6
0360 pf 15 0.183 1.242 1.255 6
0360 pf 16 -0.242 1.051 1.079 7
0360 pf 17 0.003 0.204 0.204 6
0360 pf 18 0.126 0.610 0.623 6
0360 pf 19 0.562 0.861 1.028 6
0360 pf 20 1.137 1.628 1.986 6
0360 pf 21 0.271 0.543 0.606 6
0360 pf 22 0.993 1.587 1.872 6
0360 pf 23 0.226 0.623 0.663 6
0360 pf 24 -0.407 1.390 1.448 7
0360 pf 25 0.945 0.608 1.124 5
0360 pf 26 0.687 1.846 1.969 6
0360 pf 27 0.435 1.093 1.176 6
0360 pf 28 -0.481 0.931 1.048 7
0360 pf 29 0.407 0.507 0.650 6
0360 pf 30 -0.120 1.179 1.185 7
0360 pf 31 -0.407 0.419 0.584 7
0360 pf 32 0.208 0.997 1.018 6
0360 pf 33 0.649 0.974 1.170 6
0360 pf 34 0.153 2.253 2.258 6
0360 pf 35 -0.073 1.183 1.186 7
0360 pf 36 0.252 0.749 0.790 6
0360 pf 37 -0.218 1.447 1.463 7
0360 pf 38 -0.196 1.031 1.049 7
0360 pf 39 0.081 2.053 2.054 6
0360 pf 40 -0.266 0.675 0.725 7
0360 pf 41 0.581 1.451 1.563 6
0360 pf 42 0.441 0.325 0.548 5
0360 pf 43 0.370 2.623 2.649 6
0360 pf 44 0.446 0.543 0.703 6
0360 pf 45 0.405 0.865 0.955 6
0360 pf 46 0.299 1.750 1.775 6
0360 pf 47 -0.099 1.630 1.633 7
0360 pf 48 0.337 0.752 0.824 6
0360 pf 49 0.389 0.521 0.650 6
0360 pf 50 0.338 1.011 1.066 6
0384 em 00 0.049 0.976 0.977 6
0384 cf 00 0.033 0.631 0.632 6
0384 pf 01 -0.657 1.447 1.589 7
0384 pf 02 -0.619 0.394 0.734 8
0384 pf 03 -0.094 0.757 0.763 7
0384 pf 04 0.023 0.861 0.861 6
0384 pf 05 -0.100 0.241 0.260 7
0384 pf 06 0.664 0.635 0.919 5
0384 pf 07 0.864 0.378 0.943 5
0384 pf 08 0.080 0.488 0.495 6
0384 pf 09 0.040 0.659 0.661 6
0384 pf 10 -0.982 1.770 2.024 7
0384 pf 11 -0.208 1.992 2.002 7
0384 pf 12 -0.288 1.263 1.295 7
0384 pf 13 -0.424 1.144 1.220 7
0384 pf 14 0.166 0.887 0.903 6
0384 pf 15 -0.153 0.947 0.959 7
0384 pf 16 -0.101 0.725 0.732 7
0384 pf 17 -0.369 0.337 0.500 8
0384 pf 18 -0.115 0.678 0.688 7
0384 pf 19 0.524 0.648 0.834 6
0384 pf 20 0.727 2.180 2.298 6
0384 pf 21 0.409 0.771 0.873 6
0384 pf 22 0.935 1.202 1.523 6
0384 pf 23 0.320 0.793 0.855 6
0384 pf 24 -0.640 1.275 1.427 7
0384 pf 25 1.073 0.829 1.356 5
0384 pf 26 0.576 2.025 2.105 6
0384 pf 27 0.479 1.014 1.121 6
0384 pf 28 -0.469 0.681 0.827 7
0384 pf 29 0.403 0.225 0.462 5
0384 pf 30 -0.331 0.828 0.892 7
0384 pf 31 -0.052 0.157 0.165 7
0384 pf 32 -0.010 1.002 1.002 7
0384 pf 33 0.325 0.805 0.868 6
0384 pf 34 -0.200 2.239 2.248 7
0384 pf 35 -0.452 1.247 1.326 7
0384 pf 36 0.009 0.290 0.291 6
0384 pf 37 -0.584 1.460 1.573 7
0384 pf 38 -0.334 0.724 0.797 7
0384 pf 39 -0.109 1.821 1.824 7
0384 pf 40 -0.572 0.356 0.674 8
0384 pf 41 0.196 1.157 1.174 6
0384 pf 42 0.558 0.190 0.590 5
0384 pf 43 0.300 2.826 2.842 6
0384 pf 44 0.592 0.661 0.888 6
0384 pf 45 0.165 0.577 0.600 6
0384 pf 46 0.217 1.183 1.203 6
0384 pf 47 -0.441 1.706 1.762 7
0384 pf 48 -0.048 0.807 0.808 7
0384 pf 49 0.273 0.599 0.658 6
0384 pf 50 0.489 1.057 1.165 6
0408 em 00 -0.084 1.016 1.019 7
0408 cf 00 -0.089 0.937 0.941 7
0408 pf 01 -0.680 1.143 1.330 7
0408 pf 02 -0.646 0.736 0.980 7
0408 pf 03 -0.146 0.817 0.830 7
0408 pf 04 -0.069 0.831 0.834 7
0408 pf 05 -0.410 0.297 0.506 8
0408 pf 06 0.663 0.461 0.808 5
0408 pf 07 0.774 0.810 1.121 6
0408 pf 08 0.063 0.632 0.635 6
0408 pf 09 0.029 0.799 0.800 6
0408 pf 10 -0.921 1.371 1.652 7
0408 pf 11 -0.259 1.925 1.943 7
0408 pf 12 -0.290 1.036 1.075 7
0408 pf 13 -0.785 1.042 1.305 7
0408 pf 14 0.088 0.796 0.801 6
0408 pf 15 -0.217 1.287 1.305 7
0408 pf 16 -0.050 0.767 0.769 7
0408 pf 17 -0.398 0.320 0.511 8
0408 pf 18 -0.524 0.695 0.870 7
0408 pf 19 0.410 1.193 1.262 6
0408 pf 20 0.571 2.140 2.215 6
0408 pf 21 0.297 0.991 1.035 6
0408 pf 22 0.723 1.321 1.506 6
0408 pf 23 0.187 0.975 0.993 6
0408 pf 24 -0.310 1.509 1.541 7
0408 pf 25 0.904 0.937 1.302 6
0408 pf 26 0.270 2.364 2.380 6
0408 pf 27 0.749 1.206 1.420 6
0408 pf 28 -0.383 0.649 0.754 7
0408 pf 29 0.112 0.078 0.136 5
0408 pf 30 -0.263 0.750 0.794 7
0408 pf 31 0.073 0.213 0.225 6
0408 pf 32 -0.278 0.943 0.983 7
0408 pf 33 0.523 0.582 0.782 6
0408 pf 34 -0.558 2.212 2.282 7
0408 pf 35 -0.684 1.566 1.709 7
0408 pf 36 -0.128 0.312 0.337 7
0408 pf 37 -0.366 1.601 1.642 7
0408 pf 38 -0.616 0.803 1.012 7
0408 pf 39 -0.234 1.562 1.580 7
0408 pf 40 -0.773 0.631 0.998 8
0408 pf 41 -0.510 1.141 1.250 7
0408 pf 42 0.315 0.175 0.361 5
0408 pf 43 0.311 2.971 2.987 6
0408 pf 44 0.224 0.552 0.595 6
0408 pf 45 -0.287 0.374 0.472 7
0408 pf 46 0.337 0.939 0.998 6
0408 pf 47 -0.920 1.582 1.830 7
0408 pf 48 -0.623 0.953 1.138 7
0408 pf 49 0.026 0.524 0.524 6
0408 pf 50 0.142 1.018 1.028 6
0432 em 00 -0.142 1.145 1.154 7
0432 cf 00 -0.231 1.170 1.193 7
0432 pf 01 -0.609 1.223 1.366 7
0432 pf 02 -0.504 0.731 0.888 7
0432 pf 03 -0.023 0.996 0.997 7
0432 pf 04 -0.549 0.790 0.961 7
0432 pf 05 -0.430 0.154 0.457 8
0432 pf 06 0.756 0.629 0.984 5
0432 pf 07 0.682 1.268 1.440 6
0432 pf 08 0.113 0.939 0.946 6
0432 pf 09 0.250 1.391 1.413 6
0432 pf 10 -0.905 1.265 1.555 7
0432 pf 11 -0.264 2.121 2.138 7
0432 pf 12 -0.295 0.835 0.885 7
0432 pf 13 -0.988 1.231 1.579 7
0432 pf 14 0.248 0.667 0.712 6
0432 pf 15 -0.181 1.229 1.242 7
0432 pf 16 -0.259 0.957 0.991 7
0432 pf 17 -0.375 0.646 0.747 7
0432 pf 18 -0.550 0.967 1.112 7
0432 pf 19 0.343 1.487 1.526 6
0432 pf 20 0.537 2.577 2.632 6
0432 pf 21 0.016 1.110 1.110 6
0432 pf 22 0.565 1.754 1.843 6
0432 pf 23 0.431 1.378 1.444 6
0432 pf 24 -0.571 1.477 1.583 7
0432 pf 25 0.820 1.200 1.454 6
0432 pf 26 0.329 2.630 2.650 6
0432 pf 27 0.700 1.155 1.351 6
0432 pf 28 -0.251 0.667 0.713 7
0432 pf 29 -0.110 0.131 0.171 7
0432 pf 30 -0.062 0.724 0.727 7
0432 pf 31 0.205 0.412 0.460 6
0432 pf 32 -0.278 0.957 0.997 7
0432 pf 33 0.848 0.680 1.087 5
0432 pf 34 -0.873 2.124 2.297 7
0432 pf 35 -0.351 1.715 1.751 7
0432 pf 36 -0.462 0.285 0.543 8
0432 pf 37 -0.413 1.675 1.726 7
0432 pf 38 -0.821 0.996 1.290 7
0432 pf 39 -0.205 1.870 1.882 7
0432 pf 40 -1.146 0.773 1.383 8
0432 pf 41 -0.870 1.500 1.734 7
0432 pf 42 0.258 0.588 0.642 6
0432 pf 43 0.311 2.888 2.905 6
0432 pf 44 0.206 0.511 0.551 6
0432 pf 45 -0.463 0.585 0.746 7
0432 pf 46 0.280 1.024 1.062 6
0432 pf 47 -1.263 1.082 1.663 8
0432 pf 48 -0.825 1.029 1.319 7
0432 pf 49 -0.063 0.869 0.871 7
0432 pf 50 -0.368 0.812 0.891 7
0456 em 00 -0.258 1.329 1.353 7
0456 cf 00 -0.482 1.293 1.380 7
0456 pf 01 -0.451 1.677 1.736 7
0456 pf 02 -0.229 0.815 0.847 7
0456 pf 03 -0.002 1.437 1.437 7
0456 pf 04 -0.895 0.948 1.304 7
0456 pf 05 -0.200 0.081 0.216 8
0456 pf 06 0.945 0.845 1.268 5
0456 pf 07 0.312 1.537 1.568 6
0456 pf 08 0.244 1.084 1.111 6
0456 pf 09 0.448 1.805 1.859 6
0456 pf 10 -0.792 0.903 1.202 7
0456 pf 11 -0.236 2.229 2.241 7
0456 pf 12 -0.803 0.656 1.037 8
0456 pf 13 -1.220 1.637 2.042 7
0456 pf 14 0.662 1.122 1.303 6
0456 pf 15 -0.384 1.242 1.300 7
0456 pf 16 -0.046 1.244 1.245 7
0456 pf 17 -0.467 1.048 1.147 7
0456 pf 18 -0.335 1.277 1.320 7
0456 pf 19 -0.066 1.552 1.554 7
0456 pf 20 -0.052 2.662 2.663 7
0456 pf 21 0.020 1.463 1.463 6
0456 pf 22 0.215 1.790 1.803 6
0456 pf 23 0.430 2.047 2.091 6
0456 pf 24 -0.961 2.004 2.223 7
0456 pf 25 0.514 1.856 1.925 6
0456 pf 26 -0.162 2.745 2.750 7
0456 pf 27 0.337 1.590 1.625 6
0456 pf 28 -0.120 0.997 1.004 7
0456 pf 29 -0.047 0.462 0.464 7
0456 pf 30 -0.376 0.723 0.815 7
0456 pf 31 0.042 0.580 0.582 6
0456 pf 32 -0.049 1.195 1.196 7
0456 pf 33 0.770 1.320 1.528 6
0456 pf 34 -1.188 2.028 2.351 7
0456 pf 35 -0.014 1.736 1.736 7
0456 pf 36 -0.376 0.611 0.717 7
0456 pf 37 -0.635 1.448 1.581 7
0456 pf 38 -1.239 0.594 1.374 8
0456 pf 39 -0.168 2.012 2.019 7
0456 pf 40 -1.241 0.838 1.498 8
0456 pf 41 -1.393 1.865 2.328 7
0456 pf 42 0.124 0.729 0.739 6
0456 pf 43 -0.233 3.066 3.074 7
0456 pf 44 0.072 1.194 1.196 6
0456 pf 45 -0.204 0.571 0.606 7
0456 pf 46 0.282 1.232 1.264 6
0456 pf 47 -1.244 0.441 1.320 8
0456 pf 48 -1.319 0.928 1.613 8
0456 pf 49 -0.482 0.856 0.983 7
0456 pf 50 -1.028 0.887 1.358 8
0480 em 00 -0.394 1.418 1.472 7
0480 cf 00 -0.734 1.139 1.355 7
0480 pf 01 -0.458 1.605 1.669 7
0480 pf 02 -0.538 0.848 1.005 7
0480 pf 03 0.113 1.719 1.722 6
0480 pf 04 -1.141 1.000 1.517 8
0480 pf 05 -0.318 0.455 0.555 7
0480 pf 06 0.932 0.911 1.303 5
0480 pf 07 0.244 1.330 1.352 6
0480 pf 08 0.215 1.294 1.311 6
0480 pf 09 0.470 1.721 1.784 6
0480 pf 10 -0.513 1.080 1.196 7
0480 pf 11 -0.505 2.616 2.664 7
0480 pf 12 -0.785 0.306 0.842 8
0480 pf 13 -1.392 1.758 2.243 7
0480 pf 14 0.787 1.571 1.757 6
0480 pf 15 -0.743 1.320 1.515 7
0480 pf 16 0.435 1.489 1.551 6
0480 pf 17 -0.270 1.368 1.395 7
0480 pf 18 -0.416 1.474 1.532 7
0480 pf 19 -0.419 1.645 1.698 7
0480 pf 20 -0.126 2.758 2.760 7
0480 pf 21 0.089 1.464 1.466 6
0480 pf 22 0.180 2.038 2.046 6
0480 pf 23 -0.052 2.397 2.398 7
0480 pf 24 -1.286 2.037 2.409 7
0480 pf 25 -0.119 2.172 2.176 7
0480 pf 26 -0.532 2.932 2.980 7
0480 pf 27 0.006 1.736 1.736 6
0480 pf 28 -0.051 1.033 1.034 7
0480 pf 29 -0.209 0.548 0.586 7
0480 pf 30 -0.668 0.798 1.041 7
0480 pf 31 0.036 0.914 0.914 6
0480 pf 32 0.098 1.216 1.220 6
0480 pf 33 0.606 1.724 1.828 6
0480 pf 34 -1.447 1.779 2.293 7
0480 pf 35 -0.069 1.615 1.617 7
0480 pf 36 -0.364 1.243 1.295 7
0480 pf 37 -0.978 1.410 1.715 7
0480 pf 38 -1.187 0.204 1.205 8
0480 pf 39 -0.625 1.985 2.081 7
0480 pf 40 -1.049 0.689 1.255 8
0480 pf 41 -1.453 1.585 2.150 7
0480 pf 42 -0.228 0.848 0.878 7
0480 pf 43 -0.888 2.867 3.002 7
0480 pf 44 -0.245 1.640 1.658 7
0480 pf 45 -0.119 0.781 0.790 7
0480 pf 46 0.241 1.368 1.389 6
0480 pf 47 -1.235 0.263 1.263 8
0480 pf 48 -1.533 0.741 1.703 8
0480 pf 49 -0.922 0.671 1.140 8
0480 pf 50 -1.328 1.155 1.760 8
0504 em 00 -0.531 1.509 1.599 7
0504 cf 00 -0.847 0.979 1.294 7
0504 pf 01 -0.168 1.632 1.640 7
0504 pf 02 -0.936 1.155 1.487 7
0504 pf 03 0.141 2.033 2.038 6
0504 pf 04 -1.466 1.165 1.873 8
0504 pf 05 -0.499 0.720 0.876 7
0504 pf 06 0.831 1.455 1.676 6
0504 pf 07 -0.136 1.643 1.649 7
0504 pf 08 0.022 1.195 1.195 6
0504 pf 09 0.081 1.742 1.744 6
0504 pf 10 -0.382 1.280 1.335 7
0504 pf 11 -0.786 2.808 2.916 7
0504 pf 12 -1.062 0.157 1.074 8
0504 pf 13 -1.307 1.634 2.093 7
0504 pf 14 0.850 1.948 2.125 6
0504 pf 15 -0.678 1.296 1.463 7
0504 pf 16 0.555 1.935 2.013 6
0504 pf 17 -0.300 1.407 1.439 7
0504 pf 18 -0.318 1.946 1.972 7
0504 pf 19 -0.816 1.653 1.844 7
0504 pf 20 -0.412 3.212 3.239 7
0504 pf 21 0.104 1.324 1.328 6
0504 pf 22 -0.186 2.034 2.043 7
0504 pf 23 -0.706 2.323 2.428 7
0504 pf 24 -1.367 1.729 2.204 7
0504 pf 25 -0.529 1.960 2.030 7
0504 pf 26 -1.028 3.060 3.228 7
0504 pf 27 -0.533 1.828 1.904 7
0504 pf 28 -0.337 1.116 1.166 7
0504 pf 29 -0.420 0.768 0.875 7
0504 pf 30 -0.902 0.826 1.223 8
0504 pf 31 -0.160 1.123 1.135 7
0504 pf 32 0.075 1.416 1.418 6
0504 pf 33 0.353 2.006 2.036 6
0504 pf 34 -1.450 1.300 1.947 8
0504 pf 35 -0.280 1.735 1.758 7
0504 pf 36 -0.368 1.385 1.433 7
0504 pf 37 -0.955 1.712 1.960 7
0504 pf 38 -0.612 -0.047 0.614 1
0504 pf 39 -0.926 1.850 2.069 7
0504 pf 40 -1.357 1.012 1.693 8
0504 pf 41 -0.988 1.243 1.588 7
0504 pf 42 -0.097 0.951 0.956 7
0504 pf 43 -1.249 2.686 2.962 7
0504 pf 44 -0.371 2.125 2.157 7
0504 pf 45 -0.368 0.641 0.739 7
0504 pf 46 0.007 1.586 1.586 6
0504 pf 47 -1.004 0.078 1.007 8
0504 pf 48 -1.661 0.771 1.831 8
0504 pf 49 -1.126 0.906 1.445 8
0504 pf 50 -1.237 1.345 1.827 7
0528 em 00 -0.599 1.622 1.729 7
0528 cf 00 -0.954 0.968 1.360 7
0528 pf 01 -0.391 2.058 2.095 7
0528 pf 02 -0.845 1.211 1.477 7
0528 pf 03 0.038 2.169 2.169 6
0528 pf 04 -1.707 1.136 2.050 8
0528 pf 05 -0.477 0.808 0.938 7
0528 pf 06 0.726 2.181 2.298 6
0528 pf 07 -0.100 2.010 2.013 7
0528 pf 08 -0.483 1.343 1.428 7
0528 pf 09 -0.143 2.104 2.109 7
0528 pf 10 -0.435 1.448 1.512 7
0528 pf 11 -0.632 2.801 2.872 7
0528 pf 12 -0.856 0.504 0.994 8
0528 pf 13 -1.469 1.832 2.349 7
0528 pf 14 0.728 2.543 2.645 6
0528 pf 15 -0.589 1.283 1.411 7
0528 pf 16 0.382 2.313 2.344 6
0528 pf 17 -0.015 1.651 1.651 7
0528 pf 18 -0.333 2.233 2.258 7
0528 pf 19 -0.368 1.906 1.941 7
0528 pf 20 -0.711 3.174 3.253 7
0528 pf 21 0.123 1.180 1.186 6
0528 pf 22 -0.487 2.192 2.245 7
0528 pf 23 -1.012 2.321 2.532 7
0528 pf 24 -1.308 1.393 1.911 7
0528 pf 25 -0.878 1.982 2.168 7
0528 pf 26 -1.362 3.111 3.396 7
0528 pf 27 -0.585 2.068 2.149 7
0528 pf 28 -0.449 1.046 1.138 7
0528 pf 29 -0.342 0.941 1.001 7
0528 pf 30 -1.021 1.132 1.524 7
0528 pf 31 -0.330 1.075 1.124 7
0528 pf 32 -0.146 1.741 1.748 7
0528 pf 33 0.100 1.968 1.970 6
0528 pf 34 -1.314 0.971 1.634 8
0528 pf 35 -0.409 1.806 1.852 7
0528 pf 36 -0.262 1.622 1.643 7
0528 pf 37 -1.171 1.654 2.027 7
0528 pf 38 -0.487 -0.001 0.487 1
0528 pf 39 -0.767 2.006 2.148 7
0528 pf 40 -1.486 1.140 1.873 8
0528 pf 41 -0.590 1.148 1.291 7
0528 pf 42 -0.333 1.091 1.141 7
0528 pf 43 -1.346 2.615 2.941 7
0528 pf 44 -0.632 2.236 2.323 7
0528 pf 45 -0.233 1.083 1.108 7
0528 pf 46 -0.170 1.660 1.669 7
0528 pf 47 -0.673 0.061 0.676 8
0528 pf 48 -1.756 0.368 1.794 8
0528 pf 49 -1.218 1.002 1.577 8
0528 pf 50 -1.374 1.127 1.777 8
0552 em 00 -0.618 1.691 1.800 7
0552 cf 00 -0.978 1.216 1.561 7
0552 pf 01 -0.671 2.502 2.591 7
0552 pf 02 -0.764 1.146 1.377 7
0552 pf 03 -0.450 2.539 2.578 7
0552 pf 04 -1.304 0.680 1.471 8
0552 pf 05 -0.300 1.055 1.097 7
0552 pf 06 0.581 2.159 2.235 6
0552 pf 07 -0.165 1.831 1.838 7
0552 pf 08 -0.665 1.337 1.493 7
0552 pf 09 -0.305 2.624 2.642 7
0552 pf 10 -0.289 1.558 1.585 7
0552 pf 11 -0.379 3.198 3.221 7
0552 pf 12 -0.788 0.774 1.105 8
0552 pf 13 -1.306 1.989 2.380 7
0552 pf 14 0.328 2.830 2.849 6
0552 pf 15 -0.527 1.201 1.312 7
0552 pf 16 0.017 2.661 2.661 6
0552 pf 17 -0.174 2.078 2.085 7
0552 pf 18 -0.332 2.231 2.256 7
0552 pf 19 -0.583 2.158 2.236 7
0552 pf 20 -0.843 3.045 3.160 7
0552 pf 21 0.334 1.320 1.362 6
0552 pf 22 -0.815 2.355 2.492 7
0552 pf 23 -1.108 2.288 2.542 7
0552 pf 24 -1.180 1.093 1.608 8
0552 pf 25 -0.947 2.160 2.358 7
0552 pf 26 -1.337 3.022 3.304 7
0552 pf 27 -1.051 1.906 2.176 7
0552 pf 28 -0.379 1.386 1.437 7
0552 pf 29 -0.470 1.055 1.155 7
0552 pf 30 -1.345 1.171 1.784 8
0552 pf 31 -0.615 1.202 1.350 7
0552 pf 32 -0.427 1.867 1.915 7
0552 pf 33 -0.173 1.789 1.798 7
0552 pf 34 -1.276 0.696 1.453 8
0552 pf 35 -0.463 1.765 1.825 7
0552 pf 36 0.225 1.676 1.691 6
0552 pf 37 -1.405 1.593 2.124 7
0552 pf 38 -0.516 0.077 0.522 8
0552 pf 39 -0.569 2.048 2.126 7
0552 pf 40 -1.281 1.175 1.738 8
0552 pf 41 -0.213 1.043 1.065 7
0552 pf 42 -0.419 1.599 1.653 7
0552 pf 43 -1.381 2.413 2.780 7
0552 pf 44 -0.870 2.391 2.544 7
0552 pf 45 0.128 1.261 1.268 6
0552 pf 46 -0.052 1.792 1.792 7
0552 pf 47 -0.129 -0.233 0.266 2
0552 pf 48 -1.569 0.093 1.572 8
0552 pf 49 -1.037 1.024 1.457 8
0552 pf 50 -1.155 0.981 1.515 8
0576 em 00 -0.663 1.643 1.772 7
0576 cf 00 -0.910 1.177 1.487 7
0576 pf 01 -0.863 2.535 2.678 7
0576 pf 02 -0.543 0.671 0.864 7
0576 pf 03 -0.816 2.505 2.635 7
0576 pf 04 -1.028 0.362 1.089 8
0576 pf 05 -0.429 1.201 1.275 7
0576 pf 06 0.328 1.963 1.990 6
0576 pf 07 -0.136 1.870 1.875 7
0576 pf 08 -0.562 1.442 1.548 7
0576 pf 09 -0.504 2.946 2.989 7
0576 pf 10 -0.355 1.491 1.533 7
0576 pf 11 -0.700 2.853 2.938 7
0576 pf 12 -0.757 0.803 1.104 7
0576 pf 13 -1.600 1.785 2.397 7
0576 pf 14 -0.337 2.847 2.867 7
0576 pf 15 -0.399 0.864 0.951 7
0576 pf 16 -0.431 3.339 3.367 7
0576 pf 17 -0.335 2.212 2.237 7
0576 pf 18 -0.910 1.787 2.005 7
0576 pf 19 -1.329 1.804 2.241 7
0576 pf 20 -0.868 2.818 2.948 7
0576 pf 21 0.037 1.651 1.652 6
0576 pf 22 -0.918 2.078 2.271 7
0576 pf 23 -0.819 2.230 2.376 7
0576 pf 24 -0.848 1.071 1.366 7
0576 pf 25 -0.651 2.104 2.203 7
0576 pf 26 -1.395 2.549 2.906 7
0576 pf 27 -1.352 1.924 2.352 7
0576 pf 28 -0.518 1.457 1.546 7
0576 pf 29 -0.631 1.259 1.408 7
0576 pf 30 -1.057 0.758 1.301 8
0576 pf 31 -0.432 1.230 1.304 7
0576 pf 32 -0.320 2.147 2.170 7
0576 pf 33 -0.438 1.683 1.739 7
0576 pf 34 -1.154 0.657 1.328 8
0576 pf 35 -0.660 1.409 1.556 7
0576 pf 36 -0.232 1.692 1.708 7
0576 pf 37 -1.251 1.375 1.859 7
0576 pf 38 -0.713 0.424 0.830 8
0576 pf 39 -0.429 2.339 2.378 7
0576 pf 40 -0.867 1.210 1.488 7
0576 pf 41 -0.016 1.060 1.060 7
0576 pf 42 -0.495 1.801 1.867 7
0576 pf 43 -1.385 2.023 2.452 7
0576 pf 44 -1.338 2.574 2.900 7
0576 pf 45 0.231 1.320 1.340 6
0576 pf 46 0.356 1.604 1.643 6
0576 pf 47 0.213 -0.232 0.315 3
0576 pf 48 -1.406 -0.264 1.431 1
0576 pf 49 -0.768 0.992 1.255 7
0576 pf 50 -0.692 1.102 1.302 7
0600 em 00 -0.704 1.577 1.727 7
0600 cf 00 -1.024 0.791 1.294 8
0600 pf 01 -1.085 2.440 2.670 7
0600 pf 02 -0.570 0.700 0.903 7
0600 pf 03 -0.971 2.831 2.993 7
0600 pf 04 -0.885 0.015 0.885 8
0600 pf 05 -0.286 1.511 1.538 7
0600 pf 06 -0.063 1.667 1.668 7
0600 pf 07 -0.356 1.735 1.771 7
0600 pf 08 -0.152 1.713 1.719 7
0600 pf 09 -0.656 3.170 3.238 7
0600 pf 10 -0.269 1.430 1.455 7
0600 pf 11 -1.080 2.397 2.629 7
0600 pf 12 -0.909 0.821 1.225 8
0600 pf 13 -1.851 1.691 2.507 8
0600 pf 14 -0.838 2.804 2.926 7
0600 pf 15 -0.518 1.057 1.177 7
0600 pf 16 -1.147 3.253 3.450 7
0600 pf 17 -0.717 2.415 2.519 7
0600 pf 18 -1.169 1.547 1.938 7
0600 pf 19 -1.746 1.255 2.150 8
0600 pf 20 -0.900 2.728 2.873 7
0600 pf 21 -0.281 1.797 1.819 7
0600 pf 22 -0.851 2.385 2.532 7
0600 pf 23 -0.705 2.241 2.350 7
0600 pf 24 -0.862 1.019 1.335 7
0600 pf 25 -0.374 1.544 1.588 7
0600 pf 26 -1.440 1.949 2.423 7
0600 pf 27 -1.530 1.522 2.158 8
0600 pf 28 -0.851 1.630 1.839 7
0600 pf 29 -0.663 1.384 1.535 7
0600 pf 30 -0.740 0.324 0.808 8
0600 pf 31 -0.337 1.234 1.279 7
0600 pf 32 -0.469 2.205 2.255 7
0600 pf 33 -0.695 1.415 1.576 7
0600 pf 34 -0.602 0.763 0.972 7
0600 pf 35 -1.092 1.139 1.577 7
0600 pf 36 -0.304 1.921 1.945 7
0600 pf 37 -0.968 1.137 1.493 7
0600 pf 38 -0.244 0.675 0.718 7
0600 pf 39 -0.630 2.153 2.243 7
0600 pf 40 -0.713 1.379 1.553 7
0600 pf 41 -0.200 1.137 1.155 7
0600 pf 42 -0.374 1.553 1.598 7
0600 pf 43 -1.387 1.704 2.197 7
0600 pf 44 -1.562 2.651 3.077 7
0600 pf 45 0.560 1.284 1.401 6
0600 pf 46 0.329 1.632 1.665 6
0600 pf 47 0.543 -0.104 0.553 4
0600 pf 48 -0.800 -0.479 0.932 1
0600 pf 49 -0.601 0.986 1.155 7
0600 pf 50 -0.250 1.070 1.099 7
0624 em 00 -0.746 1.531 1.703 7
0624 cf 00 -1.117 0.664 1.299 8
0624 pf 01 -1.397 2.550 2.907 7
0624 pf 02 -0.448 0.606 0.753 7
0624 pf 03 -0.827 2.499 2.632 7
0624 pf 04 -0.744 -0.167 0.763 1
0624 pf 05 -0.513 1.554 1.636 7
0624 pf 06 -0.365 1.792 1.829 7
0624 pf 07 -0.541 1.553 1.644 7
0624 pf 08 -0.114 1.833 1.836 7
0624 pf 09 -1.301 3.290 3.538 7
0624 pf 10 -0.294 1.444 1.474 7
0624 pf 11 -1.622 1.872 2.477 7
0624 pf 12 -0.942 0.894 1.299 8
0624 pf 13 -2.017 1.511 2.520 8
0624 pf 14 -1.277 2.943 3.208 7
0624 pf 15 -0.700 1.167 1.361 7
0624 pf 16 -1.379 2.996 3.298 7
0624 pf 17 -0.706 2.564 2.660 7
0624 pf 18 -1.282 1.628 2.072 7
0624 pf 19 -1.755 1.002 2.020 8
0624 pf 20 -0.840 2.612 2.744 7
0624 pf 21 -0.416 1.779 1.827 7
0624 pf 22 -1.175 2.178 2.475 7
0624 pf 23 -0.893 2.371 2.534 7
0624 pf 24 -0.752 1.240 1.450 7
0624 pf 25 -0.342 1.436 1.477 7
0624 pf 26 -1.479 1.598 2.177 7
0624 pf 27 -1.214 1.183 1.696 8
0624 pf 28 -0.892 1.317 1.590 7
0624 pf 29 -0.277 1.622 1.646 7
0624 pf 30 -0.567 -0.021 0.567 1
0624 pf 31 -0.219 1.334 1.352 7
0624 pf 32 -0.701 2.408 2.508 7
0624 pf 33 -0.440 1.311 1.383 7
0624 pf 34 0.117 0.794 0.803 6
0624 pf 35 -1.351 1.034 1.702 8
0624 pf 36 -0.453 2.557 2.597 7
0624 pf 37 -0.774 0.733 1.066 8
0624 pf 38 -0.312 0.884 0.937 7
0624 pf 39 -0.696 2.033 2.149 7
0624 pf 40 -0.688 1.312 1.482 7
0624 pf 41 -0.294 1.092 1.130 7
0624 pf 42 -0.503 1.322 1.414 7
0624 pf 43 -1.226 1.442 1.893 7
0624 pf 44 -1.483 2.719 3.097 7
0624 pf 45 0.041 1.250 1.251 6
0624 pf 46 0.263 1.937 1.955 6
0624 pf 47 0.492 -0.255 0.554 4
0624 pf 48 -0.639 -0.725 0.966 2
0624 pf 49 -0.214 0.879 0.905 7
0624 pf 50 0.057 1.306 1.307 6
0648 em 00 -0.801 1.519 1.718 7
0648 cf 00 -1.027 0.665 1.224 8
0648 pf 01 -1.383 2.492 2.850 7
0648 pf 02 -0.070 0.624 0.628 7
0648 pf 03 -0.897 2.427 2.588 7
0648 pf 04 -0.602 -0.589 0.842 1
0648 pf 05 -0.874 1.661 1.877 7
0648 pf 06 -0.362 2.149 2.179 7
0648 pf 07 -0.594 1.527 1.638 7
0648 pf 08 -0.075 2.105 2.106 7
0648 pf 09 -1.798 3.220 3.688 7
0648 pf 10 0.152 1.580 1.587 6
0648 pf 11 -2.042 2.246 3.036 7
0648 pf 12 -0.530 0.773 0.938 7
0648 pf 13 -2.043 1.261 2.401 8
0648 pf 14 -2.040 2.933 3.573 7
0648 pf 15 -0.835 1.415 1.643 7
0648 pf 16 -1.413 2.554 2.919 7
0648 pf 17 -1.254 2.834 3.099 7
0648 pf 18 -1.428 1.582 2.131 7
0648 pf 19 -1.890 0.902 2.094 8
0648 pf 20 -0.561 2.096 2.170 7
0648 pf 21 -0.280 1.882 1.902 7
0648 pf 22 -1.580 1.961 2.518 7
0648 pf 23 -1.098 2.235 2.490 7
0648 pf 24 -0.491 1.298 1.388 7
0648 pf 25 -0.500 1.444 1.528 7
0648 pf 26 -1.515 1.228 1.950 8
0648 pf 27 -0.888 1.012 1.347 7
0648 pf 28 -0.877 1.399 1.652 7
0648 pf 29 -0.371 1.534 1.578 7
0648 pf 30 -0.548 -0.067 0.553 1
0648 pf 31 -0.230 1.348 1.367 7
0648 pf 32 -1.212 2.465 2.747 7
0648 pf 33 -0.285 1.580 1.605 7
0648 pf 34 0.425 0.912 1.007 6
0648 pf 35 -1.228 0.807 1.470 8
0648 pf 36 -0.715 2.936 3.022 7
0648 pf 37 -0.648 0.447 0.787 8
0648 pf 38 -0.403 0.826 0.919 7
0648 pf 39 -0.771 2.481 2.598 7
0648 pf 40 -0.479 1.381 1.462 7
0648 pf 41 -0.425 1.243 1.314 7
0648 pf 42 -0.593 1.475 1.590 7
0648 pf 43 -1.092 1.576 1.917 7
0648 pf 44 -1.689 2.628 3.124 7
0648 pf 45 -0.169 1.609 1.618 7
0648 pf 46 0.096 1.921 1.924 6
0648 pf 47 0.245 -0.496 0.554 3
0648 pf 48 -0.301 -0.764 0.821 2
0648 pf 49 -0.428 0.665 0.790 7
0648 pf 50 -0.187 0.906 0.925 7
0672 em 00 -0.876 1.468 1.710 7
0672 cf 00 -0.764 0.536 0.933 8
0672 pf 01 -1.190 2.182 2.485 7
0672 pf 02 0.268 0.373 0.460 6
0672 pf 03 -1.109 2.410 2.653 7
0672 pf 04 -0.282 -0.775 0.825 2
0672 pf 05 -1.125 1.887 2.197 7
0672 pf 06 -0.012 2.053 2.053 7
0672 pf 07 -0.730 1.472 1.643 7
0672 pf 08 -0.532 2.088 2.154 7
0672 pf 09 -2.034 2.968 3.598 7
0672 pf 10 0.335 1.295 1.338 6
0672 pf 11 -2.417 2.373 3.387 8
0672 pf 12 -0.250 0.918 0.952 7
0672 pf 13 -2.161 1.032 2.395 8
0672 pf 14 -2.456 2.515 3.516 7
0672 pf 15 -0.884 1.470 1.715 7
0672 pf 16 -1.704 2.224 2.802 7
0672 pf 17 -1.793 2.756 3.288 7
0672 pf 18 -1.439 1.342 1.967 8
0672 pf 19 -1.485 0.572 1.591 8
0672 pf 20 -0.493 2.086 2.143 7
0672 pf 21 -0.527 1.727 1.805 7
0672 pf 22 -1.829 1.759 2.538 8
0672 pf 23 -1.161 2.345 2.616 7
0672 pf 24 -0.678 1.223 1.398 7
0672 pf 25 -0.551 1.480 1.579 7
0672 pf 26 -2.356 1.302 2.692 8
0672 pf 27 -0.785 0.970 1.248 7
0672 pf 28 -0.908 1.652 1.885 7
0672 pf 29 -0.686 1.361 1.524 7
0672 pf 30 -0.290 -0.211 0.359 1
0672 pf 31 -0.006 1.094 1.095 7
0672 pf 32 -1.671 2.309 2.850 7
0672 pf 33 -0.268 2.070 2.087 7
0672 pf 34 0.251 1.074 1.103 6
0672 pf 35 -0.987 0.508 1.110 8
0672 pf 36 -1.063 2.628 2.835 7
0672 pf 37 -0.504 0.351 0.614 8
0672 pf 38 -0.469 0.657 0.807 7
0672 pf 39 -1.048 2.621 2.823 7
0672 pf 40 -0.529 1.456 1.549 7
0672 pf 41 -0.646 1.272 1.426 7
0672 pf 42 -0.578 1.750 1.843 7
0672 pf 43 -0.958 1.923 2.148 7
0672 pf 44 -1.980 1.932 2.766 8
0672 pf 45 -0.524 1.908 1.979 7
0672 pf 46 -0.242 2.211 2.224 7
0672 pf 47 0.078 -0.216 0.229 3
0672 pf 48 0.056 -0.665 0.667 3
0672 pf 49 -0.315 0.563 0.645 7
0672 pf 50 0.004 0.918 0.918 6
0696 em 00 -0.990 1.385 1.703 7
0696 cf 00 -0.710 0.463 0.848 8
0696 pf 01 -1.142 1.765 2.102 7
0696 pf 02 0.383 0.250 0.457 5
0696 pf 03 -1.357 2.379 2.739 7
0696 pf 04 -0.376 -0.920 0.994 2
0696 pf 05 -1.315 1.669 2.125 7
0696 pf 06 -0.146 1.910 1.915 7
0696 pf 07 -1.132 1.419 1.815 7
0696 pf 08 -0.855 2.026 2.199 7
0696 pf 09 -2.050 2.686 3.379 7
0696 pf 10 0.535 1.314 1.419 6
0696 pf 11 -2.548 2.420 3.514 8
0696 pf 12 -0.402 0.809 0.903 7
0696 pf 13 -2.257 0.982 2.462 8
0696 pf 14 -2.516 1.834 3.114 8
0696 pf 15 -1.199 1.184 1.685 8
0696 pf 16 -1.678 2.005 2.615 7
0696 pf 17 -2.227 2.783 3.565 7
0696 pf 18 -1.710 1.238 2.111 8
0696 pf 19 -1.249 0.580 1.377 8
0696 pf 20 -0.836 2.042 2.207 7
0696 pf 21 -0.801 1.709 1.887 7
0696 pf 22 -2.073 1.700 2.681 8
0696 pf 23 -1.191 2.169 2.475 7
0696 pf 24 -0.327 1.138 1.184 7
0696 pf 25 -0.365 1.523 1.566 7
0696 pf 26 -2.764 1.237 3.028 8
0696 pf 27 -0.838 0.711 1.098 8
0696 pf 28 -1.046 1.863 2.136 7
0696 pf 29 -1.367 1.222 1.834 8
0696 pf 30 -0.361 -0.196 0.410 1
0696 pf 31 0.311 1.109 1.152 6
0696 pf 32 -1.553 2.266 2.747 7
0696 pf 33 -0.296 2.025 2.047 7
0696 pf 34 -0.143 1.247 1.255 7
0696 pf 35 -0.577 0.526 0.781 8
0696 pf 36 -1.290 2.490 2.804 7
0696 pf 37 -0.606 0.330 0.690 8
0696 pf 38 -0.950 0.430 1.043 8
0696 pf 39 -1.464 2.668 3.043 7
0696 pf 40 -0.655 1.504 1.640 7
0696 pf 41 -0.661 1.270 1.432 7
0696 pf 42 -0.625 1.766 1.873 7
0696 pf 43 -0.970 1.793 2.038 7
0696 pf 44 -2.086 1.555 2.602 8
0696 pf 45 -0.794 1.945 2.101 7
0696 pf 46 -0.670 2.088 2.193 7
0696 pf 47 -0.495 -0.297 0.578 1
0696 pf 48 0.237 -0.401 0.466 3
0696 pf 49 -0.010 0.448 0.448 7
0696 pf 50 0.148 0.869 0.881 6
0720 em 00 -1.065 1.315 1.692 7
0720 cf 00 -0.661 0.621 0.906 8
0720 pf 01 -0.872 1.483 1.720 7
0720 pf 02 0.341 0.357 0.494 6
0720 pf 03 -1.511 2.048 2.545 7
0720 pf 04 -0.360 -0.639 0.733 2
0720 pf 05 -1.547 1.327 2.038 8
0720 pf 06 -0.628 1.966 2.064 7
0720 pf 07 -1.169 1.249 1.711 7
0720 pf 08 -1.229 1.609 2.025 7
0720 pf 09 -1.853 2.503 3.114 7
0720 pf 10 0.367 1.223 1.277 6
0720 pf 11 -2.871 2.610 3.880 8
0720 pf 12 -0.060 1.242 1.243 7
0720 pf 13 -2.402 0.771 2.522 8
0720 pf 14 -2.282 1.404 2.680 8
0720 pf 15 -1.178 0.860 1.458 8
0720 pf 16 -1.666 1.891 2.520 7
0720 pf 17 -2.437 2.666 3.612 7
0720 pf 18 -1.708 0.873 1.918 8
0720 pf 19 -0.910 0.416 1.001 8
0720 pf 20 -1.336 2.140 2.523 7
0720 pf 21 -0.609 2.045 2.133 7
0720 pf 22 -2.318 1.629 2.833 8
0720 pf 23 -1.333 2.129 2.512 7
0720 pf 24 -0.238 0.780 0.815 7
0720 pf 25 -0.367 1.661 1.701 7
0720 pf 26 -2.653 0.995 2.833 8
0720 pf 27 -0.595 0.371 0.702 8
0720 pf 28 -1.013 1.866 2.123 7
0720 pf 29 -1.786 1.286 2.200 8
0720 pf 30 -0.388 0.194 0.434 8
0720 pf 31 0.083 1.066 1.070 6
0720 pf 32 -1.133 1.971 2.273 7
0720 pf 33 -0.346 2.081 2.110 7
0720 pf 34 -0.517 1.369 1.463 7
0720 pf 35 -0.464 0.464 0.656 7
0720 pf 36 -1.840 2.319 2.960 7
0720 pf 37 -0.334 0.336 0.474 7
0720 pf 38 -1.368 0.571 1.482 8
0720 pf 39 -1.777 2.269 2.882 7
0720 pf 40 -0.777 1.594 1.773 7
0720 pf 41 -0.767 1.276 1.489 7
0720 pf 42 -0.704 1.860 1.989 7
0720 pf 43 -1.070 1.573 1.903 7
0720 pf 44 -1.876 1.580 2.453 8
0720 pf 45 -1.254 1.778 2.176 7
0720 pf 46 -1.009 2.117 2.346 7
0720 pf 47 -0.724 -0.445 0.850 1
0720 pf 48 0.218 -0.357 0.419 3
0720 pf 49 0.196 0.174 0.262 5
0720 pf 50 -0.021 0.924 0.924 7
0744 em 00 -1.146 1.242 1.690 7
0744 cf 00 -0.619 0.749 0.972 7
0744 pf 01 -0.815 0.805 1.146 8
0744 pf 02 -0.040 0.586 0.587 7
0744 pf 03 -1.824 1.860 2.605 7
0744 pf 04 -0.361 -0.570 0.674 2
0744 pf 05 -1.514 0.709 1.672 8
0744 pf 06 -1.150 1.952 2.265 7
0744 pf 07 -1.131 1.176 1.632 7
0744 pf 08 -0.970 1.263 1.592 7
0744 pf 09 -1.836 2.390 3.014 7
0744 pf 10 0.115 1.298 1.303 6
0744 pf 11 -2.861 2.375 3.719 8
0744 pf 12 -0.036 1.778 1.778 7
0744 pf 13 -2.835 0.733 2.928 8
0744 pf 14 -2.361 1.102 2.606 8
0744 pf 15 -1.059 0.566 1.200 8
0744 pf 16 -2.132 2.154 3.031 7
0744 pf 17 -2.677 2.483 3.651 8
0744 pf 18 -1.720 0.753 1.878 8
0744 pf 19 -0.678 0.269 0.730 8
0744 pf 20 -1.535 1.810 2.374 7
0744 pf 21 -0.406 2.150 2.188 7
0744 pf 22 -2.310 1.259 2.631 8
0744 pf 23 -1.203 2.011 2.343 7
0744 pf 24 0.027 0.913 0.914 6
0744 pf 25 -0.703 1.952 2.075 7
0744 pf 26 -2.346 0.623 2.427 8
0744 pf 27 -0.818 0.047 0.820 8
0744 pf 28 -1.047 1.649 1.953 7
0744 pf 29 -1.940 1.314 2.343 8
0744 pf 30 -0.369 0.426 0.564 7
0744 pf 31 -0.011 1.433 1.433 7
0744 pf 32 -1.246 1.992 2.350 7
0744 pf 33 -0.072 1.840 1.842 7
0744 pf 34 -0.727 1.336 1.521 7
0744 pf 35 -0.518 0.569 0.770 7
0744 pf 36 -2.545 2.051 3.269 8
0744 pf 37 -0.049 0.320 0.323 7
0744 pf 38 -1.579 0.676 1.717 8
0744 pf 39 -2.027 1.985 2.837 8
0744 pf 40 -0.611 1.747 1.850 7
0744 pf 41 -1.042 1.551 1.869 7
0744 pf 42 -0.747 2.012 2.146 7
0744 pf 43 -1.253 1.312 1.814 7
0744 pf 44 -1.704 1.618 2.350 8
0744 pf 45 -1.443 1.403 2.013 8
0744 pf 46 -1.433 1.881 2.365 7
0744 pf 47 -0.992 -0.898 1.338 1
0744 pf 48 -0.006 -0.171 0.171 2
0744 pf 49 0.522 -0.101 0.532 4
0744 pf 50 -0.183 1.449 1.460 7
0768 em 00 -1.126 1.135 1.599 7
0768 cf 00 -0.964 0.972 1.369 7
0768 pf 01 -0.809 0.443 0.923 8
0768 pf 02 -0.243 0.810 0.845 7
0768 pf 03 -2.206 1.687 2.777 8
0768 pf 04 -0.221 -0.544 0.587 2
0768 pf 05 -1.617 0.134 1.623 8
0768 pf 06 -1.177 1.987 2.310 7
0768 pf 07 -0.936 0.840 1.257 8
0768 pf 08 -0.817 1.283 1.521 7
0768 pf 09 -1.657 2.329 2.858 7
0768 pf 10 0.337 1.564 1.600 6
0768 pf 11 -2.638 2.021 3.323 8
0768 pf 12 0.276 2.089 2.107 6
0768 pf 13 -2.884 0.566 2.939 8
0768 pf 14 -1.948 0.529 2.018 8
0768 pf 15 -1.008 0.385 1.079 8
0768 pf 16 -2.718 2.620 3.775 8
0768 pf 17 -2.642 2.069 3.355 8
0768 pf 18 -1.335 0.858 1.587 8
0768 pf 19 -0.201 0.063 0.211 8
0768 pf 20 -1.811 1.735 2.508 8
0768 pf 21 -0.377 2.290 2.321 7
0768 pf 22 -2.095 0.988 2.316 8
0768 pf 23 -0.779 1.932 2.083 7
0768 pf 24 0.222 1.035 1.059 6
0768 pf 25 -0.945 2.049 2.256 7
0768 pf 26 -1.682 0.300 1.709 8
0768 pf 27 -0.818 -0.108 0.825 1
0768 pf 28 -1.182 1.579 1.972 7
0768 pf 29 -1.789 1.425 2.287 8
0768 pf 30 -0.301 0.399 0.500 7
0768 pf 31 0.019 1.534 1.534 6
0768 pf 32 -1.564 1.692 2.304 7
0768 pf 33 0.058 1.583 1.584 6
0768 pf 34 -1.016 1.575 1.874 7
0768 pf 35 -0.267 0.630 0.685 7
0768 pf 36 -2.406 1.171 2.676 8
0768 pf 37 -0.120 -0.210 0.242 2
0768 pf 38 -1.514 0.462 1.583 8
0768 pf 39 -1.901 1.824 2.635 8
0768 pf 40 -1.031 1.846 2.114 7
0768 pf 41 -1.148 1.401 1.812 7
0768 pf 42 -1.247 1.972 2.333 7
0768 pf 43 -1.529 1.304 2.010 8
0768 pf 44 -1.404 1.452 2.019 7
0768 pf 45 -1.531 1.228 1.963 8
0768 pf 46 -1.686 1.720 2.408 7
0768 pf 47 -1.030 -1.304 1.662 2
0768 pf 48 0.177 -0.060 0.187 4
0768 pf 49 0.583 -0.498 0.767 4
0768 pf 50 -0.358 1.735 1.771 7
0792 em 00 -1.113 1.055 1.534 8
0792 cf 00 -1.367 0.791 1.579 8
0792 pf 01 -0.929 0.282 0.971 8
0792 pf 02 -0.576 0.838 1.017 7
0792 pf 03 -2.114 1.676 2.698 8
0792 pf 04 0.277 -0.302 0.410 3
0792 pf 05 -1.485 -0.187 1.497 1
0792 pf 06 -1.209 1.800 2.168 7
0792 pf 07 -1.015 0.873 1.339 8
0792 pf 08 -0.857 1.420 1.659 7
0792 pf 09 -1.381 2.415 2.782 7
0792 pf 10 0.392 1.844 1.885 6
0792 pf 11 -2.891 1.666 3.336 8
0792 pf 12 0.555 2.172 2.242 6
0792 pf 13 -2.909 -0.063 2.909 1
0792 pf 14 -1.815 -0.239 1.831 1
0792 pf 15 -0.648 0.207 0.680 8
0792 pf 16 -3.094 2.577 4.027 8
0792 pf 17 -2.324 2.079 3.118 8
0792 pf 18 -1.073 0.628 1.244 8
0792 pf 19 -0.032 -0.161 0.164 2
0792 pf 20 -2.225 1.326 2.590 8
0792 pf 21 -0.533 2.341 2.401 7
0792 pf 22 -2.213 0.698 2.321 8
0792 pf 23 -0.591 1.955 2.043 7
0792 pf 24 0.379 0.913 0.988 6
0792 pf 25 -0.757 2.010 2.148 7
0792 pf 26 -1.172 0.199 1.189 8
0792 pf 27 -0.417 -0.157 0.445 1
0792 pf 28 -1.109 1.302 1.710 7
0792 pf 29 -1.691 1.563 2.303 8
0792 pf 30 -0.044 0.549 0.551 7
0792 pf 31 -0.172 1.577 1.587 7
0792 pf 32 -1.560 1.620 2.249 7
0792 pf 33 0.136 1.327 1.334 6
0792 pf 34 -0.973 1.661 1.925 7
0792 pf 35 -0.166 0.739 0.758 7
0792 pf 36 -2.357 0.863 2.510 8
0792 pf 37 -0.533 -0.350 0.637 1
0792 pf 38 -1.422 0.156 1.431 8
0792 pf 39 -1.794 1.350 2.245 8
0792 pf 40 -1.239 2.105 2.442 7
0792 pf 41 -1.211 1.617 2.020 7
0792 pf 42 -1.166 2.091 2.394 7
0792 pf 43 -2.107 1.090 2.373 8
0792 pf 44 -1.279 1.682 2.113 7
0792 pf 45 -1.546 0.893 1.786 8
0792 pf 46 -2.082 1.967 2.865 8
0792 pf 47 -0.808 -1.569 1.765 2
0792 pf 48 0.310 0.502 0.590 6
0792 pf 49 0.372 -0.628 0.730 3
0792 pf 50 -0.770 1.786 1.945 7
0816 em 00 -1.095 0.976 1.466 8
0816 cf 00 -1.507 0.565 1.609 8
0816 pf 01 -1.241 0.189 1.255 8
0816 pf 02 -1.068 0.803 1.336 8
0816 pf 03 -1.729 1.522 2.304 8
0816 pf 04 0.625 -0.334 0.709 4
0816 pf 05 -1.302 -0.209 1.319 1
0816 pf 06 -1.411 1.417 2.000 7
0816 pf 07 -1.109 0.743 1.335 8
0816 pf 08 -1.294 1.592 2.051 7
0816 pf 09 -1.309 2.425 2.755 7
0816 pf 10 0.121 1.802 1.806 6
0816 pf 11 -3.210 1.205 3.429 8
0816 pf 12 0.241 2.154 2.168 6
0816 pf 13 -3.045 -0.413 3.073 1
0816 pf 14 -1.543 -0.592 1.653 1
0816 pf 15 -0.031 0.231 0.233 7
0816 pf 16 -3.354 1.935 3.873 8
0816 pf 17 -2.060 1.896 2.800 8
0816 pf 18 -0.758 0.408 0.861 8
0816 pf 19 0.118 0.046 0.127 5
0816 pf 20 -2.227 0.788 2.362 8
0816 pf 21 -0.589 2.015 2.099 7
0816 pf 22 -2.106 0.544 2.175 8
0816 pf 23 -0.882 1.869 2.067 7
0816 pf 24 0.360 0.913 0.981 6
0816 pf 25 -0.651 1.924 2.032 7
0816 pf 26 -0.578 0.347 0.674 8
0816 pf 27 -0.162 -0.241 0.290 2
0816 pf 28 -0.673 1.207 1.382 7
0816 pf 29 -1.627 1.595 2.279 8
0816 pf 30 -0.032 0.354 0.355 7
0816 pf 31 -0.423 1.523 1.581 7
0816 pf 32 -1.512 1.359 2.033 8
0816 pf 33 0.194 1.324 1.339 6
0816 pf 34 -0.720 1.758 1.900 7
0816 pf 35 -0.123 0.763 0.773 7
0816 pf 36 -2.479 0.856 2.622 8
0816 pf 37 -0.624 -0.427 0.756 1
0816 pf 38 -1.137 0.291 1.173 8
0816 pf 39 -1.270 1.329 1.839 7
0816 pf 40 -1.243 2.354 2.662 7
0816 pf 41 -1.425 1.664 2.191 7
0816 pf 42 -1.489 2.289 2.731 7
0816 pf 43 -2.195 1.063 2.439 8
0816 pf 44 -1.214 1.935 2.284 7
0816 pf 45 -1.525 0.713 1.683 8
0816 pf 46 -2.360 1.748 2.937 8
0816 pf 47 -0.523 -1.490 1.580 2
0816 pf 48 0.362 0.862 0.935 6
0816 pf 49 0.494 -0.552 0.741 3
0816 pf 50 -1.113 1.543 1.902 7
0840 em 00 -1.102 0.940 1.448 8
0840 cf 00 -1.407 0.542 1.508 8
0840 pf 01 -1.552 0.037 1.553 8
0840 pf 02 -1.056 0.748 1.294 8
0840 pf 03 -1.612 1.270 2.052 8
0840 pf 04 0.624 -0.314 0.699 4
0840 pf 05 -0.981 -0.605 1.153 1
0840 pf 06 -1.516 0.993 1.813 8
0840 pf 07 -0.810 1.080 1.350 7
0840 pf 08 -1.489 1.478 2.098 8
0840 pf 09 -1.356 2.196 2.580 7
0840 pf 10 -0.479 1.615 1.684 7
0840 pf 11 -3.196 0.885 3.316 8
0840 pf 12 -0.098 2.208 2.210 7
0840 pf 13 -3.086 -0.550 3.134 1
0840 pf 14 -1.359 -0.444 1.430 1
0840 pf 15 0.405 0.522 0.661 6
0840 pf 16 -3.072 1.429 3.388 8
0840 pf 17 -2.143 1.812 2.806 8
0840 pf 18 -0.768 0.434 0.882 8
0840 pf 19 0.092 0.446 0.455 6
0840 pf 20 -2.164 0.346 2.191 8
0840 pf 21 -0.806 1.824 1.994 7
0840 pf 22 -1.745 0.593 1.843 8
0840 pf 23 -1.202 1.537 1.952 7
0840 pf 24 -0.156 1.369 1.378 7
0840 pf 25 -0.812 1.723 1.905 7
0840 pf 26 -0.119 0.443 0.458 7
0840 pf 27 -0.118 0.042 0.126 8
0840 pf 28 -0.911 1.350 1.629 7
0840 pf 29 -1.564 1.401 2.099 8
0840 pf 30 -0.358 0.324 0.483 8
0840 pf 31 -0.625 1.543 1.665 7
0840 pf 32 -1.350 1.129 1.760 8
0840 pf 33 0.223 1.431 1.448 6
0840 pf 34 -0.602 1.822 1.919 7
0840 pf 35 0.052 0.962 0.963 6
0840 pf 36 -2.618 0.967 2.791 8
0840 pf 37 -0.729 -0.501 0.884 1
0840 pf 38 -0.906 0.409 0.994 8
0840 pf 39 -1.119 1.229 1.662 7
0840 pf 40 -1.208 2.512 2.787 7
0840 pf 41 -1.552 1.637 2.256 7
0840 pf 42 -1.916 2.358 3.039 7
0840 pf 43 -1.659 0.763 1.827 8
0840 pf 44 -1.144 2.162 2.446 7
0840 pf 45 -1.459 0.694 1.615 8
0840 pf 46 -2.585 1.299 2.893 8
0840 pf 47 -0.121 -1.453 1.458 2
0840 pf 48 0.155 0.746 0.762 6
0840 pf 49 0.579 -0.067 0.583 4
0840 pf 50 -1.392 1.543 2.078 7
0864 em 00 -1.143 0.837 1.416 8
0864 cf 00 -1.378 0.701 1.546 8
0864 pf 01 -1.592 -0.212 1.606 1
0864 pf 02 -0.970 0.613 1.147 8
0864 pf 03 -1.971 0.938 2.183 8
0864 pf 04 0.772 -0.100 0.779 4
0864 pf 05 -1.117 -0.857 1.408 1
0864 pf 06 -1.118 0.962 1.475 8
0864 pf 07 -0.782 1.471 1.666 7
0864 pf 08 -2.007 1.290 2.386 8
0864 pf 09 -1.581 1.711 2.330 7
0864 pf 10 -0.831 1.527 1.738 7
0864 pf 11 -2.862 0.708 2.948 8
0864 pf 12 -0.271 2.267 2.284 7
0864 pf 13 -3.004 -0.805 3.110 1
0864 pf 14 -1.252 -0.430 1.324 1
0864 pf 15 0.646 0.618 0.894 5
0864 pf 16 -3.013 0.813 3.121 8
0864 pf 17 -2.641 1.658 3.118 8
0864 pf 18 -0.741 0.622 0.967 8
0864 pf 19 0.214 0.758 0.788 6
0864 pf 20 -2.022 -0.230 2.035 1
0864 pf 21 -0.995 1.510 1.808 7
0864 pf 22 -1.748 0.491 1.816 8
0864 pf 23 -1.419 1.560 2.109 7
0864 pf 24 -0.579 1.605 1.706 7
0864 pf 25 -1.213 1.618 2.022 7
0864 pf 26 0.150 0.261 0.301 6
0864 pf 27 0.039 0.270 0.272 6
0864 pf 28 -0.953 1.460 1.744 7
0864 pf 29 -1.528 1.004 1.828 8
0864 pf 30 -0.593 0.128 0.607 8
0864 pf 31 -0.499 1.651 1.725 7
0864 pf 32 -1.285 0.686 1.456 8
0864 pf 33 0.023 1.491 1.491 6
0864 pf 34 -0.942 1.514 1.784 7
0864 pf 35 0.264 1.402 1.427 6
0864 pf 36 -2.473 0.915 2.637 8
0864 pf 37 -0.791 -0.851 1.162 2
0864 pf 38 -0.777 0.477 0.912 8
0864 pf 39 -1.223 0.956 1.553 8
0864 pf 40 -1.447 2.432 2.830 7
0864 pf 41 -1.606 1.256 2.039 8
0864 pf 42 -2.065 1.871 2.787 8
0864 pf 43 -1.122 0.687 1.316 8
0864 pf 44 -1.606 1.798 2.411 7
0864 pf 45 -1.805 0.544 1.885 8
0864 pf 46 -2.468 0.912 2.631 8
0864 pf 47 0.022 -1.501 1.501 3
0864 pf 48 0.034 0.896 0.897 6
0864 pf 49 0.478 0.295 0.562 5
0864 pf 50 -1.431 1.462 2.046 7
0888 em 00 -1.161 0.745 1.379 8
0888 cf 00 -1.320 0.717 1.503 8
0888 pf 01 -1.545 -0.544 1.638 1
0888 pf 02 -1.203 0.510 1.307 8
0888 pf 03 -2.273 0.864 2.432 8
0888 pf 04 0.758 -0.346 0.833 4
0888 pf 05 -0.991 -0.946 1.370 1
0888 pf 06 -0.887 1.153 1.455 7
0888 pf 07 -0.723 1.359 1.540 7
0888 pf 08 -1.765 1.291 2.186 8
0888 pf 09 -1.837 1.259 2.227 8
0888 pf 10 -1.177 1.595 1.982 7
0888 pf 11 -2.523 -0.101 2.525 1
0888 pf 12 -0.990 2.354 2.554 7
0888 pf 13 -2.740 -1.142 2.969 1
0888 pf 14 -0.964 -0.596 1.133 1
0888 pf 15 0.657 0.407 0.773 5
0888 pf 16 -3.175 0.671 3.245 8
0888 pf 17 -2.605 1.532 3.022 8
0888 pf 18 -0.701 0.869 1.117 7
0888 pf 19 0.426 0.765 0.875 6
0888 pf 20 -2.036 -0.463 2.088 1
0888 pf 21 -1.227 1.616 2.029 7
0888 pf 22 -1.549 0.048 1.549 8
0888 pf 23 -1.677 1.597 2.316 8
0888 pf 24 -0.978 1.921 2.156 7
0888 pf 25 -1.491 1.692 2.255 7
0888 pf 26 0.272 0.512 0.580 6
0888 pf 27 0.288 0.618 0.681 6
0888 pf 28 -1.335 0.960 1.644 8
0888 pf 29 -1.234 0.587 1.366 8
0888 pf 30 -0.697 0.367 0.788 8
0888 pf 31 -0.434 1.872 1.921 7
0888 pf 32 -0.987 0.145 0.997 8
0888 pf 33 0.117 1.475 1.480 6
0888 pf 34 -1.451 1.348 1.981 8
0888 pf 35 0.327 1.764 1.794 6
0888 pf 36 -2.251 0.647 2.342 8
0888 pf 37 -0.710 -0.606 0.933 1
0888 pf 38 -0.313 0.756 0.818 7
0888 pf 39 -1.180 0.769 1.408 8
0888 pf 40 -1.751 2.310 2.899 7
0888 pf 41 -1.661 0.797 1.842 8
0888 pf 42 -2.042 1.521 2.547 8
0888 pf 43 -1.340 0.651 1.490 8
0888 pf 44 -1.801 1.457 2.316 8
0888 pf 45 -2.090 0.718 2.210 8
0888 pf 46 -2.124 0.448 2.171 8
0888 pf 47 0.084 -1.189 1.192 3
0888 pf 48 0.057 0.548 0.551 6
0888 pf 49 0.487 0.680 0.837 6
0888 pf 50 -1.764 1.075 2.065 8
0912 em 00 -1.179 0.652 1.347 8
0912 cf 00 -1.562 0.654 1.694 8
0912 pf 01 -1.618 -0.867 1.836 1
0912 pf 02 -1.106 0.384 1.171 8
0912 pf 03 -2.714 0.587 2.777 8
0912 pf 04 0.721 -0.567 0.917 4
0912 pf 05 -0.449 -1.222 1.301 2
0912 pf 06 -1.082 0.998 1.472 8
0912 pf 07 -0.910 1.266 1.559 7
0912 pf 08 -1.610 1.462 2.174 8
0912 pf 09 -1.817 0.877 2.017 8
0912 pf 10 -1.082 1.497 1.847 7
0912 pf 11 -2.315 -0.605 2.393 1
0912 pf 12 -1.566 2.293 2.777 7
0912 pf 13 -2.649 -1.105 2.870 1
0912 pf 14 -0.700 -0.697 0.988 1
0912 pf 15 0.081 0.426 0.434 6
0912 pf 16 -3.157 0.510 3.198 8
0912 pf 17 -2.365 1.184 2.645 8
0912 pf 18 -1.156 0.712 1.357 8
0912 pf 19 0.841 0.937 1.259 6
0912 pf 20 -1.783 -0.951 2.021 1
0912 pf 21 -1.260 1.677 2.098 7
0912 pf 22 -1.211 0.469 1.299 8
0912 pf 23 -1.640 1.061 1.953 8
0912 pf 24 -0.927 1.756 1.985 7
0912 pf 25 -1.520 1.935 2.461 7
0912 pf 26 0.118 0.643 0.654 6
0912 pf 27 0.242 0.665 0.707 6
0912 pf 28 -1.785 0.948 2.021 8
0912 pf 29 -1.142 0.257 1.171 8
0912 pf 30 -0.709 0.568 0.908 8
0912 pf 31 -0.484 1.818 1.881 7
0912 pf 32 -0.697 -0.101 0.705 1
0912 pf 33 -0.062 1.639 1.641 7
0912 pf 34 -1.817 0.887 2.022 8
0912 pf 35 0.172 1.713 1.722 6
0912 pf 36 -1.876 0.555 1.956 8
0912 pf 37 -0.875 -0.492 1.004 1
0912 pf 38 0.240 0.739 0.777 6
0912 pf 39 -1.170 0.677 1.352 8
0912 pf 40 -1.890 2.050 2.788 7
0912 pf 41 -1.746 0.459 1.806 8
0912 pf 42 -1.977 1.336 2.386 8
0912 pf 43 -1.548 0.623 1.669 8
0912 pf 44 -1.938 1.108 2.232 8
0912 pf 45 -2.107 0.915 2.297 8
0912 pf 46 -2.029 0.003 2.029 8
0912 pf 47 0.200 -0.954 0.975 3
0912 pf 48 -0.047 0.736 0.738 7
0912 pf 49 0.509 1.259 1.358 6
0912 pf 50 -2.377 0.841 2.522 8
0936 em 00 -1.148 0.586 1.289 8
0936 cf 00 -1.564 0.533 1.652 8
0936 pf 01 -1.755 -0.818 1.936 1
0936 pf 02 -0.837 0.156 0.851 8
0936 pf 03 -2.628 0.234 2.638 8
0936 pf 04 0.966 -0.632 1.154 4
0936 pf 05 0.028 -1.480 1.480 3
0936 pf 06 -1.161 1.061 1.573 8
0936 pf 07 -0.958 1.298 1.614 7
0936 pf 08 -2.117 0.877 2.292 8
0936 pf 09 -1.419 0.765 1.612 8
0936 pf 10 -0.788 1.051 1.314 7
0936 pf 11 -2.203 -0.830 2.354 1
0936 pf 12 -2.217 2.083 3.042 8
0936 pf 13 -2.015 -0.819 2.175 1
0936 pf 14 -0.615 -0.342 0.704 1
0936 pf 15 -0.034 0.658 0.659 7
0936 pf 16 -2.957 0.108 2.959 8
0936 pf 17 -1.803 0.867 2.000 8
0936 pf 18 -1.583 0.608 1.696 8
0936 pf 19 0.748 1.191 1.406 6
0936 pf 20 -1.322 -1.227 1.804 1
0936 pf 21 -1.634 1.792 2.425 7
0936 pf 22 -0.974 0.923 1.342 8
0936 pf 23 -1.325 1.013 1.668 8
0936 pf 24 -1.050 1.563 1.883 7
0936 pf 25 -1.931 1.882 2.696 8
0936 pf 26 -0.248 0.581 0.632 7
0936 pf 27 0.629 1.044 1.218 6
0936 pf 28 -1.680 0.830 1.874 8
0936 pf 29 -0.880 0.026 0.881 8
0936 pf 30 -0.506 0.700 0.863 7
0936 pf 31 -0.847 2.138 2.300 7
0936 pf 32 -0.792 -0.436 0.904 1
0936 pf 33 -0.334 1.578 1.612 7
0936 pf 34 -1.701 0.775 1.870 8
0936 pf 35 0.303 1.959 1.982 6
0936 pf 36 -1.619 0.480 1.689 8
0936 pf 37 -0.871 -0.325 0.930 1
0936 pf 38 0.409 0.518 0.660 6
0936 pf 39 -0.832 0.684 1.077 8
0936 pf 40 -2.042 1.829 2.741 8
0936 pf 41 -1.833 0.018 1.833 8
0936 pf 42 -1.981 1.352 2.398 8
0936 pf 43 -1.557 0.594 1.667 8
0936 pf 44 -2.377 0.927 2.551 8
0936 pf 45 -1.906 0.806 2.069 8
0936 pf 46 -2.096 -0.350 2.125 1
0936 pf 47 0.343 -0.633 0.720 3
0936 pf 48 -0.353 0.818 0.891 7
0936 pf 49 0.435 1.139 1.219 6
0936 pf 50 -2.659 0.643 2.735 8
0960 em 00 -1.133 0.503 1.239 8
0960 cf 00 -1.356 0.603 1.484 8
0960 pf 01 -1.892 -0.952 2.118 1
0960 pf 02 -0.770 0.187 0.792 8
0960 pf 03 -2.447 -0.029 2.448 1
0960 pf 04 1.194 -0.680 1.374 4
0960 pf 05 0.335 -1.411 1.450 3
0960 pf 06 -1.455 1.370 1.999 8
0960 pf 07 -0.936 1.399 1.683 7
0960 pf 08 -2.107 0.510 2.168 8
0960 pf 09 -1.093 0.362 1.151 8
0960 pf 10 -0.442 0.897 1.000 7
0960 pf 11 -1.717 -1.008 1.991 1
0960 pf 12 -2.682 1.599 3.122 8
0960 pf 13 -1.398 -0.702 1.564 1
0960 pf 14 -0.240 0.026 0.241 8
0960 pf 15 -0.155 0.697 0.714 7
0960 pf 16 -2.893 -0.479 2.933 1
0960 pf 17 -1.399 0.711 1.569 8
0960 pf 18 -2.010 0.591 2.095 8
0960 pf 19 0.340 1.672 1.707 6
0960 pf 20 -0.961 -1.033 1.411 2
0960 pf 21 -1.805 1.458 2.320 8
0960 pf 22 -0.903 1.216 1.514 7
0960 pf 23 -1.113 0.809 1.376 8
0960 pf 24 -1.207 1.116 1.644 8
0960 pf 25 -2.201 1.618 2.732 8
0960 pf 26 -0.678 0.511 0.849 8
0960 pf 27 0.700 1.129 1.328 6
0960 pf 28 -1.855 0.677 1.975 8
0960 pf 29 -0.962 0.207 0.984 8
0960 pf 30 -0.416 0.928 1.017 7
0960 pf 31 -1.096 2.422 2.658 7
0960 pf 32 -0.671 -0.369 0.766 1
0960 pf 33 -0.661 1.629 1.758 7
0960 pf 34 -1.396 0.482 1.477 8
0960 pf 35 0.189 2.438 2.445 6
0960 pf 36 -1.442 0.080 1.445 8
0960 pf 37 -0.955 -0.284 0.997 1
0960 pf 38 0.077 0.345 0.354 6
0960 pf 39 -0.848 0.502 0.985 8
0960 pf 40 -2.080 1.403 2.509 8
0960 pf 41 -1.910 -0.240 1.925 1
0960 pf 42 -2.214 1.065 2.457 8
0960 pf 43 -1.503 0.383 1.551 8
0960 pf 44 -2.196 0.745 2.319 8
0960 pf 45 -1.874 0.425 1.921 8
0960 pf 46 -1.975 -0.457 2.027 1
0960 pf 47 0.191 -0.508 0.543 3
0960 pf 48 -0.690 0.647 0.946 8
0960 pf 49 0.190 1.141 1.157 6
0960 pf 50 -2.111 0.185 2.119 8
0984 em 00 -1.104 0.397 1.173 8
0984 cf 00 -0.866 0.608 1.058 8
0984 pf 01 -1.852 -1.198 2.205 1
0984 pf 02 -0.434 0.618 0.755 7
0984 pf 03 -2.361 -0.037 2.361 1
0984 pf 04 1.087 -0.407 1.161 4
0984 pf 05 0.722 -1.352 1.533 3
0984 pf 06 -1.810 1.488 2.343 8
0984 pf 07 -0.632 1.492 1.620 7
0984 pf 08 -2.061 0.247 2.076 8
0984 pf 09 -0.943 -0.112 0.950 1
0984 pf 10 -0.527 0.673 0.855 7
0984 pf 11 -1.495 -1.272 1.963 1
0984 pf 12 -3.061 0.934 3.201 8
0984 pf 13 -0.903 -1.015 1.359 2
0984 pf 14 0.101 0.366 0.380 6
0984 pf 15 -0.454 0.900 1.008 7
0984 pf 16 -2.684 -0.822 2.807 1
0984 pf 17 -1.312 0.600 1.443 8
0984 pf 18 -2.213 0.601 2.293 8
0984 pf 19 -0.235 1.614 1.631 7
0984 pf 20 -0.939 -1.049 1.408 2
0984 pf 21 -2.105 1.303 2.475 8
0984 pf 22 -0.867 1.243 1.516 7
0984 pf 23 -0.971 0.824 1.274 8
0984 pf 24 -1.317 1.006 1.658 8
0984 pf 25 -2.019 1.274 2.387 8
0984 pf 26 -0.761 0.403 0.861 8
0984 pf 27 0.493 1.206 1.303 6
0984 pf 28 -1.784 0.513 1.856 8
0984 pf 29 -0.864 0.130 0.874 8
0984 pf 30 -0.324 1.198 1.241 7
0984 pf 31 -1.348 2.326 2.688 7
0984 pf 32 0.008 -0.482 0.483 3
0984 pf 33 -0.692 1.698 1.833 7
0984 pf 34 -0.899 0.045 0.900 8
0984 pf 35 -0.076 2.471 2.472 7
0984 pf 36 -1.197 -0.115 1.202 1
0984 pf 37 -1.171 -0.571 1.303 1
0984 pf 38 -0.136 0.268 0.300 7
0984 pf 39 -1.051 0.270 1.085 8
0984 pf 40 -1.904 1.043 2.171 8
0984 pf 41 -1.907 -0.288 1.929 1
0984 pf 42 -2.025 0.894 2.214 8
0984 pf 43 -1.575 0.337 1.611 8
0984 pf 44 -1.914 0.741 2.053 8
0984 pf 45 -1.675 0.190 1.686 8
0984 pf 46 -1.724 -0.665 1.848 1
0984 pf 47 -0.181 -0.566 0.594 2
0984 pf 48 -1.160 0.239 1.185 8
0984 pf 49 -0.054 1.144 1.145 7
0984 pf 50 -2.015 -0.173 2.023 1
1008 em 00 -0.988 0.339 1.044 8
1008 cf 00 -0.908 0.519 1.045 8
1008 pf 01 -1.540 -1.293 2.011 1
1008 pf 02 -0.308 0.665 0.733 7
1008 pf 03 -2.062 -0.502 2.122 1
1008 pf 04 1.239 0.179 1.252 5
1008 pf 05 1.039 -1.016 1.454 4
1008 pf 06 -2.044 1.623 2.610 8
1008 pf 07 -0.744 1.513 1.686 7
1008 pf 08 -2.037 -0.028 2.038 1
1008 pf 09 -0.630 -0.055 0.632 1
1008 pf 10 -0.312 0.872 0.926 7
1008 pf 11 -1.406 -1.377 1.968 1
1008 pf 12 -2.622 0.486 2.667 8
1008 pf 13 -0.585 -1.326 1.449 2
1008 pf 14 0.306 0.397 0.501 6
1008 pf 15 -0.980 0.718 1.215 8
1008 pf 16 -2.120 -0.825 2.275 1
1008 pf 17 -0.930 0.531 1.071 8
1008 pf 18 -1.910 0.431 1.958 8
1008 pf 19 -0.714 1.675 1.821 7
1008 pf 20 -0.734 -1.013 1.251 2
1008 pf 21 -2.086 1.049 2.335 8
1008 pf 22 -0.822 1.184 1.441 7
1008 pf 23 -1.135 0.767 1.370 8
1008 pf 24 -1.339 1.151 1.766 8
1008 pf 25 -2.271 0.918 2.450 8
1008 pf 26 -0.758 0.438 0.876 8
1008 pf 27 0.319 1.073 1.120 6
1008 pf 28 -1.331 0.401 1.390 8
1008 pf 29 -0.892 0.456 1.001 8
1008 pf 30 -0.135 1.048 1.057 7
1008 pf 31 -1.768 2.404 2.984 7
1008 pf 32 0.474 -0.251 0.537 4
1008 pf 33 -0.774 1.518 1.704 7
1008 pf 34 -0.655 -0.159 0.674 1
1008 pf 35 -0.343 2.213 2.240 7
1008 pf 36 -0.799 -0.136 0.811 1
1008 pf 37 -0.996 -0.836 1.301 1
1008 pf 38 -0.131 0.057 0.143 8
1008 pf 39 -1.156 0.086 1.159 8
1008 pf 40 -1.717 0.702 1.855 8
1008 pf 41 -1.785 -0.017 1.785 1
1008 pf 42 -1.859 0.770 2.012 8
1008 pf 43 -1.251 0.211 1.269 8
1008 pf 44 -1.921 0.680 2.038 8
1008 pf 45 -1.522 0.237 1.540 8
1008 pf 46 -1.074 -0.586 1.223 1
1008 pf 47 -0.001 -0.580 0.580 2
1008 pf 48 -0.771 0.129 0.781 8
1008 pf 49 -0.149 1.238 1.247 7
1008 pf 50 -1.677 -0.451 1.736 1
1032 em 00 -0.904 0.236 0.934 8
1032 cf 00 -0.907 0.349 0.971 8
1032 pf 01 -1.098 -1.532 1.885 2
1032 pf 02 -0.111 0.751 0.759 7
1032 pf 03 -1.723 -0.750 1.879 1
1032 pf 04 1.419 0.457 1.491 5
1032 pf 05 1.404 -0.783 1.608 4
1032 pf 06 -2.257 1.556 2.741 8
1032 pf 07 -0.646 1.491 1.625 7
1032 pf 08 -1.792 -0.265 1.812 1
1032 pf 09 -0.341 -0.276 0.439 1
1032 pf 10 -0.214 0.961 0.985 7
1032 pf 11 -1.023 -1.464 1.786 2
1032 pf 12 -2.454 0.066 2.455 8
1032 pf 13 -0.481 -1.148 1.245 2
1032 pf 14 0.239 0.370 0.440 6
1032 pf 15 -1.390 0.768 1.588 8
1032 pf 16 -1.652 -1.110 1.991 1
1032 pf 17 -0.788 0.752 1.090 8
1032 pf 18 -1.755 0.115 1.759 8
1032 pf 19 -1.141 1.803 2.134 7
1032 pf 20 -0.856 -1.047 1.353 2
1032 pf 21 -1.904 0.573 1.988 8
1032 pf 22 -0.815 0.934 1.240 7
1032 pf 23 -1.333 0.703 1.508 8
1032 pf 24 -1.503 1.335 2.010 8
1032 pf 25 -2.271 0.447 2.315 8
1032 pf 26 -1.113 0.139 1.122 8
1032 pf 27 -0.197 1.085 1.102 7
1032 pf 28 -0.945 0.563 1.100 8
1032 pf 29 -0.869 0.603 1.058 8
1032 pf 30 -0.128 0.826 0.836 7
1032 pf 31 -2.202 2.330 3.205 7
1032 pf 32 0.730 -0.304 0.791 4
1032 pf 33 -0.688 0.972 1.191 7
1032 pf 34 -0.415 -0.126 0.433 1
1032 pf 35 -0.564 1.893 1.975 7
1032 pf 36 -0.695 -0.257 0.741 1
1032 pf 37 -0.893 -1.175 1.475 2
1032 pf 38 -0.145 -0.256 0.294 2
1032 pf 39 -1.008 0.030 1.009 8
1032 pf 40 -1.243 0.481 1.333 8
1032 pf 41 -1.620 0.073 1.621 8
1032 pf 42 -1.859 0.533 1.934 8
1032 pf 43 -0.936 0.016 0.936 8
1032 pf 44 -1.301 0.671 1.464 8
1032 pf 45 -1.267 0.295 1.301 8
1032 pf 46 -0.811 -0.702 1.073 1
1032 pf 47 0.115 -0.778 0.786 3
1032 pf 48 -0.856 -0.088 0.860 1
1032 pf 49 -0.559 1.433 1.538 7
1032 pf 50 -1.398 -0.799 1.610 1
1056 em 00 -0.887 0.155 0.900 8
1056 cf 00 -0.715 0.232 0.752 8
1056 pf 01 -0.999 -1.835 2.090 2
1056 pf 02 -0.570 0.799 0.981 7
1056 pf 03 -1.581 -1.323 2.061 1
1056 pf 04 1.530 0.619 1.650 5
1056 pf 05 1.299 -0.267 1.327 4
1056 pf 06 -2.351 1.454 2.764 8
1056 pf 07 -0.657 1.658 1.784 7
1056 pf 08 -1.576 -0.542 1.667 1
1056 pf 09 -0.319 -0.220 0.388 1
1056 pf 10 -0.479 0.594 0.763 7
1056 pf 11 -0.575 -1.644 1.742 2
1056 pf 12 -2.068 -0.192 2.077 1
1056 pf 13 -0.385 -1.025 1.094 2
1056 pf 14 0.177 0.386 0.425 6
1056 pf 15 -1.528 0.780 1.715 8
1056 pf 16 -1.260 -1.145 1.703 1
1056 pf 17 -0.982 0.573 1.136 8
1056 pf 18 -1.677 -0.068 1.678 1
1056 pf 19 -1.459 2.271 2.699 7
1056 pf 20 -0.763 -1.072 1.316 2
1056 pf 21 -1.764 0.231 1.779 8
1056 pf 22 -1.092 1.025 1.498 8
1056 pf 23 -1.654 0.631 1.770 8
1056 pf 24 -1.509 1.502 2.129 8
1056 pf 25 -2.142 0.289 2.162 8
1056 pf 26 -0.952 0.412 1.038 8
1056 pf 27 -0.449 0.675 0.811 7
1056 pf 28 -0.929 0.722 1.177 8
1056 pf 29 -0.839 0.805 1.162 8
1056 pf 30 -0.429 0.404 0.589 8
1056 pf 31 -2.213 2.088 3.043 8
1056 pf 32 0.681 -0.070 0.685 4
1056 pf 33 -0.367 0.774 0.857 7
1056 pf 34 -0.042 -0.313 0.316 2
1056 pf 35 -0.926 1.607 1.854 7
1056 pf 36 -0.872 -0.163 0.887 1
1056 pf 37 -1.104 -1.452 1.824 2
1056 pf 38 -0.197 -0.390 0.437 2
1056 pf 39 -0.908 -0.694 1.143 1
1056 pf 40 -1.326 0.413 1.389 8
1056 pf 41 -1.915 0.212 1.927 8
1056 pf 42 -2.099 0.373 2.132 8
1056 pf 43 -0.529 -0.303 0.610 1
1056 pf 44 -1.140 0.595 1.286 8
1056 pf 45 -0.605 0.060 0.608 8
1056 pf 46 -0.622 -0.825 1.033 2
1056 pf 47 0.311 -0.709 0.774 3
1056 pf 48 -1.185 -0.273 1.216 1
1056 pf 49 -0.939 1.407 1.692 7
1056 pf 50 -0.773 -0.801 1.113 2
1080 em 00 -0.840 0.078 0.843 8
1080 cf 00 -0.632 -0.142 0.648 1
1080 pf 01 -0.758 -1.968 2.108 2
1080 pf 02 -0.753 0.766 1.074 7
1080 pf 03 -1.581 -1.523 2.195 1
1080 pf 04 1.667 1.035 1.962 5
1080 pf 05 1.271 0.106 1.275 5
1080 pf 06 -2.203 1.160 2.490 8
1080 pf 07 -0.633 1.769 1.879 7
1080 pf 08 -1.273 -0.621 1.416 1
1080 pf 09 -0.301 -0.248 0.390 1
1080 pf 10 -0.808 0.862 1.182 7
1080 pf 11 -0.161 -1.756 1.764 2
1080 pf 12 -1.506 -0.242 1.525 1
1080 pf 13 -0.311 -1.016 1.062 2
1080 pf 14 -0.053 0.618 0.620 7
1080 pf 15 -1.698 0.841 1.895 8
1080 pf 16 -1.034 -1.310 1.669 2
1080 pf 17 -1.281 0.272 1.309 8
1080 pf 18 -1.475 -0.257 1.497 1
1080 pf 19 -1.691 2.389 2.927 7
1080 pf 20 -0.667 -1.347 1.503 2
1080 pf 21 -1.380 -0.053 1.381 1
1080 pf 22 -1.477 1.098 1.841 8
1080 pf 23 -1.574 0.384 1.621 8
1080 pf 24 -1.461 1.649 2.203 7
1080 pf 25 -2.095 -0.095 2.097 1
1080 pf 26 -0.784 0.475 0.916 8
1080 pf 27 -0.282 0.465 0.544 7
1080 pf 28 -1.653 0.480 1.721 8
1080 pf 29 -0.990 0.864 1.314 8
1080 pf 30 -0.400 -0.052 0.403 1
1080 pf 31 -2.213 1.262 2.548 8
1080 pf 32 0.682 0.092 0.688 5
1080 pf 33 -0.056 0.457 0.460 7
1080 pf 34 0.279 -0.336 0.437 3
1080 pf 35 -1.497 1.203 1.920 8
1080 pf 36 -1.042 -0.243 1.070 1
1080 pf 37 -0.903 -1.572 1.813 2
1080 pf 38 -0.175 -0.261 0.314 2
1080 pf 39 -0.661 -0.822 1.055 2
1080 pf 40 -1.429 0.639 1.565 8
1080 pf 41 -2.121 -0.048 2.122 1
1080 pf 42 -1.681 0.136 1.687 8
1080 pf 43 -0.192 -0.301 0.357 2
1080 pf 44 -1.078 0.339 1.130 8
1080 pf 45 -0.371 -0.254 0.449 1
1080 pf 46 -0.158 -0.769 0.785 2
1080 pf 47 0.422 -0.502 0.656 3
1080 pf 48 -1.060 -0.084 1.064 1
1080 pf 49 -1.523 1.555 2.176 7
1080 pf 50 -0.292 -0.854 0.903 2
1104 em 00 -0.752 -0.006 0.752 1
1104 cf 00 -0.845 -0.288 0.893 1
1104 pf 01 -0.151 -2.020 2.026 2
1104 pf 02 -0.850 0.415 0.946 8
1104 pf 03 -1.342 -1.673 2.144 2
1104 pf 04 1.586 1.297 2.049 5
1104 pf 05 1.407 0.502 1.493 5
1104 pf 06 -2.221 1.218 2.533 8
1104 pf 07 -0.490 1.940 2.001 7
1104 pf 08 -1.044 -0.942 1.406 1
1104 pf 09 -0.165 -0.602 0.624 2
1104 pf 10 -1.161 0.854 1.441 8
1104 pf 11 -0.014 -1.744 1.744 2
1104 pf 12 -0.878 -0.364 0.950 1
1104 pf 13 0.118 -0.943 0.950 3
1104 pf 14 0.183 0.652 0.677 6
1104 pf 15 -1.864 0.916 2.077 8
1104 pf 16 -1.208 -1.580 1.989 2
1104 pf 17 -1.420 -0.079 1.422 1
1104 pf 18 -0.948 -0.448 1.048 1
1104 pf 19 -1.581 2.156 2.674 7
1104 pf 20 -0.558 -1.657 1.749 2
1104 pf 21 -1.448 0.045 1.449 8
1104 pf 22 -1.396 1.131 1.797 8
1104 pf 23 -1.639 0.170 1.648 8
1104 pf 24 -1.670 1.505 2.248 8
1104 pf 25 -1.794 -0.684 1.920 1
1104 pf 26 -0.622 0.092 0.628 8
1104 pf 27 0.044 0.161 0.167 6
1104 pf 28 -1.752 -0.107 1.755 1
1104 pf 29 -1.283 0.986 1.618 8
1104 pf 30 -0.157 -0.409 0.438 2
1104 pf 31 -2.223 0.783 2.357 8
1104 pf 32 0.676 0.441 0.807 5
1104 pf 33 -0.255 0.241 0.350 8
1104 pf 34 0.740 -0.490 0.888 4
1104 pf 35 -1.725 1.107 2.049 8
1104 pf 36 -1.049 -0.017 1.049 1
1104 pf 37 -0.463 -1.601 1.667 2
1104 pf 38 -0.221 -0.164 0.275 1
1104 pf 39 -0.522 -0.977 1.107 2
1104 pf 40 -1.196 0.508 1.299 8
1104 pf 41 -1.828 -0.179 1.837 1
1104 pf 42 -1.300 -0.036 1.301 1
1104 pf 43 -0.043 -0.435 0.437 2
1104 pf 44 -1.098 0.726 1.316 8
1104 pf 45 -0.673 -0.115 0.682 1
1104 pf 46 0.334 -0.507 0.608 3
1104 pf 47 0.209 -0.239 0.317 3
1104 pf 48 -0.952 0.107 0.958 8
1104 pf 49 -1.857 1.005 2.112 8
1104 pf 50 0.152 -0.811 0.825 3
