ecmf prod rt 2018021900 51 046
0024 em 00 -1.070 0.410 1.146 8
0024 cf 00 -1.066 0.391 1.135 8
0024 pf 01 -1.054 0.437 1.141 8
0024 pf 02 -1.107 0.555 1.238 8
0024 pf 03 -1.058 0.451 1.150 8
0024 pf 04 -0.932 0.398 1.014 8
0024 pf 05 -1.018 0.333 1.071 8
0024 pf 06 -1.079 0.489 1.185 8
0024 pf 07 -1.071 0.416 1.149 8
0024 pf 08 -0.999 0.306 1.045 8
0024 pf 09 -1.116 0.478 1.214 8
0024 pf 10 -1.187 0.435 1.265 8
0024 pf 11 -1.092 0.403 1.164 8
0024 pf 12 -1.072 0.424 1.152 8
0024 pf 13 -1.113 0.317 1.157 8
0024 pf 14 -0.954 0.514 1.083 8
0024 pf 15 -0.955 0.422 1.045 8
0024 pf 16 -0.960 0.368 1.028 8
0024 pf 17 -1.071 0.462 1.166 8
0024 pf 18 -1.087 0.393 1.156 8
0024 pf 19 -1.017 0.475 1.122 8
0024 pf 20 -1.076 0.284 1.113 8
0024 pf 21 -1.011 0.401 1.088 8
0024 pf 22 -0.870 0.344 0.935 8
0024 pf 23 -1.051 0.397 1.124 8
0024 pf 24 -1.087 0.460 1.180 8
0024 pf 25 -1.075 0.512 1.191 8
0024 pf 26 -0.947 0.357 1.012 8
0024 pf 27 -1.096 0.412 1.171 8
0024 pf 28 -1.109 0.558 1.241 8
0024 pf 29 -1.117 0.337 1.167 8
0024 pf 30 -1.001 0.431 1.090 8
0024 pf 31 -1.083 0.420 1.161 8
0024 pf 32 -0.926 0.581 1.093 8
0024 pf 33 -1.076 0.366 1.136 8
0024 pf 34 -1.020 0.488 1.131 8
0024 pf 35 -1.059 0.356 1.117 8
0024 pf 36 -1.035 0.500 1.150 8
0024 pf 37 -0.910 0.417 1.001 8
0024 pf 38 -1.080 0.181 1.095 8
0024 pf 39 -1.006 0.414 1.088 8
0024 pf 40 -0.866 0.468 0.984 8
0024 pf 41 -1.052 0.342 1.106 8
0024 pf 42 -1.057 0.447 1.148 8
0024 pf 43 -1.029 0.452 1.124 8
0024 pf 44 -1.130 0.353 1.184 8
0024 pf 45 -1.042 0.468 1.142 8
0024 pf 46 -1.116 0.456 1.206 8
0024 pf 47 -0.991 0.333 1.045 8
0024 pf 48 -1.221 0.341 1.268 8
0024 pf 49 -1.100 0.332 1.149 8
0024 pf 50 -1.181 0.481 1.275 8
0048 em 00 -1.033 -0.006 1.033 1
0048 cf 00 -1.027 -0.045 1.028 1
0048 pf 01 -1.089 -0.022 1.089 1
0048 pf 02 -0.990 0.089 0.994 8
0048 pf 03 -0.987 -0.016 0.988 1
0048 pf 04 -0.869 0.140 0.880 8
0048 pf 05 -0.915 -0.053 0.916 1
0048 pf 06 -1.058 0.107 1.063 8
0048 pf 07 -1.029 -0.107 1.035 1
0048 pf 08 -0.906 -0.130 0.915 1
0048 pf 09 -0.995 0.029 0.995 8
0048 pf 10 -1.106 -0.058 1.108 1
0048 pf 11 -0.912 -0.018 0.912 1
0048 pf 12 -1.077 0.002 1.077 8
0048 pf 13 -1.074 -0.064 1.076 1
0048 pf 14 -0.950 0.156 0.963 8
0048 pf 15 -0.902 0.002 0.902 8
0048 pf 16 -1.025 -0.069 1.027 1
0048 pf 17 -1.053 0.022 1.053 8
0048 pf 18 -0.960 0.155 0.973 8
0048 pf 19 -1.167 0.164 1.178 8
0048 pf 20 -1.067 -0.035 1.068 1
0048 pf 21 -0.986 0.099 0.991 8
0048 pf 22 -0.748 0.068 0.751 8
0048 pf 23 -1.001 0.075 1.004 8
0048 pf 24 -1.069 -0.073 1.072 1
0048 pf 25 -0.895 0.126 0.904 8
0048 pf 26 -0.884 -0.022 0.884 1
0048 pf 27 -1.109 0.078 1.112 8
0048 pf 28 -1.087 0.082 1.090 8
0048 pf 29 -0.901 -0.123 0.909 1
0048 pf 30 -0.992 0.128 1.000 8
0048 pf 31 -1.162 -0.022 1.163 1
0048 pf 32 -0.880 0.107 0.887 8
0048 pf 33 -1.059 0.013 1.059 8
0048 pf 34 -1.090 0.043 1.091 8
0048 pf 35 -1.041 -0.016 1.042 1
0048 pf 36 -1.104 -0.156 1.115 1
0048 pf 37 -0.884 0.005 0.884 8
0048 pf 38 -0.990 -0.253 1.022 1
0048 pf 39 -1.022 0.152 1.034 8
0048 pf 40 -0.788 -0.088 0.793 1
0048 pf 41 -0.884 -0.040 0.885 1
0048 pf 42 -0.930 0.098 0.935 8
0048 pf 43 -0.809 -0.089 0.814 1
0048 pf 44 -1.171 -0.047 1.172 1
0048 pf 45 -1.087 -0.024 1.087 1
0048 pf 46 -1.139 0.004 1.139 8
0048 pf 47 -1.142 0.052 1.143 8
0048 pf 48 -1.218 -0.101 1.222 1
0048 pf 49 -1.107 -0.245 1.133 1
0048 pf 50 -1.311 0.136 1.318 8
0072 em 00 -0.985 -0.532 1.120 1
0072 cf 00 -0.986 -0.520 1.115 1
0072 pf 01 -1.046 -0.564 1.189 1
0072 pf 02 -0.995 -0.529 1.127 1
0072 pf 03 -0.861 -0.513 1.002 1
0072 pf 04 -0.779 -0.416 0.883 1
0072 pf 05 -0.844 -0.510 0.986 1
0072 pf 06 -1.097 -0.330 1.145 1
0072 pf 07 -0.909 -0.715 1.156 1
0072 pf 08 -0.738 -0.650 0.983 1
0072 pf 09 -1.132 -0.347 1.184 1
0072 pf 10 -0.922 -0.438 1.021 1
0072 pf 11 -0.681 -0.497 0.843 1
0072 pf 12 -1.172 -0.500 1.274 1
0072 pf 13 -1.228 -0.539 1.341 1
0072 pf 14 -0.949 -0.346 1.010 1
0072 pf 15 -0.893 -0.693 1.130 1
0072 pf 16 -0.863 -0.542 1.019 1
0072 pf 17 -1.095 -0.483 1.197 1
0072 pf 18 -0.763 -0.333 0.832 1
0072 pf 19 -1.237 -0.306 1.275 1
0072 pf 20 -0.991 -0.371 1.058 1
0072 pf 21 -1.051 -0.466 1.150 1
0072 pf 22 -0.864 -0.471 0.985 1
0072 pf 23 -0.940 -0.453 1.044 1
0072 pf 24 -1.010 -0.648 1.200 1
0072 pf 25 -0.929 -0.360 0.997 1
0072 pf 26 -0.833 -0.356 0.906 1
0072 pf 27 -1.234 -0.566 1.358 1
0072 pf 28 -1.133 -0.315 1.176 1
0072 pf 29 -0.901 -0.624 1.096 1
0072 pf 30 -0.879 -0.393 0.963 1
0072 pf 31 -1.108 -0.493 1.213 1
0072 pf 32 -0.940 -0.417 1.028 1
0072 pf 33 -1.020 -0.568 1.168 1
0072 pf 34 -0.875 -0.464 0.991 1
0072 pf 35 -0.906 -0.469 1.020 1
0072 pf 36 -1.146 -0.751 1.370 1
0072 pf 37 -0.774 -0.690 1.037 1
0072 pf 38 -0.770 -0.703 1.042 1
0072 pf 39 -0.922 -0.371 0.994 1
0072 pf 40 -0.661 -0.492 0.824 1
0072 pf 41 -0.806 -0.490 0.943 1
0072 pf 42 -0.965 -0.483 1.079 1
0072 pf 43 -0.921 -0.721 1.170 1
0072 pf 44 -1.241 -0.727 1.438 1
0072 pf 45 -0.907 -0.671 1.128 1
0072 pf 46 -1.226 -0.720 1.422 1
0072 pf 47 -1.251 -0.544 1.364 1
0072 pf 48 -0.988 -0.685 1.202 1
0072 pf 49 -0.936 -0.693 1.165 1
0072 pf 50 -1.252 -0.479 1.341 1
0096 em 00 -0.978 -1.182 1.534 2
0096 cf 00 -0.983 -1.161 1.521 2
0096 pf 01 -0.931 -1.240 1.551 2
0096 pf 02 -0.851 -1.229 1.495 2
0096 pf 03 -0.773 -1.183 1.413 2
0096 pf 04 -0.842 -1.014 1.318 2
0096 pf 05 -0.691 -1.190 1.376 2
0096 pf 06 -1.010 -1.068 1.470 2
0096 pf 07 -0.882 -1.316 1.584 2
0096 pf 08 -0.670 -1.322 1.482 2
0096 pf 09 -1.192 -1.086 1.613 1
0096 pf 10 -1.082 -1.064 1.518 1
0096 pf 11 -0.503 -0.932 1.059 2
0096 pf 12 -1.205 -1.331 1.796 2
0096 pf 13 -1.199 -1.156 1.665 1
0096 pf 14 -1.232 -1.150 1.685 1
0096 pf 15 -0.897 -1.188 1.488 2
0096 pf 16 -0.806 -1.191 1.438 2
0096 pf 17 -1.130 -1.248 1.683 2
0096 pf 18 -0.877 -0.732 1.143 1
0096 pf 19 -1.442 -1.113 1.822 1
0096 pf 20 -1.028 -0.994 1.430 1
0096 pf 21 -0.960 -1.176 1.518 2
0096 pf 22 -1.141 -1.284 1.718 2
0096 pf 23 -1.150 -1.002 1.525 1
0096 pf 24 -0.996 -1.284 1.626 2
0096 pf 25 -0.950 -0.960 1.350 2
0096 pf 26 -0.905 -0.734 1.165 1
0096 pf 27 -1.153 -1.436 1.842 2
0096 pf 28 -1.029 -0.803 1.306 1
0096 pf 29 -0.736 -1.321 1.512 2
0096 pf 30 -0.995 -1.000 1.411 2
0096 pf 31 -1.099 -1.170 1.605 2
0096 pf 32 -0.964 -1.063 1.435 2
0096 pf 33 -1.038 -1.094 1.509 2
0096 pf 34 -0.663 -1.255 1.419 2
0096 pf 35 -0.839 -1.141 1.417 2
0096 pf 36 -1.105 -1.502 1.865 2
0096 pf 37 -0.984 -1.390 1.703 2
0096 pf 38 -0.742 -1.237 1.442 2
0096 pf 39 -1.061 -1.016 1.469 1
0096 pf 40 -0.640 -0.985 1.175 2
0096 pf 41 -0.654 -1.002 1.196 2
0096 pf 42 -1.002 -1.112 1.497 2
0096 pf 43 -0.925 -1.369 1.652 2
0096 pf 44 -1.313 -1.457 1.961 2
0096 pf 45 -1.007 -1.213 1.577 2
0096 pf 46 -1.117 -1.434 1.818 2
0096 pf 47 -1.524 -1.276 1.988 1
0096 pf 48 -0.700 -1.300 1.477 2
0096 pf 49 -0.719 -1.272 1.462 2
0096 pf 50 -1.206 -1.091 1.626 1
0120 em 00 -1.056 -1.355 1.718 2
0120 cf 00 -1.084 -1.347 1.729 2
0120 pf 01 -0.960 -1.479 1.763 2
0120 pf 02 -0.943 -1.385 1.675 2
0120 pf 03 -0.798 -1.494 1.694 2
0120 pf 04 -0.986 -1.153 1.517 2
0120 pf 05 -0.638 -1.340 1.484 2
0120 pf 06 -0.900 -1.237 1.530 2
0120 pf 07 -0.895 -1.444 1.699 2
0120 pf 08 -0.911 -1.404 1.673 2
0120 pf 09 -1.297 -1.319 1.850 2
0120 pf 10 -1.117 -1.049 1.532 1
0120 pf 11 -0.708 -0.985 1.213 2
0120 pf 12 -1.276 -1.420 1.909 2
0120 pf 13 -1.347 -1.336 1.897 1
0120 pf 14 -1.220 -1.394 1.853 2
0120 pf 15 -1.157 -1.491 1.887 2
0120 pf 16 -0.904 -1.113 1.433 2
0120 pf 17 -1.286 -1.263 1.803 1
0120 pf 18 -0.897 -1.027 1.363 2
0120 pf 19 -1.628 -1.313 2.091 1
0120 pf 20 -1.087 -1.137 1.573 2
0120 pf 21 -0.946 -1.327 1.630 2
0120 pf 22 -1.406 -1.700 2.206 2
0120 pf 23 -1.248 -1.221 1.746 1
0120 pf 24 -1.117 -1.509 1.878 2
0120 pf 25 -1.091 -1.152 1.587 2
0120 pf 26 -1.043 -0.823 1.328 1
0120 pf 27 -1.239 -1.744 2.140 2
0120 pf 28 -1.222 -1.016 1.589 1
0120 pf 29 -0.729 -1.357 1.540 2
0120 pf 30 -1.174 -1.258 1.720 2
0120 pf 31 -1.252 -1.420 1.893 2
0120 pf 32 -1.095 -1.278 1.683 2
0120 pf 33 -0.916 -1.212 1.520 2
0120 pf 34 -0.832 -1.330 1.569 2
0120 pf 35 -0.932 -1.204 1.522 2
0120 pf 36 -1.103 -1.562 1.912 2
0120 pf 37 -0.857 -1.441 1.676 2
0120 pf 38 -0.819 -1.406 1.627 2
0120 pf 39 -1.216 -1.148 1.673 1
0120 pf 40 -0.842 -1.098 1.384 2
0120 pf 41 -0.799 -1.179 1.424 2
0120 pf 42 -1.080 -1.347 1.726 2
0120 pf 43 -0.940 -1.609 1.863 2
0120 pf 44 -1.244 -1.760 2.156 2
0120 pf 45 -1.076 -1.449 1.805 2
0120 pf 46 -1.237 -1.610 2.030 2
0120 pf 47 -1.515 -1.710 2.285 2
0120 pf 48 -0.714 -1.453 1.619 2
0120 pf 49 -0.792 -1.453 1.655 2
0120 pf 50 -1.129 -1.140 1.605 2
0144 em 00 -0.971 -1.336 1.651 2
0144 cf 00 -0.997 -1.251 1.600 2
0144 pf 01 -0.955 -1.380 1.678 2
0144 pf 02 -0.862 -1.202 1.479 2
0144 pf 03 -0.648 -1.350 1.497 2
0144 pf 04 -0.907 -0.860 1.250 1
0144 pf 05 -0.477 -1.132 1.228 2
0144 pf 06 -0.732 -1.175 1.385 2
0144 pf 07 -0.562 -1.417 1.524 2
0144 pf 08 -0.865 -1.493 1.725 2
0144 pf 09 -1.076 -1.304 1.691 2
0144 pf 10 -1.028 -1.223 1.597 2
0144 pf 11 -0.662 -0.980 1.183 2
0144 pf 12 -1.197 -1.418 1.855 2
0144 pf 13 -1.266 -1.392 1.881 2
0144 pf 14 -1.027 -1.483 1.803 2
0144 pf 15 -1.115 -1.324 1.731 2
0144 pf 16 -0.893 -1.207 1.501 2
0144 pf 17 -1.097 -1.413 1.789 2
0144 pf 18 -0.993 -1.009 1.416 2
0144 pf 19 -1.647 -1.556 2.265 1
0144 pf 20 -1.084 -1.359 1.738 2
0144 pf 21 -0.904 -1.057 1.391 2
0144 pf 22 -1.230 -1.635 2.046 2
0144 pf 23 -1.203 -1.197 1.697 1
0144 pf 24 -1.242 -1.346 1.831 2
0144 pf 25 -0.903 -1.068 1.399 2
0144 pf 26 -0.985 -1.052 1.441 2
0144 pf 27 -1.326 -1.651 2.118 2
0144 pf 28 -1.025 -1.198 1.577 2
0144 pf 29 -0.733 -1.360 1.545 2
0144 pf 30 -1.002 -1.372 1.699 2
0144 pf 31 -1.281 -1.201 1.756 1
0144 pf 32 -1.066 -1.242 1.637 2
0144 pf 33 -0.580 -1.404 1.520 2
0144 pf 34 -0.893 -1.405 1.665 2
0144 pf 35 -0.928 -1.068 1.415 2
0144 pf 36 -1.021 -1.474 1.793 2
0144 pf 37 -0.737 -1.262 1.461 2
0144 pf 38 -0.685 -1.469 1.621 2
0144 pf 39 -1.390 -1.158 1.809 1
0144 pf 40 -0.788 -1.326 1.542 2
0144 pf 41 -0.759 -1.038 1.286 2
0144 pf 42 -0.935 -1.379 1.666 2
0144 pf 43 -0.924 -1.534 1.791 2
0144 pf 44 -0.960 -1.737 1.985 2
0144 pf 45 -0.947 -1.480 1.758 2
0144 pf 46 -1.114 -1.375 1.770 2
0144 pf 47 -1.339 -1.900 2.324 2
0144 pf 48 -0.704 -1.226 1.414 2
0144 pf 49 -0.575 -1.295 1.417 2
0144 pf 50 -1.079 -1.085 1.530 2
0168 em 00 -0.647 -1.254 1.411 2
0168 cf 00 -0.713 -1.185 1.383 2
0168 pf 01 -0.591 -1.342 1.466 2
0168 pf 02 -0.508 -1.010 1.131 2
0168 pf 03 -0.386 -1.044 1.113 2
0168 pf 04 -0.765 -0.767 1.083 2
0168 pf 05 -0.280 -1.038 1.075 2
0168 pf 06 -0.641 -0.996 1.185 2
0168 pf 07 0.048 -1.296 1.297 3
0168 pf 08 -0.606 -1.243 1.383 2
0168 pf 09 -0.754 -1.307 1.509 2
0168 pf 10 -0.684 -1.085 1.282 2
0168 pf 11 -0.310 -0.799 0.857 2
0168 pf 12 -0.761 -1.325 1.528 2
0168 pf 13 -0.756 -1.477 1.660 2
0168 pf 14 -0.694 -1.601 1.745 2
0168 pf 15 -0.702 -1.322 1.497 2
0168 pf 16 -0.500 -1.140 1.245 2
0168 pf 17 -0.833 -1.556 1.765 2
0168 pf 18 -0.889 -0.910 1.272 2
0168 pf 19 -1.266 -1.693 2.114 2
0168 pf 20 -0.707 -1.486 1.646 2
0168 pf 21 -0.564 -1.036 1.179 2
0168 pf 22 -0.608 -1.593 1.705 2
0168 pf 23 -0.841 -1.177 1.446 2
0168 pf 24 -1.018 -1.183 1.561 2
0168 pf 25 -0.667 -1.233 1.402 2
0168 pf 26 -0.778 -0.895 1.186 2
0168 pf 27 -1.052 -1.486 1.820 2
0168 pf 28 -0.525 -1.285 1.388 2
0168 pf 29 -0.304 -1.055 1.098 2
0168 pf 30 -0.482 -1.176 1.271 2
0168 pf 31 -1.083 -1.218 1.630 2
0168 pf 32 -0.753 -1.276 1.482 2
0168 pf 33 -0.208 -1.192 1.210 2
0168 pf 34 -0.528 -1.396 1.493 2
0168 pf 35 -0.550 -1.122 1.250 2
0168 pf 36 -0.837 -1.559 1.770 2
0168 pf 37 -0.406 -1.216 1.282 2
0168 pf 38 -0.430 -1.291 1.361 2
0168 pf 39 -1.146 -1.179 1.644 2
0168 pf 40 -0.413 -1.324 1.387 2
0168 pf 41 -0.577 -0.803 0.989 2
0168 pf 42 -0.502 -1.240 1.337 2
0168 pf 43 -0.654 -1.244 1.405 2
0168 pf 44 -0.662 -1.509 1.648 2
0168 pf 45 -0.757 -0.952 1.216 2
0168 pf 46 -0.841 -1.141 1.418 2
0168 pf 47 -0.834 -1.773 1.959 2
0168 pf 48 -0.560 -1.087 1.223 2
0168 pf 49 -0.350 -1.197 1.248 2
0168 pf 50 -0.863 -1.256 1.524 2
0192 em 00 -0.326 -1.151 1.197 2
0192 cf 00 -0.501 -1.092 1.202 2
0192 pf 01 -0.297 -1.230 1.266 2
0192 pf 02 -0.194 -1.005 1.024 2
0192 pf 03 -0.047 -0.754 0.756 2
0192 pf 04 -0.404 -0.896 0.983 2
0192 pf 05 0.045 -0.974 0.975 3
0192 pf 06 -0.320 -0.930 0.983 2
0192 pf 07 0.428 -0.938 1.031 3
0192 pf 08 -0.418 -1.099 1.176 2
0192 pf 09 -0.174 -1.396 1.407 2
0192 pf 10 -0.405 -0.985 1.065 2
0192 pf 11 -0.101 -0.548 0.557 2
0192 pf 12 -0.110 -1.127 1.132 2
0192 pf 13 -0.374 -1.362 1.413 2
0192 pf 14 -0.414 -1.341 1.403 2
0192 pf 15 -0.276 -1.325 1.354 2
0192 pf 16 -0.230 -1.188 1.210 2
0192 pf 17 -0.421 -1.556 1.612 2
0192 pf 18 -0.758 -0.748 1.065 1
0192 pf 19 -0.895 -1.885 2.087 2
0192 pf 20 -0.454 -1.464 1.533 2
0192 pf 21 -0.280 -0.903 0.945 2
0192 pf 22 -0.258 -1.689 1.708 2
0192 pf 23 -0.501 -1.140 1.246 2
0192 pf 24 -0.552 -1.014 1.155 2
0192 pf 25 -0.259 -0.859 0.898 2
0192 pf 26 -0.355 -0.596 0.694 2
0192 pf 27 -0.672 -1.429 1.579 2
0192 pf 28 -0.137 -1.219 1.227 2
0192 pf 29 -0.176 -0.737 0.757 2
0192 pf 30 -0.311 -0.962 1.010 2
0192 pf 31 -1.039 -1.087 1.504 2
0192 pf 32 -0.370 -1.266 1.319 2
0192 pf 33 0.188 -0.860 0.880 3
0192 pf 34 -0.202 -1.378 1.393 2
0192 pf 35 -0.300 -1.060 1.101 2
0192 pf 36 -0.603 -1.625 1.733 2
0192 pf 37 -0.182 -1.290 1.303 2
0192 pf 38 -0.178 -1.178 1.191 2
0192 pf 39 -0.843 -1.321 1.567 2
0192 pf 40 0.148 -1.230 1.239 3
0192 pf 41 -0.302 -0.770 0.827 2
0192 pf 42 -0.063 -1.391 1.393 2
0192 pf 43 -0.635 -1.035 1.214 2
0192 pf 44 -0.264 -1.399 1.424 2
0192 pf 45 -0.716 -0.845 1.107 2
0192 pf 46 -0.432 -0.915 1.012 2
0192 pf 47 -0.479 -1.637 1.706 2
0192 pf 48 -0.354 -0.856 0.926 2
0192 pf 49 0.012 -1.013 1.013 3
0192 pf 50 -0.599 -1.142 1.290 2
0216 em 00 -0.027 -0.872 0.873 2
0216 cf 00 -0.192 -0.799 0.822 2
0216 pf 01 0.147 -0.992 1.003 3
0216 pf 02 0.189 -0.797 0.819 3
0216 pf 03 0.356 -0.451 0.575 3
0216 pf 04 -0.111 -0.630 0.639 2
0216 pf 05 0.402 -0.644 0.759 3
0216 pf 06 0.045 -0.718 0.719 3
0216 pf 07 0.710 -0.605 0.933 4
0216 pf 08 -0.189 -0.754 0.777 2
0216 pf 09 0.176 -0.931 0.948 3
0216 pf 10 0.047 -0.898 0.899 3
0216 pf 11 0.029 -0.002 0.030 4
0216 pf 12 0.352 -0.747 0.826 3
0216 pf 13 0.043 -0.987 0.988 3
0216 pf 14 -0.008 -1.013 1.013 2
0216 pf 15 0.280 -0.856 0.901 3
0216 pf 16 -0.038 -0.852 0.853 2
0216 pf 17 -0.196 -1.494 1.507 2
0216 pf 18 -0.543 -0.643 0.841 2
0216 pf 19 -0.372 -1.825 1.862 2
0216 pf 20 -0.152 -1.240 1.249 2
0216 pf 21 -0.004 -0.238 0.238 2
0216 pf 22 0.401 -1.395 1.452 3
0216 pf 23 -0.245 -1.030 1.059 2
0216 pf 24 -0.064 -0.494 0.498 2
0216 pf 25 0.115 -0.801 0.810 3
0216 pf 26 -0.163 -0.770 0.787 2
0216 pf 27 -0.408 -1.216 1.282 2
0216 pf 28 -0.081 -0.826 0.830 2
0216 pf 29 -0.141 -0.575 0.592 2
0216 pf 30 -0.263 -0.895 0.933 2
0216 pf 31 -0.826 -0.804 1.153 1
0216 pf 32 -0.018 -1.064 1.064 2
0216 pf 33 0.380 -0.545 0.664 3
0216 pf 34 -0.134 -1.238 1.245 2
0216 pf 35 -0.211 -0.750 0.779 2
0216 pf 36 -0.491 -1.341 1.429 2
0216 pf 37 -0.004 -0.720 0.720 2
0216 pf 38 0.074 -0.641 0.645 3
0216 pf 39 -0.322 -0.864 0.922 2
0216 pf 40 0.355 -0.999 1.060 3
0216 pf 41 -0.092 -0.728 0.734 2
0216 pf 42 0.117 -1.055 1.061 3
0216 pf 43 -0.238 -1.032 1.059 2
0216 pf 44 0.069 -1.286 1.288 3
0216 pf 45 -0.546 -0.736 0.917 2
0216 pf 46 -0.100 -0.720 0.727 2
0216 pf 47 -0.096 -1.219 1.222 2
0216 pf 48 -0.153 -0.334 0.367 2
0216 pf 49 0.443 -0.619 0.761 3
0216 pf 50 -0.356 -0.908 0.976 2
0240 em 00 0.176 -0.707 0.729 3
0240 cf 00 0.180 -0.529 0.559 3
0240 pf 01 0.304 -0.798 0.854 3
0240 pf 02 0.409 -0.569 0.701 3
0240 pf 03 0.489 -0.562 0.745 3
0240 pf 04 0.092 -0.622 0.629 3
0240 pf 05 0.580 -0.534 0.788 4
0240 pf 06 0.073 -0.425 0.431 3
0240 pf 07 0.807 -0.304 0.862 4
0240 pf 08 -0.090 -0.716 0.722 2
0240 pf 09 0.472 -0.701 0.845 3
0240 pf 10 0.293 -0.480 0.562 3
0240 pf 11 0.010 0.027 0.029 6
0240 pf 12 0.669 -0.584 0.888 4
0240 pf 13 0.418 -0.864 0.960 3
0240 pf 14 0.287 -0.709 0.764 3
0240 pf 15 1.001 -0.558 1.146 4
0240 pf 16 -0.112 -0.567 0.578 2
0240 pf 17 0.066 -1.216 1.218 3
0240 pf 18 -0.441 -0.801 0.915 2
0240 pf 19 0.158 -1.792 1.799 3
0240 pf 20 -0.012 -1.361 1.361 2
0240 pf 21 0.100 0.137 0.170 6
0240 pf 22 0.700 -1.256 1.437 3
0240 pf 23 -0.090 -0.888 0.893 2
0240 pf 24 0.027 -0.036 0.045 3
0240 pf 25 0.217 -0.602 0.640 3
0240 pf 26 0.157 -0.620 0.639 3
0240 pf 27 -0.180 -1.017 1.033 2
0240 pf 28 0.252 -0.649 0.696 3
0240 pf 29 -0.218 -0.535 0.578 2
0240 pf 30 0.024 -0.863 0.863 3
0240 pf 31 -0.665 -0.655 0.933 1
0240 pf 32 0.479 -0.809 0.941 3
0240 pf 33 0.401 -0.059 0.406 4
0240 pf 34 -0.211 -1.320 1.336 2
0240 pf 35 -0.053 -0.693 0.695 2
0240 pf 36 -0.173 -1.255 1.267 2
0240 pf 37 -0.046 -0.793 0.794 2
0240 pf 38 0.109 -0.524 0.535 3
0240 pf 39 0.150 -0.821 0.835 3
0240 pf 40 0.373 -0.763 0.849 3
0240 pf 41 0.265 -0.665 0.716 3
0240 pf 42 0.133 -0.880 0.890 3
0240 pf 43 0.133 -0.834 0.845 3
0240 pf 44 0.368 -1.174 1.230 3
0240 pf 45 -0.157 -0.821 0.836 2
0240 pf 46 -0.011 -0.667 0.667 2
0240 pf 47 0.058 -0.996 0.998 3
0240 pf 48 -0.130 0.054 0.141 8
0240 pf 49 0.683 -0.270 0.735 4
0240 pf 50 -0.033 -0.570 0.571 2
0264 em 00 0.325 -0.479 0.579 3
0264 cf 00 0.539 -0.353 0.644 4
0264 pf 01 0.346 -0.629 0.718 3
0264 pf 02 0.424 -0.334 0.540 4
0264 pf 03 0.261 -0.312 0.406 3
0264 pf 04 0.175 -0.320 0.365 3
0264 pf 05 0.574 -0.192 0.605 4
0264 pf 06 0.266 -0.056 0.272 4
0264 pf 07 0.841 0.052 0.843 5
0264 pf 08 0.032 -0.334 0.336 3
0264 pf 09 0.701 -0.503 0.863 4
0264 pf 10 0.505 -0.338 0.608 4
0264 pf 11 0.058 -0.181 0.190 3
0264 pf 12 0.763 -0.147 0.777 4
0264 pf 13 0.393 -0.341 0.520 4
0264 pf 14 0.810 -0.563 0.986 4
0264 pf 15 1.159 -0.432 1.237 4
0264 pf 16 -0.035 -0.155 0.159 2
0264 pf 17 0.471 -0.967 1.076 3
0264 pf 18 -0.533 -0.834 0.990 2
0264 pf 19 0.472 -1.721 1.784 3
0264 pf 20 0.389 -0.898 0.979 3
0264 pf 21 0.012 0.175 0.175 6
0264 pf 22 0.840 -0.927 1.251 3
0264 pf 23 -0.299 -0.716 0.776 2
0264 pf 24 0.330 0.213 0.392 5
0264 pf 25 0.205 -0.380 0.432 3
0264 pf 26 0.201 -0.312 0.371 3
0264 pf 27 0.339 -0.451 0.564 3
0264 pf 28 0.388 -0.528 0.655 3
0264 pf 29 0.035 -0.376 0.378 3
0264 pf 30 0.460 -0.470 0.657 3
0264 pf 31 -0.041 -0.382 0.385 2
0264 pf 32 0.407 -0.526 0.665 3
0264 pf 33 0.609 0.243 0.656 5
0264 pf 34 -0.161 -1.195 1.206 2
0264 pf 35 -0.068 -0.577 0.581 2
0264 pf 36 0.046 -1.158 1.158 3
0264 pf 37 0.127 -0.813 0.823 3
0264 pf 38 0.260 -0.471 0.538 3
0264 pf 39 0.696 -0.829 1.083 3
0264 pf 40 0.490 -0.767 0.910 3
0264 pf 41 0.521 -0.463 0.697 4
0264 pf 42 0.108 -0.555 0.565 3
0264 pf 43 0.405 -0.523 0.661 3
0264 pf 44 0.772 -0.807 1.117 3
0264 pf 45 0.097 -0.782 0.788 3
0264 pf 46 -0.000 -0.418 0.418 2
0264 pf 47 0.302 -1.094 1.135 3
0264 pf 48 -0.201 0.434 0.479 7
0264 pf 49 0.505 0.033 0.506 5
0264 pf 50 -0.002 -0.134 0.134 2
0288 em 00 0.340 -0.376 0.507 3
0288 cf 00 0.490 -0.200 0.529 4
0288 pf 01 0.242 -0.541 0.593 3
0288 pf 02 0.110 -0.140 0.178 3
0288 pf 03 0.208 -0.075 0.221 4
0288 pf 04 0.144 -0.254 0.292 3
0288 pf 05 0.410 -0.220 0.465 4
0288 pf 06 0.418 -0.323 0.528 4
0288 pf 07 0.907 0.197 0.928 5
0288 pf 08 0.030 -0.424 0.425 3
0288 pf 09 0.405 -0.254 0.479 4
0288 pf 10 0.345 -0.078 0.353 4
0288 pf 11 0.227 -0.294 0.372 3
0288 pf 12 0.603 0.018 0.603 5
0288 pf 13 0.488 -0.358 0.606 4
0288 pf 14 0.740 -0.407 0.845 4
0288 pf 15 1.081 -0.098 1.086 4
0288 pf 16 -0.155 0.023 0.157 8
0288 pf 17 0.779 -0.572 0.966 4
0288 pf 18 -0.407 -0.747 0.850 2
0288 pf 19 0.774 -1.232 1.455 3
0288 pf 20 0.479 -0.539 0.722 3
0288 pf 21 -0.130 0.102 0.166 8
0288 pf 22 0.695 -0.647 0.949 4
0288 pf 23 -0.158 -0.665 0.684 2
0288 pf 24 0.334 0.350 0.484 6
0288 pf 25 -0.006 -0.354 0.354 2
0288 pf 26 0.116 -0.195 0.227 3
0288 pf 27 0.247 -0.336 0.417 3
0288 pf 28 0.254 -0.658 0.706 3
0288 pf 29 0.320 -0.294 0.435 4
0288 pf 30 0.819 -0.430 0.925 4
0288 pf 31 -0.148 -0.439 0.463 2
0288 pf 32 0.357 -0.398 0.535 3
0288 pf 33 0.747 0.368 0.833 5
0288 pf 34 -0.024 -1.311 1.311 2
0288 pf 35 -0.152 -0.552 0.573 2
0288 pf 36 -0.161 -1.082 1.094 2
0288 pf 37 0.345 -0.598 0.691 3
0288 pf 38 0.168 -0.492 0.520 3
0288 pf 39 0.981 -0.658 1.181 4
0288 pf 40 0.641 -0.468 0.794 4
0288 pf 41 0.751 -0.529 0.919 4
0288 pf 42 0.200 -0.240 0.313 3
0288 pf 43 0.644 -0.359 0.738 4
0288 pf 44 0.841 -0.795 1.157 4
0288 pf 45 0.231 -0.695 0.733 3
0288 pf 46 0.275 -0.456 0.533 3
0288 pf 47 0.223 -1.123 1.145 3
0288 pf 48 -0.097 0.520 0.529 7
0288 pf 49 0.171 0.119 0.208 5
0288 pf 50 -0.041 -0.086 0.095 2
0312 em 00 0.280 -0.291 0.404 3
0312 cf 00 0.196 -0.008 0.196 4
0312 pf 01 0.374 -0.212 0.430 4
0312 pf 02 -0.018 -0.005 0.019 1
0312 pf 03 -0.153 -0.229 0.275 2
0312 pf 04 -0.040 -0.309 0.311 2
0312 pf 05 0.185 -0.143 0.233 4
0312 pf 06 0.355 -0.306 0.469 4
0312 pf 07 1.010 0.356 1.071 5
0312 pf 08 -0.052 -0.276 0.281 2
0312 pf 09 0.366 -0.203 0.419 4
0312 pf 10 0.095 0.078 0.123 5
0312 pf 11 0.475 -0.319 0.572 4
0312 pf 12 0.483 0.251 0.544 5
0312 pf 13 0.339 -0.280 0.440 4
0312 pf 14 0.560 -0.022 0.561 4
0312 pf 15 0.668 0.164 0.687 5
0312 pf 16 -0.121 0.060 0.135 8
0312 pf 17 0.605 -0.382 0.716 4
0312 pf 18 -0.089 -0.767 0.772 2
0312 pf 19 1.023 -0.837 1.322 4
0312 pf 20 0.521 -0.583 0.782 3
0312 pf 21 -0.269 0.011 0.269 8
0312 pf 22 0.775 -0.312 0.836 4
0312 pf 23 -0.061 -0.653 0.656 2
0312 pf 24 0.226 0.460 0.513 6
0312 pf 25 -0.252 -0.461 0.526 2
0312 pf 26 -0.093 -0.058 0.110 1
0312 pf 27 0.176 -0.240 0.298 3
0312 pf 28 0.165 -0.777 0.794 3
0312 pf 29 0.119 -0.355 0.375 3
0312 pf 30 0.818 -0.418 0.918 4
0312 pf 31 0.135 0.019 0.136 5
0312 pf 32 0.231 -0.478 0.531 3
0312 pf 33 0.521 0.467 0.699 5
0312 pf 34 0.170 -1.155 1.167 3
0312 pf 35 -0.179 -0.514 0.544 2
0312 pf 36 -0.128 -1.166 1.173 2
0312 pf 37 0.627 -0.626 0.886 4
0312 pf 38 -0.092 -0.569 0.576 2
0312 pf 39 0.960 -0.623 1.144 4
0312 pf 40 0.268 -0.511 0.577 3
0312 pf 41 0.736 -0.357 0.818 4
0312 pf 42 0.346 -0.243 0.423 4
0312 pf 43 0.723 0.139 0.736 5
0312 pf 44 0.596 -0.842 1.031 3
0312 pf 45 0.083 -0.835 0.839 3
0312 pf 46 0.121 -0.279 0.304 3
0312 pf 47 0.215 -0.654 0.688 3
0312 pf 48 -0.192 0.288 0.346 7
0312 pf 49 0.188 0.222 0.291 6
0312 pf 50 0.046 -0.133 0.140 3
0336 em 00 0.267 -0.205 0.336 4
0336 cf 00 -0.002 0.168 0.168 7
0336 pf 01 0.778 -0.052 0.780 4
0336 pf 02 0.100 -0.033 0.106 4
0336 pf 03 0.015 -0.470 0.470 3
0336 pf 04 0.099 -0.204 0.227 3
0336 pf 05 0.094 -0.088 0.128 4
0336 pf 06 0.190 -0.232 0.299 3
0336 pf 07 0.833 0.582 1.016 5
0336 pf 08 0.045 -0.111 0.120 3
0336 pf 09 0.429 -0.347 0.552 4
0336 pf 10 0.005 0.162 0.162 6
0336 pf 11 0.603 0.015 0.604 5
0336 pf 12 0.574 0.644 0.862 6
0336 pf 13 0.291 -0.619 0.684 3
0336 pf 14 0.354 0.021 0.354 5
0336 pf 15 0.103 0.359 0.373 6
0336 pf 16 -0.414 0.118 0.430 8
0336 pf 17 0.575 -0.200 0.609 4
0336 pf 18 0.101 -0.824 0.831 3
0336 pf 19 1.008 -0.438 1.099 4
0336 pf 20 0.613 -0.258 0.665 4
0336 pf 21 -0.259 -0.216 0.338 1
0336 pf 22 1.117 -0.018 1.118 4
0336 pf 23 0.063 -0.843 0.846 3
0336 pf 24 0.237 0.512 0.565 6
0336 pf 25 -0.149 -0.250 0.291 2
0336 pf 26 -0.144 -0.079 0.165 1
0336 pf 27 0.157 -0.222 0.272 3
0336 pf 28 -0.001 -0.856 0.856 3
0336 pf 29 -0.014 -0.101 0.102 2
0336 pf 30 0.564 -0.311 0.644 4
0336 pf 31 0.105 -0.061 0.121 4
0336 pf 32 0.056 -0.229 0.235 3
0336 pf 33 0.636 0.251 0.684 5
0336 pf 34 0.326 -1.013 1.064 3
0336 pf 35 -0.426 -0.527 0.678 2
0336 pf 36 -0.183 -1.196 1.210 2
0336 pf 37 0.638 -0.845 1.059 3
0336 pf 38 -0.176 -0.403 0.440 2
0336 pf 39 0.588 -0.402 0.712 4
0336 pf 40 0.076 -0.282 0.292 3
0336 pf 41 0.824 -0.130 0.834 4
0336 pf 42 0.477 -0.096 0.487 4
0336 pf 43 0.904 0.494 1.030 5
0336 pf 44 0.811 -0.536 0.972 4
0336 pf 45 -0.218 -0.650 0.685 2
0336 pf 46 0.090 -0.167 0.190 3
0336 pf 47 0.365 -0.442 0.573 3
0336 pf 48 -0.148 0.066 0.162 8
0336 pf 49 0.122 0.100 0.157 5
0336 pf 50 0.230 -0.257 0.345 3
0360 em 00 0.292 -0.144 0.326 4
0360 cf 00 0.058 0.251 0.258 6
0360 pf 01 0.909 -0.144 0.921 4
0360 pf 02 0.139 -0.031 0.142 4
0360 pf 03 0.155 -0.718 0.735 3
0360 pf 04 0.300 0.028 0.301 5
0360 pf 05 -0.066 0.021 0.069 8
0360 pf 06 0.319 0.123 0.342 5
0360 pf 07 0.614 0.995 1.169 6
0360 pf 08 0.052 0.100 0.113 6
0360 pf 09 0.404 -0.352 0.536 4
0360 pf 10 0.055 -0.085 0.101 3
0360 pf 11 0.879 -0.063 0.881 4
0360 pf 12 0.738 0.942 1.197 6
0360 pf 13 0.186 -0.619 0.647 3
0360 pf 14 0.572 0.046 0.573 5
0360 pf 15 0.099 0.366 0.379 6
0360 pf 16 -0.176 0.158 0.237 8
0360 pf 17 0.592 -0.064 0.595 4
0360 pf 18 0.140 -0.950 0.960 3
0360 pf 19 0.931 -0.219 0.956 4
0360 pf 20 0.763 0.086 0.768 5
0360 pf 21 -0.261 -0.295 0.394 2
0360 pf 22 1.250 0.183 1.263 5
0360 pf 23 0.251 -0.925 0.959 3
0360 pf 24 0.348 0.407 0.536 6
0360 pf 25 0.343 -0.355 0.493 3
0360 pf 26 -0.353 -0.190 0.401 1
0360 pf 27 0.129 -0.013 0.129 4
0360 pf 28 0.175 -0.671 0.693 3
0360 pf 29 -0.120 0.003 0.120 8
0360 pf 30 0.457 -0.325 0.561 4
0360 pf 31 0.131 0.042 0.138 5
0360 pf 32 0.011 -0.215 0.215 3
0360 pf 33 0.387 0.393 0.552 6
0360 pf 34 0.329 -0.811 0.875 3
0360 pf 35 -0.631 -0.595 0.867 1
0360 pf 36 -0.350 -1.277 1.324 2
0360 pf 37 0.633 -0.982 1.168 3
0360 pf 38 -0.176 -0.294 0.343 2
0360 pf 39 0.271 -0.143 0.306 4
0360 pf 40 0.050 0.114 0.124 6
0360 pf 41 0.790 -0.023 0.790 4
0360 pf 42 0.754 -0.016 0.755 4
0360 pf 43 0.988 0.616 1.164 5
0360 pf 44 0.927 -0.506 1.056 4
0360 pf 45 0.079 -0.567 0.573 3
0360 pf 46 -0.008 -0.262 0.262 2
0360 pf 47 0.228 -0.337 0.407 3
0360 pf 48 -0.261 -0.228 0.347 1
0360 pf 49 0.244 0.251 0.350 6
0360 pf 50 0.105 -0.391 0.404 3
0384 em 00 0.341 -0.099 0.355 4
0384 cf 00 0.169 0.301 0.345 6
0384 pf 01 0.825 0.121 0.834 5
0384 pf 02 0.142 0.300 0.332 6
0384 pf 03 0.187 -0.952 0.970 3
0384 pf 04 0.140 -0.182 0.229 3
0384 pf 05 -0.152 -0.013 0.152 1
0384 pf 06 0.328 0.134 0.355 5
0384 pf 07 1.223 1.255 1.752 6
0384 pf 08 -0.024 0.382 0.383 7
0384 pf 09 0.572 0.029 0.573 5
0384 pf 10 0.287 0.036 0.290 5
0384 pf 11 1.123 0.147 1.133 5
0384 pf 12 0.784 0.945 1.227 6
0384 pf 13 -0.105 -0.548 0.558 2
0384 pf 14 0.618 -0.142 0.634 4
0384 pf 15 0.212 0.216 0.303 6
0384 pf 16 -0.150 0.237 0.280 7
0384 pf 17 0.560 0.119 0.572 5
0384 pf 18 0.118 -0.993 1.000 3
0384 pf 19 0.923 0.208 0.947 5
0384 pf 20 0.890 0.550 1.047 5
0384 pf 21 -0.261 -0.413 0.489 2
0384 pf 22 1.088 0.471 1.186 5
0384 pf 23 0.292 -0.657 0.719 3
0384 pf 24 0.312 0.440 0.539 6
0384 pf 25 0.546 -0.573 0.791 3
0384 pf 26 -0.447 -0.658 0.796 2
0384 pf 27 0.496 -0.230 0.547 4
0384 pf 28 0.253 -0.573 0.626 3
0384 pf 29 0.161 0.154 0.223 5
0384 pf 30 0.501 -0.202 0.540 4
0384 pf 31 0.333 -0.021 0.333 4
0384 pf 32 -0.046 -0.133 0.140 2
0384 pf 33 0.348 0.402 0.532 6
0384 pf 34 0.306 -0.646 0.715 3
0384 pf 35 -0.735 -0.867 1.136 2
0384 pf 36 0.130 -1.531 1.536 3
0384 pf 37 0.695 -0.741 1.016 3
0384 pf 38 -0.286 -0.360 0.460 2
0384 pf 39 0.066 -0.198 0.209 3
0384 pf 40 -0.109 0.410 0.425 7
0384 pf 41 0.684 0.089 0.690 5
0384 pf 42 1.042 0.179 1.057 5
0384 pf 43 1.108 0.429 1.188 5
0384 pf 44 0.867 -0.416 0.962 4
0384 pf 45 -0.034 -0.467 0.469 2
0384 pf 46 0.445 -0.540 0.700 3
0384 pf 47 0.106 -0.301 0.319 3
0384 pf 48 -0.165 -0.816 0.832 2
0384 pf 49 0.322 0.803 0.865 6
0384 pf 50 0.246 -0.455 0.517 3
0408 em 00 0.282 -0.074 0.291 4
0408 cf 00 0.271 0.318 0.418 6
0408 pf 01 0.522 0.200 0.559 5
0408 pf 02 0.035 0.643 0.644 6
0408 pf 03 0.282 -0.987 1.026 3
0408 pf 04 0.390 -0.513 0.644 3
0408 pf 05 -0.179 -0.194 0.265 2
0408 pf 06 -0.024 0.636 0.637 7
0408 pf 07 0.929 1.347 1.636 6
0408 pf 08 -0.384 0.308 0.492 8
0408 pf 09 0.520 0.218 0.564 5
0408 pf 10 -0.155 0.514 0.537 7
0408 pf 11 0.925 0.143 0.936 5
0408 pf 12 0.588 0.728 0.936 6
0408 pf 13 -0.281 -0.395 0.485 2
0408 pf 14 0.830 -0.037 0.831 4
0408 pf 15 -0.028 0.273 0.275 7
0408 pf 16 -0.091 0.404 0.414 7
0408 pf 17 0.297 -0.317 0.434 3
0408 pf 18 0.286 -0.766 0.818 3
0408 pf 19 0.927 0.547 1.077 5
0408 pf 20 0.883 0.729 1.145 5
0408 pf 21 -0.304 -0.615 0.686 2
0408 pf 22 0.985 0.771 1.251 5
0408 pf 23 0.514 -0.450 0.683 4
0408 pf 24 0.475 0.431 0.641 5
0408 pf 25 0.397 -0.717 0.819 3
0408 pf 26 -0.446 -0.591 0.740 2
0408 pf 27 0.621 -0.539 0.823 4
0408 pf 28 0.105 -0.672 0.680 3
0408 pf 29 0.420 -0.191 0.461 4
0408 pf 30 0.240 -0.144 0.280 4
0408 pf 31 0.532 -0.193 0.566 4
0408 pf 32 -0.240 -0.443 0.504 2
0408 pf 33 0.328 0.528 0.622 6
0408 pf 34 0.436 -0.606 0.746 3
0408 pf 35 -0.375 -1.030 1.097 2
0408 pf 36 0.582 -1.443 1.556 3
0408 pf 37 0.780 -0.316 0.842 4
0408 pf 38 -0.341 -0.305 0.457 1
0408 pf 39 -0.201 -0.375 0.425 2
0408 pf 40 -0.563 0.250 0.616 8
0408 pf 41 0.511 -0.065 0.515 4
0408 pf 42 1.216 0.360 1.268 5
0408 pf 43 0.845 0.456 0.960 5
0408 pf 44 0.600 -0.179 0.626 4
0408 pf 45 0.018 -0.396 0.396 3
0408 pf 46 0.286 -0.682 0.739 3
0408 pf 47 -0.006 -0.393 0.393 2
0408 pf 48 -0.054 -0.876 0.878 2
0408 pf 49 0.096 1.046 1.051 6
0408 pf 50 -0.097 -0.489 0.499 2
0432 em 00 0.202 -0.001 0.202 4
0432 cf 00 0.284 0.083 0.296 5
0432 pf 01 0.722 0.203 0.750 5
0432 pf 02 -0.180 0.426 0.463 7
0432 pf 03 0.203 -0.677 0.707 3
0432 pf 04 0.708 -0.128 0.719 4
0432 pf 05 -0.201 -0.240 0.313 2
0432 pf 06 -0.766 0.929 1.204 7
0432 pf 07 0.635 1.121 1.288 6
0432 pf 08 -0.781 0.179 0.802 8
0432 pf 09 0.461 0.303 0.552 5
0432 pf 10 -0.874 0.710 1.126 8
0432 pf 11 0.841 0.395 0.929 5
0432 pf 12 0.478 0.945 1.059 6
0432 pf 13 -0.200 -0.257 0.325 2
0432 pf 14 0.486 0.065 0.491 5
0432 pf 15 -0.472 0.648 0.802 7
0432 pf 16 -0.452 0.534 0.700 7
0432 pf 17 0.216 -0.147 0.261 4
0432 pf 18 0.720 -1.058 1.280 3
0432 pf 19 0.754 1.109 1.340 6
0432 pf 20 0.949 0.574 1.109 5
0432 pf 21 -0.353 -0.704 0.788 2
0432 pf 22 1.013 1.062 1.467 6
0432 pf 23 0.437 -0.093 0.447 4
0432 pf 24 0.347 0.551 0.651 6
0432 pf 25 0.342 -0.633 0.719 3
0432 pf 26 -0.362 -0.500 0.617 2
0432 pf 27 0.442 -0.785 0.901 3
0432 pf 28 0.006 -0.792 0.792 3
0432 pf 29 0.361 -0.042 0.363 4
0432 pf 30 0.275 -0.218 0.351 4
0432 pf 31 0.764 -0.168 0.783 4
0432 pf 32 -0.232 -0.685 0.724 2
0432 pf 33 0.354 0.632 0.725 6
0432 pf 34 0.130 -0.213 0.249 3
0432 pf 35 -0.278 -1.044 1.080 2
0432 pf 36 0.806 -1.234 1.474 3
0432 pf 37 0.458 -0.061 0.462 4
0432 pf 38 0.177 -0.378 0.418 3
0432 pf 39 -0.595 -0.357 0.694 1
0432 pf 40 -0.438 0.088 0.447 8
0432 pf 41 0.751 -0.161 0.768 4
0432 pf 42 1.052 0.366 1.114 5
0432 pf 43 0.561 0.545 0.782 5
0432 pf 44 0.502 -0.199 0.540 4
0432 pf 45 -0.014 -0.477 0.478 2
0432 pf 46 0.433 -0.596 0.737 3
0432 pf 47 0.014 -0.581 0.581 3
0432 pf 48 0.243 -0.305 0.390 3
0432 pf 49 -0.351 0.972 1.034 7
0432 pf 50 -0.340 -0.120 0.361 1
0456 em 00 0.136 0.119 0.181 5
0456 cf 00 0.397 -0.060 0.401 4
0456 pf 01 0.663 0.263 0.714 5
0456 pf 02 0.084 0.617 0.623 6
0456 pf 03 0.378 -0.108 0.393 4
0456 pf 04 0.651 0.061 0.654 5
0456 pf 05 -0.251 -0.439 0.506 2
0456 pf 06 -1.112 0.934 1.452 8
0456 pf 07 0.104 0.878 0.884 6
0456 pf 08 -1.024 -0.073 1.027 1
0456 pf 09 0.572 0.276 0.635 5
0456 pf 10 -1.367 0.858 1.614 8
0456 pf 11 0.830 0.572 1.008 5
0456 pf 12 0.330 1.233 1.277 6
0456 pf 13 0.228 0.073 0.239 5
0456 pf 14 0.281 0.317 0.424 6
0456 pf 15 -0.669 0.856 1.086 7
0456 pf 16 -0.668 0.692 0.962 7
0456 pf 17 0.023 0.142 0.144 6
0456 pf 18 1.230 -1.071 1.631 4
0456 pf 19 0.579 1.530 1.636 6
0456 pf 20 0.955 1.104 1.460 6
0456 pf 21 -0.147 -0.444 0.468 2
0456 pf 22 0.614 0.942 1.124 6
0456 pf 23 0.339 0.062 0.344 5
0456 pf 24 0.388 0.808 0.896 6
0456 pf 25 0.235 -0.430 0.490 3
0456 pf 26 -0.457 -0.556 0.719 2
0456 pf 27 0.305 -0.786 0.843 3
0456 pf 28 0.121 -0.394 0.412 3
0456 pf 29 -0.155 -0.075 0.173 1
0456 pf 30 0.091 -0.341 0.353 3
0456 pf 31 0.793 0.181 0.813 5
0456 pf 32 -0.293 -0.685 0.745 2
0456 pf 33 0.203 0.416 0.463 6
0456 pf 34 0.011 0.060 0.061 6
0456 pf 35 0.002 -0.920 0.920 3
0456 pf 36 0.926 -0.863 1.265 4
0456 pf 37 0.205 -0.127 0.241 4
0456 pf 38 0.086 -0.247 0.262 3
0456 pf 39 -0.349 -0.147 0.378 1
0456 pf 40 -0.454 0.219 0.504 8
0456 pf 41 1.008 -0.037 1.008 4
0456 pf 42 0.686 0.455 0.823 5
0456 pf 43 0.399 0.766 0.864 6
0456 pf 44 0.517 -0.085 0.524 4
0456 pf 45 -0.296 -0.294 0.418 1
0456 pf 46 0.471 -0.517 0.699 3
0456 pf 47 -0.020 -0.455 0.455 2
0456 pf 48 0.375 0.075 0.382 5
0456 pf 49 -0.651 0.562 0.860 8
0456 pf 50 -0.344 -0.121 0.364 1
0480 em 00 0.081 0.238 0.251 6
0480 cf 00 0.414 -0.018 0.414 4
0480 pf 01 0.504 0.479 0.695 5
0480 pf 02 0.477 0.669 0.822 6
0480 pf 03 0.289 -0.194 0.348 4
0480 pf 04 0.559 0.170 0.585 5
0480 pf 05 -0.174 -0.411 0.447 2
0480 pf 06 -1.329 0.631 1.471 8
0480 pf 07 -0.053 0.931 0.932 7
0480 pf 08 -0.824 -0.528 0.979 1
0480 pf 09 0.384 0.185 0.426 5
0480 pf 10 -1.634 0.764 1.804 8
0480 pf 11 0.727 0.882 1.143 6
0480 pf 12 0.226 0.986 1.012 6
0480 pf 13 0.651 0.249 0.697 5
0480 pf 14 0.256 0.720 0.764 6
0480 pf 15 -0.994 0.628 1.176 8
0480 pf 16 -0.877 0.788 1.179 8
0480 pf 17 -0.038 0.293 0.296 7
0480 pf 18 1.594 -0.844 1.804 4
0480 pf 19 0.627 1.611 1.729 6
0480 pf 20 0.644 1.571 1.698 6
0480 pf 21 -0.056 -0.507 0.510 2
0480 pf 22 0.304 1.094 1.136 6
0480 pf 23 0.204 0.145 0.250 5
0480 pf 24 -0.059 1.250 1.252 7
0480 pf 25 0.032 -0.453 0.454 3
0480 pf 26 -0.680 -0.514 0.852 1
0480 pf 27 0.357 -0.770 0.848 3
0480 pf 28 0.086 0.164 0.185 6
0480 pf 29 -0.390 0.183 0.431 8
0480 pf 30 0.107 -0.435 0.448 3
0480 pf 31 0.603 0.792 0.995 6
0480 pf 32 -0.410 -0.691 0.803 2
0480 pf 33 -0.130 0.400 0.421 7
0480 pf 34 0.155 0.412 0.441 6
0480 pf 35 0.493 -0.741 0.890 3
0480 pf 36 1.090 -0.483 1.192 4
0480 pf 37 0.351 0.037 0.353 5
0480 pf 38 -0.449 0.142 0.471 8
0480 pf 39 -0.275 -0.240 0.365 1
0480 pf 40 -0.589 0.276 0.651 8
0480 pf 41 1.495 0.407 1.549 5
0480 pf 42 0.459 0.768 0.895 6
0480 pf 43 -0.142 1.140 1.149 7
0480 pf 44 0.566 -0.226 0.609 4
0480 pf 45 -0.401 -0.123 0.419 1
0480 pf 46 0.577 -0.312 0.656 4
0480 pf 47 -0.086 -0.229 0.245 2
0480 pf 48 0.492 0.504 0.705 6
0480 pf 49 -0.720 0.410 0.829 8
0480 pf 50 -0.185 -0.185 0.262 2
0504 em 00 -0.013 0.304 0.304 7
0504 cf 00 0.366 0.085 0.376 5
0504 pf 01 0.382 0.358 0.524 5
0504 pf 02 0.662 0.484 0.820 5
0504 pf 03 0.482 -0.117 0.496 4
0504 pf 04 0.543 0.294 0.617 5
0504 pf 05 -0.074 0.019 0.077 8
0504 pf 06 -1.541 0.136 1.547 8
0504 pf 07 0.117 1.105 1.112 6
0504 pf 08 -0.820 -0.728 1.096 1
0504 pf 09 0.251 0.277 0.374 6
0504 pf 10 -1.727 0.511 1.801 8
0504 pf 11 0.315 1.333 1.370 6
0504 pf 12 0.162 1.047 1.059 6
0504 pf 13 0.673 0.388 0.777 5
0504 pf 14 0.251 1.154 1.181 6
0504 pf 15 -1.195 0.483 1.289 8
0504 pf 16 -0.949 0.469 1.058 8
0504 pf 17 -0.230 0.364 0.430 7
0504 pf 18 1.556 -0.731 1.719 4
0504 pf 19 0.458 1.763 1.821 6
0504 pf 20 0.057 1.508 1.509 6
0504 pf 21 -0.074 -0.493 0.498 2
0504 pf 22 -0.030 1.032 1.032 7
0504 pf 23 0.028 0.239 0.241 6
0504 pf 24 -0.425 1.344 1.410 7
0504 pf 25 0.021 -0.511 0.511 3
0504 pf 26 -1.051 -0.473 1.152 1
0504 pf 27 0.658 -0.601 0.891 4
0504 pf 28 -0.066 0.331 0.338 7
0504 pf 29 -0.619 0.180 0.645 8
0504 pf 30 0.216 -0.398 0.453 3
0504 pf 31 0.241 1.206 1.230 6
0504 pf 32 -0.311 -0.735 0.798 2
0504 pf 33 -0.351 0.825 0.896 7
0504 pf 34 0.165 0.468 0.496 6
0504 pf 35 0.848 -0.398 0.937 4
0504 pf 36 1.505 -0.083 1.508 4
0504 pf 37 0.141 0.123 0.187 5
0504 pf 38 -0.833 0.122 0.842 8
0504 pf 39 0.107 -0.420 0.433 3
0504 pf 40 -0.622 0.056 0.625 8
0504 pf 41 1.146 0.659 1.322 5
0504 pf 42 0.038 0.779 0.780 6
0504 pf 43 -0.542 1.384 1.487 7
0504 pf 44 0.360 -0.452 0.578 3
0504 pf 45 -0.673 -0.030 0.673 1
0504 pf 46 0.258 0.041 0.261 5
0504 pf 47 -0.014 -0.119 0.120 2
0504 pf 48 0.660 0.508 0.833 5
0504 pf 49 -0.688 0.371 0.782 8
0504 pf 50 -0.369 0.036 0.371 8
0528 em 00 -0.104 0.331 0.347 7
0528 cf 00 0.441 0.176 0.474 5
0528 pf 01 0.645 0.381 0.749 5
0528 pf 02 0.495 0.418 0.648 5
0528 pf 03 0.290 0.228 0.369 5
0528 pf 04 0.550 0.349 0.651 5
0528 pf 05 0.009 0.239 0.239 6
0528 pf 06 -1.679 -0.228 1.695 1
0528 pf 07 0.145 0.883 0.895 6
0528 pf 08 -0.487 -1.144 1.243 2
0528 pf 09 0.000 0.407 0.407 7
0528 pf 10 -1.876 0.201 1.887 8
0528 pf 11 0.154 1.494 1.502 6
0528 pf 12 -0.114 1.106 1.112 7
0528 pf 13 0.542 0.470 0.717 5
0528 pf 14 0.288 1.274 1.306 6
0528 pf 15 -1.145 0.500 1.250 8
0528 pf 16 -1.010 0.440 1.102 8
0528 pf 17 -0.578 0.312 0.657 8
0528 pf 18 1.192 -0.342 1.240 4
0528 pf 19 -0.129 1.632 1.637 7
0528 pf 20 -0.212 1.184 1.203 7
0528 pf 21 -0.176 -0.555 0.583 2
0528 pf 22 -0.316 0.791 0.852 7
0528 pf 23 -0.147 0.604 0.622 7
0528 pf 24 -0.962 1.213 1.548 7
0528 pf 25 0.130 -0.553 0.568 3
0528 pf 26 -1.332 -0.480 1.416 1
0528 pf 27 0.756 -0.380 0.846 4
0528 pf 28 -0.260 0.326 0.417 7
0528 pf 29 -0.411 -0.088 0.420 1
0528 pf 30 -0.031 -0.386 0.387 2
0528 pf 31 0.161 1.569 1.577 6
0528 pf 32 -0.338 -0.695 0.773 2
0528 pf 33 -0.720 0.766 1.051 7
0528 pf 34 0.268 0.622 0.678 6
0528 pf 35 0.989 -0.306 1.035 4
0528 pf 36 1.345 0.137 1.352 5
0528 pf 37 0.291 0.202 0.354 5
0528 pf 38 -0.796 0.451 0.915 8
0528 pf 39 0.283 -0.567 0.634 3
0528 pf 40 -0.659 0.011 0.660 8
0528 pf 41 0.819 0.730 1.097 5
0528 pf 42 0.084 0.772 0.777 6
0528 pf 43 -0.564 1.223 1.347 7
0528 pf 44 0.200 -0.339 0.394 3
0528 pf 45 -0.932 0.033 0.933 8
0528 pf 46 0.035 0.047 0.059 6
0528 pf 47 0.444 0.203 0.488 5
0528 pf 48 0.600 0.423 0.734 5
0528 pf 49 -0.746 0.584 0.948 8
0528 pf 50 -0.649 0.389 0.757 8
0552 em 00 -0.194 0.349 0.400 7
0552 cf 00 0.531 0.227 0.577 5
0552 pf 01 0.396 0.505 0.642 6
0552 pf 02 0.170 0.816 0.833 6
0552 pf 03 0.251 0.452 0.517 6
0552 pf 04 0.433 0.562 0.710 6
0552 pf 05 0.159 0.439 0.467 6
0552 pf 06 -1.318 -0.332 1.359 1
0552 pf 07 0.113 0.797 0.805 6
0552 pf 08 0.056 -1.356 1.357 3
0552 pf 09 -0.198 0.199 0.281 7
0552 pf 10 -1.961 -0.356 1.993 1
0552 pf 11 -0.001 1.251 1.251 6
0552 pf 12 -0.137 1.363 1.370 7
0552 pf 13 -0.025 0.559 0.560 7
0552 pf 14 0.117 1.233 1.238 6
0552 pf 15 -0.777 0.581 0.970 8
0552 pf 16 -0.848 0.531 1.001 8
0552 pf 17 -0.707 0.358 0.793 8
0552 pf 18 0.921 0.073 0.924 5
0552 pf 19 -0.687 1.694 1.828 7
0552 pf 20 -0.235 0.908 0.938 7
0552 pf 21 -0.279 -0.133 0.309 1
0552 pf 22 -0.711 0.134 0.723 8
0552 pf 23 -0.364 0.667 0.760 7
0552 pf 24 -1.189 0.810 1.439 8
0552 pf 25 0.237 -0.337 0.412 3
0552 pf 26 -1.201 -0.410 1.269 1
0552 pf 27 0.667 -0.059 0.669 4
0552 pf 28 -0.540 0.297 0.616 8
0552 pf 29 -0.383 -0.011 0.383 1
0552 pf 30 -0.155 -0.249 0.293 2
0552 pf 31 -0.044 1.848 1.848 7
0552 pf 32 -0.030 -0.777 0.778 2
0552 pf 33 -1.115 0.612 1.272 8
0552 pf 34 0.149 0.484 0.506 6
0552 pf 35 1.153 -0.128 1.160 4
0552 pf 36 1.082 0.346 1.136 5
0552 pf 37 0.262 -0.062 0.269 4
0552 pf 38 -0.906 0.556 1.063 8
0552 pf 39 0.200 -0.450 0.492 3
0552 pf 40 -0.677 0.000 0.677 8
0552 pf 41 0.780 1.114 1.360 6
0552 pf 42 -0.147 1.002 1.013 7
0552 pf 43 -0.866 1.019 1.337 7
0552 pf 44 0.105 -0.115 0.156 3
0552 pf 45 -0.971 -0.210 0.993 1
0552 pf 46 -0.398 0.104 0.411 8
0552 pf 47 0.502 0.264 0.568 5
0552 pf 48 0.557 0.395 0.683 5
0552 pf 49 -0.693 0.253 0.738 8
0552 pf 50 -1.032 0.263 1.065 8
0576 em 00 -0.260 0.314 0.408 7
0576 cf 00 0.387 0.215 0.443 5
0576 pf 01 0.039 0.456 0.458 6
0576 pf 02 0.057 0.954 0.956 6
0576 pf 03 0.421 0.424 0.597 6
0576 pf 04 0.266 0.798 0.841 6
0576 pf 05 0.055 0.426 0.430 6
0576 pf 06 -0.974 -0.669 1.182 1
0576 pf 07 -0.137 0.916 0.927 7
0576 pf 08 0.355 -1.372 1.417 3
0576 pf 09 -0.208 0.212 0.297 7
0576 pf 10 -1.575 -0.848 1.789 1
0576 pf 11 -0.009 1.130 1.130 7
0576 pf 12 0.032 1.252 1.253 6
0576 pf 13 -0.009 0.449 0.449 7
0576 pf 14 -0.153 1.401 1.409 7
0576 pf 15 -0.611 0.359 0.709 8
0576 pf 16 -0.829 -0.038 0.830 1
0576 pf 17 -0.837 0.183 0.857 8
0576 pf 18 0.456 -0.095 0.466 4
0576 pf 19 -1.388 1.586 2.108 7
0576 pf 20 -0.363 0.899 0.970 7
0576 pf 21 -0.539 -0.120 0.552 1
0576 pf 22 -0.842 -0.168 0.859 1
0576 pf 23 -0.434 0.717 0.838 7
0576 pf 24 -1.343 0.442 1.414 8
0576 pf 25 0.154 0.039 0.159 5
0576 pf 26 -0.779 -0.513 0.933 1
0576 pf 27 0.553 -0.141 0.571 4
0576 pf 28 -0.629 0.183 0.655 8
0576 pf 29 -0.429 0.013 0.429 8
0576 pf 30 -0.196 0.135 0.238 8
0576 pf 31 -0.277 1.964 1.983 7
0576 pf 32 -0.092 -0.648 0.655 2
0576 pf 33 -0.772 0.545 0.945 8
0576 pf 34 0.111 0.379 0.395 6
0576 pf 35 1.349 0.363 1.397 5
0576 pf 36 0.675 0.216 0.709 5
0576 pf 37 0.134 -0.252 0.285 3
0576 pf 38 -0.880 0.545 1.035 8
0576 pf 39 0.269 -0.531 0.595 3
0576 pf 40 -0.407 -0.190 0.449 1
0576 pf 41 0.442 1.499 1.563 6
0576 pf 42 -0.410 1.263 1.328 7
0576 pf 43 -0.935 0.940 1.326 7
0576 pf 44 0.126 0.223 0.256 6
0576 pf 45 -1.103 -0.394 1.171 1
0576 pf 46 -0.663 0.305 0.730 8
0576 pf 47 0.357 0.277 0.452 5
0576 pf 48 0.553 0.578 0.800 6
0576 pf 49 -0.779 -0.257 0.820 1
0576 pf 50 -1.293 -0.036 1.293 1
0600 em 00 -0.277 0.284 0.397 7
0600 cf 00 0.058 0.184 0.193 6
0600 pf 01 -0.241 0.252 0.348 7
0600 pf 02 -0.016 0.800 0.800 7
0600 pf 03 0.711 0.403 0.818 5
0600 pf 04 0.143 1.091 1.100 6
0600 pf 05 0.149 0.335 0.367 6
0600 pf 06 -0.450 -0.660 0.799 2
0600 pf 07 -0.330 1.259 1.301 7
0600 pf 08 0.539 -1.343 1.447 3
0600 pf 09 -0.160 0.053 0.168 8
0600 pf 10 -1.090 -1.041 1.508 1
0600 pf 11 0.073 1.356 1.358 6
0600 pf 12 0.319 1.142 1.186 6
0600 pf 13 -0.312 0.454 0.551 7
0600 pf 14 -0.298 1.238 1.274 7
0600 pf 15 -0.883 -0.116 0.891 1
0600 pf 16 -0.733 -0.265 0.779 1
0600 pf 17 -0.763 -0.006 0.763 1
0600 pf 18 0.388 -0.158 0.419 4
0600 pf 19 -1.652 1.223 2.055 8
0600 pf 20 -0.504 0.681 0.847 7
0600 pf 21 -0.523 -0.253 0.581 1
0600 pf 22 -0.693 -0.296 0.754 1
0600 pf 23 -0.669 0.485 0.826 8
0600 pf 24 -1.498 0.126 1.504 8
0600 pf 25 0.280 0.324 0.428 6
0600 pf 26 -0.194 -0.447 0.487 2
0600 pf 27 0.166 -0.096 0.192 4
0600 pf 28 -0.802 0.230 0.834 8
0600 pf 29 -0.329 0.333 0.468 7
0600 pf 30 -0.501 0.182 0.533 8
0600 pf 31 -0.670 1.879 1.995 7
0600 pf 32 0.160 -0.406 0.437 3
0600 pf 33 -0.563 0.630 0.845 7
0600 pf 34 -0.174 0.522 0.550 7
0600 pf 35 1.014 0.719 1.242 5
0600 pf 36 0.843 0.390 0.928 5
0600 pf 37 0.138 -0.056 0.149 4
0600 pf 38 -0.586 0.317 0.666 8
0600 pf 39 0.664 -0.237 0.705 4
0600 pf 40 -0.151 -0.245 0.288 2
0600 pf 41 0.187 1.530 1.542 6
0600 pf 42 -0.542 1.101 1.227 7
0600 pf 43 -1.188 1.034 1.575 8
0600 pf 44 -0.232 0.455 0.510 7
0600 pf 45 -1.038 -0.474 1.142 1
0600 pf 46 -0.690 -0.005 0.690 1
0600 pf 47 0.046 -0.008 0.047 4
0600 pf 48 0.208 0.627 0.661 6
0600 pf 49 -0.527 -0.420 0.674 1
0600 pf 50 -1.228 -0.405 1.293 1
0624 em 00 -0.317 0.261 0.410 8
0624 cf 00 -0.151 0.370 0.399 7
0624 pf 01 -0.508 0.196 0.545 8
0624 pf 02 0.077 0.379 0.387 6
0624 pf 03 0.865 0.634 1.073 5
0624 pf 04 -0.183 1.327 1.340 7
0624 pf 05 -0.013 0.358 0.359 7
0624 pf 06 -0.328 -0.655 0.733 2
0624 pf 07 -0.405 1.423 1.480 7
0624 pf 08 0.353 -1.234 1.283 3
0624 pf 09 -0.268 0.067 0.276 8
0624 pf 10 -0.946 -1.376 1.670 2
0624 pf 11 0.048 1.513 1.514 6
0624 pf 12 0.255 1.001 1.033 6
0624 pf 13 -0.430 0.305 0.527 8
0624 pf 14 -0.543 1.103 1.230 7
0624 pf 15 -0.863 -0.602 1.052 1
0624 pf 16 -0.308 -0.358 0.472 2
0624 pf 17 -0.654 -0.301 0.719 1
0624 pf 18 0.400 0.196 0.446 5
0624 pf 19 -1.453 1.056 1.797 8
0624 pf 20 -0.618 0.740 0.964 7
0624 pf 21 -0.387 -0.603 0.716 2
0624 pf 22 -0.231 -0.222 0.321 1
0624 pf 23 -0.963 0.414 1.048 8
0624 pf 24 -1.407 -0.452 1.478 1
0624 pf 25 0.394 0.270 0.477 5
0624 pf 26 -0.408 -0.529 0.668 2
0624 pf 27 0.007 -0.094 0.094 3
0624 pf 28 -1.114 0.093 1.118 8
0624 pf 29 -0.438 0.483 0.652 7
0624 pf 30 -0.851 0.245 0.886 8
0624 pf 31 -0.975 1.932 2.164 7
0624 pf 32 0.450 -0.005 0.450 4
0624 pf 33 -0.746 0.531 0.916 8
0624 pf 34 -0.501 0.589 0.774 7
0624 pf 35 0.821 0.752 1.113 5
0624 pf 36 0.467 0.571 0.738 6
0624 pf 37 0.204 0.226 0.304 6
0624 pf 38 -0.062 0.187 0.197 7
0624 pf 39 0.740 -0.067 0.743 4
0624 pf 40 -0.323 -0.275 0.424 1
0624 pf 41 -0.054 1.765 1.766 7
0624 pf 42 -0.494 1.073 1.181 7
0624 pf 43 -1.134 0.963 1.488 8
0624 pf 44 -0.712 0.426 0.830 8
0624 pf 45 -0.762 -0.731 1.056 1
0624 pf 46 -0.644 -0.255 0.693 1
0624 pf 47 -0.207 0.114 0.236 8
0624 pf 48 0.200 0.817 0.841 6
0624 pf 49 -0.154 -0.209 0.260 2
0624 pf 50 -1.280 -0.838 1.530 1
0648 em 00 -0.344 0.212 0.404 8
0648 cf 00 -0.278 0.378 0.469 7
0648 pf 01 -0.340 0.305 0.457 8
0648 pf 02 -0.061 0.204 0.213 7
0648 pf 03 1.015 0.648 1.204 5
0648 pf 04 -0.467 1.435 1.509 7
0648 pf 05 -0.535 0.363 0.647 8
0648 pf 06 -0.335 -0.635 0.718 2
0648 pf 07 -0.478 1.478 1.554 7
0648 pf 08 0.323 -1.108 1.154 3
0648 pf 09 -0.287 -0.047 0.291 1
0648 pf 10 -0.370 -1.043 1.106 2
0648 pf 11 -0.286 1.165 1.199 7
0648 pf 12 0.084 1.077 1.080 6
0648 pf 13 -0.621 -0.150 0.639 1
0648 pf 14 -0.698 0.848 1.098 7
0648 pf 15 -0.725 -0.722 1.023 1
0648 pf 16 -0.172 -0.500 0.529 2
0648 pf 17 -0.599 -0.287 0.664 1
0648 pf 18 0.652 0.731 0.980 6
0648 pf 19 -1.310 1.002 1.649 8
0648 pf 20 -0.506 0.610 0.793 7
0648 pf 21 -0.201 -0.840 0.864 2
0648 pf 22 0.091 -0.266 0.281 3
0648 pf 23 -0.912 0.424 1.006 8
0648 pf 24 -1.282 -0.541 1.391 1
0648 pf 25 0.170 0.425 0.457 6
0648 pf 26 -0.168 -0.446 0.477 2
0648 pf 27 0.081 -0.004 0.081 4
0648 pf 28 -1.197 0.004 1.197 8
0648 pf 29 -0.838 0.303 0.891 8
0648 pf 30 -0.944 0.237 0.973 8
0648 pf 31 -1.539 2.060 2.571 7
0648 pf 32 0.610 0.273 0.668 5
0648 pf 33 -1.111 0.407 1.183 8
0648 pf 34 -0.820 0.301 0.874 8
0648 pf 35 0.476 0.855 0.979 6
0648 pf 36 0.141 0.381 0.406 6
0648 pf 37 0.019 0.734 0.734 6
0648 pf 38 0.192 -0.062 0.202 4
0648 pf 39 0.945 -0.024 0.945 4
0648 pf 40 -0.127 -0.443 0.461 2
0648 pf 41 -0.286 1.527 1.554 7
0648 pf 42 -0.491 0.786 0.927 7
0648 pf 43 -1.240 0.525 1.347 8
0648 pf 44 -1.000 0.176 1.016 8
0648 pf 45 -0.488 -0.948 1.066 2
0648 pf 46 -0.438 -0.280 0.520 1
0648 pf 47 -0.212 0.056 0.219 8
0648 pf 48 0.111 0.552 0.563 6
0648 pf 49 -0.006 -0.224 0.224 2
0648 pf 50 -1.127 -0.963 1.483 1
0672 em 00 -0.333 0.157 0.368 8
0672 cf 00 -0.246 0.025 0.247 8
0672 pf 01 0.039 0.190 0.194 6
0672 pf 02 -0.040 0.222 0.225 7
0672 pf 03 0.963 0.905 1.322 5
0672 pf 04 -0.502 1.285 1.379 7
0672 pf 05 -0.578 0.565 0.808 8
0672 pf 06 0.241 -0.361 0.434 3
0672 pf 07 -0.592 1.292 1.421 7
0672 pf 08 0.266 -1.005 1.039 3
0672 pf 09 -0.243 0.180 0.303 8
0672 pf 10 0.026 -1.073 1.074 3
0672 pf 11 -0.678 0.831 1.072 7
0672 pf 12 0.076 1.100 1.103 6
0672 pf 13 -0.708 -0.327 0.780 1
0672 pf 14 -0.830 0.910 1.232 7
0672 pf 15 -0.585 -0.906 1.078 2
0672 pf 16 -0.006 -0.594 0.594 2
0672 pf 17 -0.536 -0.087 0.543 1
0672 pf 18 0.522 0.904 1.043 6
0672 pf 19 -0.822 0.993 1.289 7
0672 pf 20 -0.626 0.305 0.696 8
0672 pf 21 -0.043 -0.938 0.939 2
0672 pf 22 0.340 -0.274 0.437 4
0672 pf 23 -0.985 0.358 1.048 8
0672 pf 24 -1.372 -0.489 1.456 1
0672 pf 25 -0.130 0.428 0.447 7
0672 pf 26 0.055 -0.324 0.329 3
0672 pf 27 0.279 -0.183 0.334 4
0672 pf 28 -1.303 -0.122 1.309 1
0672 pf 29 -0.981 -0.042 0.982 1
0672 pf 30 -1.037 0.206 1.057 8
0672 pf 31 -1.903 1.558 2.459 8
0672 pf 32 0.525 0.259 0.586 5
0672 pf 33 -1.293 0.410 1.356 8
0672 pf 34 -0.670 -0.057 0.672 1
0672 pf 35 0.106 1.143 1.147 6
0672 pf 36 0.076 0.425 0.431 6
0672 pf 37 -0.404 0.856 0.947 7
0672 pf 38 0.175 -0.039 0.180 4
0672 pf 39 1.100 0.117 1.106 5
0672 pf 40 0.361 -0.522 0.634 3
0672 pf 41 -0.395 1.473 1.525 7
0672 pf 42 -0.608 0.731 0.950 7
0672 pf 43 -1.265 -0.026 1.265 1
0672 pf 44 -1.306 -0.281 1.335 1
0672 pf 45 -0.416 -1.071 1.149 2
0672 pf 46 -0.356 -0.039 0.358 1
0672 pf 47 0.032 -0.020 0.037 4
0672 pf 48 0.166 0.606 0.628 6
0672 pf 49 0.163 -0.314 0.354 3
0672 pf 50 -0.946 -1.197 1.525 2
0696 em 00 -0.344 0.092 0.356 8
0696 cf 00 -0.211 -0.466 0.512 2
0696 pf 01 0.058 0.218 0.226 6
0696 pf 02 -0.189 0.352 0.400 7
0696 pf 03 0.994 0.888 1.333 5
0696 pf 04 -0.458 1.070 1.164 7
0696 pf 05 -0.779 0.395 0.873 8
0696 pf 06 0.407 -0.007 0.408 4
0696 pf 07 -0.597 0.995 1.161 7
0696 pf 08 -0.069 -0.800 0.803 2
0696 pf 09 -0.009 0.059 0.060 7
0696 pf 10 0.096 -0.827 0.833 3
0696 pf 11 -1.220 0.625 1.371 8
0696 pf 12 -0.054 1.012 1.013 7
0696 pf 13 -0.715 -0.387 0.813 1
0696 pf 14 -1.016 1.029 1.446 7
0696 pf 15 -0.347 -0.866 0.933 2
0696 pf 16 -0.013 -0.412 0.412 2
0696 pf 17 -0.553 -0.003 0.553 1
0696 pf 18 0.590 0.612 0.850 6
0696 pf 19 -0.382 0.845 0.927 7
0696 pf 20 -0.667 0.507 0.838 8
0696 pf 21 -0.105 -0.703 0.710 2
0696 pf 22 0.587 -0.360 0.689 4
0696 pf 23 -0.924 0.274 0.963 8
0696 pf 24 -1.030 -0.578 1.182 1
0696 pf 25 -0.464 0.476 0.664 7
0696 pf 26 0.194 -0.146 0.243 4
0696 pf 27 0.531 -0.182 0.561 4
0696 pf 28 -1.307 -0.097 1.310 1
0696 pf 29 -1.123 -0.575 1.262 1
0696 pf 30 -0.977 0.117 0.984 8
0696 pf 31 -2.180 0.976 2.388 8
0696 pf 32 0.433 0.266 0.508 5
0696 pf 33 -1.167 0.228 1.190 8
0696 pf 34 -0.957 -0.356 1.021 1
0696 pf 35 -0.246 1.248 1.272 7
0696 pf 36 -0.059 0.159 0.170 7
0696 pf 37 -0.784 0.653 1.020 8
0696 pf 38 0.333 -0.121 0.354 4
0696 pf 39 1.250 0.304 1.287 5
0696 pf 40 0.479 -0.275 0.552 4
0696 pf 41 -0.628 1.349 1.488 7
0696 pf 42 -0.590 0.680 0.900 7
0696 pf 43 -1.404 -0.676 1.558 1
0696 pf 44 -1.459 -0.509 1.546 1
0696 pf 45 -0.472 -1.188 1.278 2
0696 pf 46 -0.044 0.232 0.236 7
0696 pf 47 0.021 -0.036 0.042 3
0696 pf 48 0.229 0.437 0.493 6
0696 pf 49 0.352 -0.418 0.547 3
0696 pf 50 -0.743 -1.351 1.542 2
0720 em 00 -0.321 0.062 0.327 8
0720 cf 00 -0.285 -0.533 0.605 2
0720 pf 01 -0.078 0.203 0.218 7
0720 pf 02 -0.456 0.286 0.538 8
0720 pf 03 0.899 1.027 1.365 6
0720 pf 04 -0.584 0.743 0.946 7
0720 pf 05 -0.950 0.302 0.997 8
0720 pf 06 0.855 0.184 0.874 5
0720 pf 07 -0.513 0.615 0.801 7
0720 pf 08 -0.009 -1.041 1.041 2
0720 pf 09 -0.122 -0.048 0.131 1
0720 pf 10 0.100 -0.676 0.684 3
0720 pf 11 -1.007 0.579 1.162 8
0720 pf 12 -0.158 0.740 0.757 7
0720 pf 13 -0.727 -0.299 0.786 1
0720 pf 14 -0.989 0.797 1.270 8
0720 pf 15 -0.242 -0.714 0.754 2
0720 pf 16 -0.223 -0.399 0.457 2
0720 pf 17 -0.490 -0.215 0.536 1
0720 pf 18 0.476 0.505 0.694 6
0720 pf 19 0.226 0.692 0.728 6
0720 pf 20 -0.937 0.462 1.044 8
0720 pf 21 -0.167 -0.559 0.583 2
0720 pf 22 0.429 -0.180 0.465 4
0720 pf 23 -0.883 0.249 0.917 8
0720 pf 24 -0.695 -1.036 1.248 2
0720 pf 25 -0.855 0.506 0.994 8
0720 pf 26 0.290 -0.372 0.471 3
0720 pf 27 0.740 -0.092 0.745 4
0720 pf 28 -0.912 -0.272 0.952 1
0720 pf 29 -1.093 -0.697 1.296 1
0720 pf 30 -1.100 -0.048 1.101 1
0720 pf 31 -2.104 0.902 2.289 8
0720 pf 32 0.369 0.515 0.633 6
0720 pf 33 -0.826 -0.082 0.830 1
0720 pf 34 -0.931 -0.150 0.943 1
0720 pf 35 -0.215 1.135 1.155 7
0720 pf 36 -0.310 0.130 0.336 8
0720 pf 37 -0.912 0.482 1.032 8
0720 pf 38 0.362 -0.117 0.381 4
0720 pf 39 0.919 0.380 0.995 5
0720 pf 40 0.357 0.275 0.451 5
0720 pf 41 -0.905 1.290 1.575 7
0720 pf 42 -0.203 0.773 0.799 7
0720 pf 43 -1.201 -0.725 1.403 1
0720 pf 44 -1.500 -0.548 1.597 1
0720 pf 45 -0.478 -1.132 1.229 2
0720 pf 46 0.079 0.055 0.096 5
0720 pf 47 0.048 0.090 0.102 6
0720 pf 48 0.494 0.612 0.787 6
0720 pf 49 0.455 -0.339 0.568 4
0720 pf 50 -0.339 -1.134 1.183 2
0744 em 00 -0.269 -0.015 0.269 1
0744 cf 00 -0.102 -0.501 0.511 2
0744 pf 01 0.096 0.444 0.455 6
0744 pf 02 -0.861 0.173 0.878 8
0744 pf 03 0.504 0.895 1.028 6
0744 pf 04 -0.642 0.600 0.878 8
0744 pf 05 -0.888 0.130 0.898 8
0744 pf 06 0.934 0.188 0.953 5
0744 pf 07 -0.817 0.458 0.937 8
0744 pf 08 0.366 -0.883 0.956 3
0744 pf 09 -0.317 -0.294 0.432 1
0744 pf 10 0.090 -0.415 0.425 3
0744 pf 11 -0.527 0.523 0.742 8
0744 pf 12 -0.267 0.369 0.455 7
0744 pf 13 -0.480 -0.566 0.742 2
0744 pf 14 -1.009 0.941 1.379 8
0744 pf 15 -0.007 -0.625 0.625 2
0744 pf 16 0.053 -0.422 0.425 3
0744 pf 17 -0.187 -0.510 0.543 2
0744 pf 18 0.425 0.581 0.720 6
0744 pf 19 0.254 0.513 0.572 6
0744 pf 20 -1.024 -0.070 1.027 1
0744 pf 21 -0.327 -0.507 0.603 2
0744 pf 22 0.523 0.007 0.524 5
0744 pf 23 -0.765 -0.055 0.767 1
0744 pf 24 -0.630 -1.268 1.416 2
0744 pf 25 -0.744 0.336 0.816 8
0744 pf 26 0.313 0.014 0.313 5
0744 pf 27 0.919 -0.010 0.919 4
0744 pf 28 -0.553 -0.340 0.649 1
0744 pf 29 -1.112 -1.064 1.539 1
0744 pf 30 -1.117 -0.098 1.121 1
0744 pf 31 -2.021 0.707 2.141 8
0744 pf 32 0.464 0.690 0.832 6
0744 pf 33 -0.398 -0.185 0.439 1
0744 pf 34 -1.086 -0.221 1.108 1
0744 pf 35 -0.331 0.759 0.828 7
0744 pf 36 -0.384 -0.083 0.393 1
0744 pf 37 -0.708 0.151 0.724 8
0744 pf 38 -0.093 -0.231 0.248 2
0744 pf 39 1.054 0.516 1.173 5
0744 pf 40 0.191 0.169 0.255 5
0744 pf 41 -1.376 0.979 1.689 8
0744 pf 42 0.128 0.740 0.751 6
0744 pf 43 -0.822 -0.595 1.015 1
0744 pf 44 -1.312 -0.579 1.434 1
0744 pf 45 -0.191 -0.962 0.981 2
0744 pf 46 0.141 -0.213 0.255 3
0744 pf 47 0.136 0.312 0.340 6
0744 pf 48 0.412 0.263 0.489 5
0744 pf 49 0.480 -0.516 0.705 3
0744 pf 50 -0.071 -1.120 1.123 2
0768 em 00 -0.189 -0.050 0.195 1
0768 cf 00 0.052 -0.446 0.449 3
0768 pf 01 0.178 0.694 0.717 6
0768 pf 02 -0.926 -0.089 0.931 1
0768 pf 03 -0.057 1.174 1.175 7
0768 pf 04 -0.243 0.378 0.450 7
0768 pf 05 -0.583 0.244 0.632 8
0768 pf 06 0.957 0.257 0.991 5
0768 pf 07 -0.952 0.576 1.112 8
0768 pf 08 0.720 -0.975 1.212 3
0768 pf 09 -0.132 -0.480 0.498 2
0768 pf 10 0.466 -0.315 0.562 4
0768 pf 11 -0.183 0.488 0.521 7
0768 pf 12 -0.087 0.337 0.348 7
0768 pf 13 -0.299 -0.808 0.861 2
0768 pf 14 -1.200 0.863 1.478 8
0768 pf 15 0.228 -0.493 0.543 3
0768 pf 16 0.220 -0.473 0.521 3
0768 pf 17 -0.082 -0.515 0.522 2
0768 pf 18 0.551 0.736 0.920 6
0768 pf 19 -0.164 0.495 0.522 7
0768 pf 20 -0.826 -0.410 0.922 1
0768 pf 21 -0.394 -0.276 0.481 1
0768 pf 22 0.553 -0.295 0.627 4
0768 pf 23 -0.760 -0.194 0.784 1
0768 pf 24 -0.694 -1.665 1.804 2
0768 pf 25 -0.486 0.098 0.496 8
0768 pf 26 0.265 0.127 0.294 5
0768 pf 27 0.838 0.229 0.869 5
0768 pf 28 -0.588 -0.317 0.668 1
0768 pf 29 -0.506 -1.262 1.360 2
0768 pf 30 -0.961 -0.399 1.040 1
0768 pf 31 -1.774 0.330 1.804 8
0768 pf 32 0.823 0.938 1.248 6
0768 pf 33 -0.006 0.085 0.085 7
0768 pf 34 -0.912 -0.302 0.961 1
0768 pf 35 -0.631 0.883 1.085 7
0768 pf 36 -0.399 -0.207 0.449 1
0768 pf 37 -0.657 -0.158 0.676 1
0768 pf 38 -0.460 -0.176 0.493 1
0768 pf 39 1.093 0.716 1.307 5
0768 pf 40 0.311 0.072 0.319 5
0768 pf 41 -1.346 0.727 1.529 8
0768 pf 42 0.184 0.824 0.844 6
0768 pf 43 -0.211 -0.782 0.810 2
0768 pf 44 -1.264 -0.974 1.596 1
0768 pf 45 0.182 -0.868 0.887 3
0768 pf 46 -0.024 -0.183 0.184 2
0768 pf 47 0.266 0.277 0.384 6
0768 pf 48 -0.058 0.314 0.319 7
0768 pf 49 0.571 -0.537 0.783 4
0768 pf 50 -0.276 -0.865 0.908 2
0792 em 00 -0.139 -0.124 0.187 1
0792 cf 00 0.038 -0.459 0.461 3
0792 pf 01 0.093 0.923 0.928 6
0792 pf 02 -0.914 -0.364 0.983 1
0792 pf 03 -0.149 1.209 1.218 7
0792 pf 04 -0.106 0.360 0.375 7
0792 pf 05 -0.537 0.186 0.569 8
0792 pf 06 0.753 0.425 0.864 5
0792 pf 07 -1.360 0.385 1.413 8
0792 pf 08 0.940 -0.898 1.300 4
0792 pf 09 0.444 -0.575 0.727 3
0792 pf 10 0.249 -0.162 0.297 4
0792 pf 11 -0.034 0.648 0.649 7
0792 pf 12 -0.184 0.090 0.205 8
0792 pf 13 -0.444 -1.340 1.411 2
0792 pf 14 -1.444 0.649 1.583 8
0792 pf 15 0.593 -0.503 0.778 4
0792 pf 16 0.270 -0.493 0.563 3
0792 pf 17 -0.160 -0.613 0.634 2
0792 pf 18 0.361 0.830 0.905 6
0792 pf 19 -0.262 0.367 0.451 7
0792 pf 20 -0.678 -0.501 0.843 1
0792 pf 21 -0.302 -0.411 0.510 2
0792 pf 22 0.540 -0.685 0.872 3
0792 pf 23 -0.819 -0.203 0.843 1
0792 pf 24 -0.596 -1.830 1.925 2
0792 pf 25 -0.089 -0.080 0.119 1
0792 pf 26 0.433 0.226 0.489 5
0792 pf 27 0.563 0.027 0.564 5
0792 pf 28 -0.615 -0.164 0.636 1
0792 pf 29 -0.298 -1.342 1.375 2
0792 pf 30 -0.548 -0.557 0.782 2
0792 pf 31 -1.582 -0.347 1.620 1
0792 pf 32 0.622 0.983 1.164 6
0792 pf 33 0.298 0.010 0.298 5
0792 pf 34 -0.742 -0.444 0.865 1
0792 pf 35 -0.617 1.146 1.302 7
0792 pf 36 -0.335 -0.595 0.683 2
0792 pf 37 -0.388 -0.611 0.723 2
0792 pf 38 -0.329 -0.205 0.388 1
0792 pf 39 1.386 0.861 1.631 5
0792 pf 40 0.402 -0.235 0.466 4
0792 pf 41 -1.029 0.313 1.076 8
0792 pf 42 0.343 0.800 0.870 6
0792 pf 43 0.200 -0.945 0.966 3
0792 pf 44 -1.219 -1.139 1.669 1
0792 pf 45 0.007 -1.017 1.018 3
0792 pf 46 -0.118 -0.055 0.130 1
0792 pf 47 0.272 0.711 0.761 6
0792 pf 48 -0.454 0.587 0.742 7
0792 pf 49 0.520 -0.569 0.771 3
0792 pf 50 -0.190 -0.899 0.918 2
0816 em 00 -0.069 -0.116 0.135 2
0816 cf 00 -0.117 -0.374 0.392 2
0816 pf 01 -0.098 1.102 1.106 7
0816 pf 02 -0.637 -0.621 0.889 1
0816 pf 03 -0.160 1.395 1.404 7
0816 pf 04 0.154 0.287 0.325 6
0816 pf 05 -0.327 0.068 0.334 8
0816 pf 06 0.651 0.765 1.005 6
0816 pf 07 -1.386 0.072 1.387 8
0816 pf 08 0.730 -0.959 1.205 3
0816 pf 09 0.891 -0.303 0.941 4
0816 pf 10 0.472 0.030 0.473 5
0816 pf 11 0.110 0.749 0.757 6
0816 pf 12 -0.158 0.353 0.386 7
0816 pf 13 -0.284 -1.506 1.532 2
0816 pf 14 -1.467 0.321 1.501 8
0816 pf 15 0.664 -0.658 0.935 4
0816 pf 16 0.266 -0.514 0.579 3
0816 pf 17 0.102 -0.660 0.668 3
0816 pf 18 0.031 0.740 0.741 6
0816 pf 19 -0.023 0.136 0.138 7
0816 pf 20 -0.915 -0.396 0.997 1
0816 pf 21 -0.304 -0.541 0.621 2
0816 pf 22 0.349 -0.721 0.801 3
0816 pf 23 -0.716 -0.172 0.736 1
0816 pf 24 -0.279 -1.830 1.851 2
0816 pf 25 0.367 -0.228 0.432 4
0816 pf 26 0.361 0.270 0.451 5
0816 pf 27 0.662 0.307 0.730 5
0816 pf 28 -0.727 -0.253 0.770 1
0816 pf 29 0.078 -1.408 1.410 3
0816 pf 30 -0.255 -0.656 0.704 2
0816 pf 31 -1.442 -0.723 1.613 1
0816 pf 32 0.259 0.981 1.014 6
0816 pf 33 0.445 0.039 0.447 5
0816 pf 34 -0.487 -0.401 0.631 1
0816 pf 35 -0.527 1.503 1.593 7
0816 pf 36 -0.052 -0.619 0.621 2
0816 pf 37 -0.152 -0.555 0.575 2
0816 pf 38 -0.126 -0.429 0.447 2
0816 pf 39 1.473 1.270 1.944 5
0816 pf 40 0.570 -0.210 0.607 4
0816 pf 41 -0.686 0.644 0.941 8
0816 pf 42 0.004 0.637 0.637 6
0816 pf 43 0.504 -1.106 1.216 3
0816 pf 44 -0.874 -1.082 1.391 2
0816 pf 45 -0.217 -1.038 1.061 2
0816 pf 46 -0.338 -0.120 0.359 1
0816 pf 47 0.060 0.773 0.775 6
0816 pf 48 -0.812 0.683 1.061 8
0816 pf 49 0.925 -0.417 1.015 4
0816 pf 50 -0.220 -0.890 0.916 2
0840 em 00 -0.014 -0.095 0.096 2
0840 cf 00 -0.253 -0.038 0.256 1
0840 pf 01 -0.473 1.160 1.253 7
0840 pf 02 -0.214 -0.714 0.745 2
0840 pf 03 -0.298 1.179 1.216 7
0840 pf 04 0.076 0.704 0.708 6
0840 pf 05 -0.371 -0.299 0.477 1
0840 pf 06 0.089 0.802 0.807 6
0840 pf 07 -1.276 -0.228 1.296 1
0840 pf 08 0.483 -0.651 0.811 3
0840 pf 09 1.201 -0.009 1.201 4
0840 pf 10 0.424 0.067 0.430 5
0840 pf 11 -0.136 0.848 0.859 7
0840 pf 12 0.129 0.334 0.358 6
0840 pf 13 0.095 -1.352 1.356 3
0840 pf 14 -1.241 -0.002 1.241 1
0840 pf 15 1.062 -0.769 1.311 4
0840 pf 16 0.394 -0.171 0.430 4
0840 pf 17 0.387 -0.543 0.667 3
0840 pf 18 -0.037 0.641 0.642 7
0840 pf 19 0.266 0.005 0.267 5
0840 pf 20 -1.233 -0.564 1.356 1
0840 pf 21 -0.275 -0.593 0.653 2
0840 pf 22 0.076 -0.523 0.528 3
0840 pf 23 -0.551 -0.263 0.610 1
0840 pf 24 0.278 -1.745 1.767 3
0840 pf 25 0.645 -0.005 0.645 4
0840 pf 26 -0.151 0.386 0.414 7
0840 pf 27 0.843 0.544 1.003 5
0840 pf 28 -0.651 -0.242 0.695 1
0840 pf 29 0.301 -1.614 1.641 3
0840 pf 30 -0.302 -0.873 0.924 2
0840 pf 31 -1.229 -1.112 1.657 1
0840 pf 32 0.028 0.962 0.962 6
0840 pf 33 0.444 0.125 0.461 5
0840 pf 34 -0.311 -0.724 0.788 2
0840 pf 35 -0.336 1.590 1.626 7
0840 pf 36 0.150 -0.183 0.237 3
0840 pf 37 0.114 -0.351 0.369 3
0840 pf 38 -0.072 -0.634 0.638 2
0840 pf 39 1.186 1.572 1.969 6
0840 pf 40 0.701 -0.036 0.702 4
0840 pf 41 -0.813 0.499 0.954 8
0840 pf 42 0.085 0.732 0.737 6
0840 pf 43 0.891 -1.045 1.374 3
0840 pf 44 -0.602 -0.959 1.132 2
0840 pf 45 -0.003 -1.065 1.065 2
0840 pf 46 -0.615 -0.127 0.628 1
0840 pf 47 -0.086 0.773 0.778 7
0840 pf 48 -0.946 0.350 1.008 8
0840 pf 49 1.378 -0.266 1.404 4
0840 pf 50 -0.037 -0.900 0.901 2
0864 em 00 0.057 -0.096 0.112 3
0864 cf 00 -0.025 0.075 0.079 7
0864 pf 01 -0.539 0.687 0.873 7
0864 pf 02 0.137 -0.756 0.769 3
0864 pf 03 -0.613 0.729 0.952 7
0864 pf 04 0.039 1.093 1.093 6
0864 pf 05 -0.164 -0.549 0.573 2
0864 pf 06 -0.093 0.671 0.678 7
0864 pf 07 -1.003 -0.404 1.082 1
0864 pf 08 0.485 -0.378 0.614 4
0864 pf 09 1.316 0.500 1.407 5
0864 pf 10 0.542 0.306 0.622 5
0864 pf 11 -0.571 0.500 0.759 8
0864 pf 12 0.239 0.367 0.438 6
0864 pf 13 0.700 -1.066 1.275 3
0864 pf 14 -0.660 0.010 0.660 8
0864 pf 15 1.275 -0.591 1.405 4
0864 pf 16 0.365 -0.029 0.366 4
0864 pf 17 0.440 -0.334 0.552 4
0864 pf 18 -0.200 0.558 0.593 7
0864 pf 19 0.198 -0.278 0.341 3
0864 pf 20 -1.331 -0.552 1.441 1
0864 pf 21 -0.314 -0.618 0.694 2
0864 pf 22 0.128 -0.384 0.405 3
0864 pf 23 -0.366 -0.689 0.780 2
0864 pf 24 0.694 -1.960 2.080 3
0864 pf 25 0.805 0.094 0.811 5
0864 pf 26 -0.471 0.507 0.692 7
0864 pf 27 0.996 0.865 1.319 5
0864 pf 28 -0.468 -0.298 0.555 1
0864 pf 29 0.589 -1.569 1.676 3
0864 pf 30 -0.382 -0.854 0.936 2
0864 pf 31 -0.731 -1.343 1.529 2
0864 pf 32 -0.251 1.094 1.123 7
0864 pf 33 0.377 0.090 0.388 5
0864 pf 34 -0.011 -0.537 0.537 2
0864 pf 35 -0.076 1.675 1.677 7
0864 pf 36 0.231 -0.288 0.369 3
0864 pf 37 0.078 -0.366 0.375 3
0864 pf 38 -0.066 -0.560 0.564 2
0864 pf 39 1.127 1.761 2.090 6
0864 pf 40 0.789 -0.090 0.794 4
0864 pf 41 -1.127 0.226 1.150 8
0864 pf 42 -0.007 0.941 0.941 7
0864 pf 43 1.027 -0.904 1.368 4
0864 pf 44 -0.424 -0.786 0.893 2
0864 pf 45 0.413 -1.083 1.159 3
0864 pf 46 -0.676 -0.105 0.684 1
0864 pf 47 0.067 0.536 0.540 6
0864 pf 48 -0.982 -0.308 1.029 1
0864 pf 49 1.439 -0.201 1.453 4
0864 pf 50 -0.050 -0.823 0.824 2
0888 em 00 0.063 -0.095 0.114 3
0888 cf 00 -0.026 0.034 0.043 7
0888 pf 01 -0.557 0.289 0.628 8
0888 pf 02 0.376 -0.567 0.681 3
0888 pf 03 -0.628 0.366 0.727 8
0888 pf 04 -0.214 1.132 1.152 7
0888 pf 05 0.155 -0.880 0.893 3
0888 pf 06 -0.513 0.432 0.670 8
0888 pf 07 -0.923 -0.674 1.143 1
0888 pf 08 0.197 0.024 0.199 5
0888 pf 09 1.245 0.635 1.398 5
0888 pf 10 0.560 0.177 0.587 5
0888 pf 11 -1.142 0.353 1.195 8
0888 pf 12 -0.149 0.212 0.259 7
0888 pf 13 0.950 -0.735 1.201 4
0888 pf 14 -0.735 0.211 0.765 8
0888 pf 15 1.314 -0.652 1.466 4
0888 pf 16 0.223 0.162 0.275 5
0888 pf 17 0.479 -0.023 0.480 4
0888 pf 18 -0.021 0.357 0.358 7
0888 pf 19 0.452 -0.137 0.472 4
0888 pf 20 -1.405 -0.834 1.634 1
0888 pf 21 0.005 -0.338 0.338 3
0888 pf 22 0.140 -0.045 0.147 4
0888 pf 23 -0.251 -0.959 0.991 2
0888 pf 24 0.817 -1.944 2.109 3
0888 pf 25 0.640 0.296 0.706 5
0888 pf 26 -0.586 0.365 0.690 8
0888 pf 27 0.827 1.081 1.361 6
0888 pf 28 -0.277 -0.395 0.483 2
0888 pf 29 0.794 -1.406 1.615 3
0888 pf 30 -0.320 -1.071 1.118 2
0888 pf 31 -0.538 -1.385 1.486 2
0888 pf 32 -0.312 1.050 1.095 7
0888 pf 33 0.067 -0.225 0.234 3
0888 pf 34 0.182 -0.397 0.436 3
0888 pf 35 -0.228 1.760 1.775 7
0888 pf 36 0.121 -0.451 0.467 3
0888 pf 37 -0.029 -0.390 0.391 2
0888 pf 38 -0.091 -0.415 0.425 2
0888 pf 39 0.851 2.096 2.262 6
0888 pf 40 1.107 -0.078 1.110 4
0888 pf 41 -1.046 0.202 1.065 8
0888 pf 42 -0.065 1.117 1.119 7
0888 pf 43 1.182 -0.729 1.389 4
0888 pf 44 0.004 -0.821 0.821 3
0888 pf 45 0.627 -1.160 1.319 3
0888 pf 46 -0.634 -0.226 0.673 1
0888 pf 47 0.110 0.675 0.684 6
0888 pf 48 -0.944 -0.478 1.058 1
0888 pf 49 1.231 -0.298 1.267 4
0888 pf 50 0.273 -0.822 0.866 3
0912 em 00 0.001 -0.097 0.097 3
0912 cf 00 0.031 -0.205 0.208 3
0912 pf 01 -0.898 0.170 0.914 8
0912 pf 02 0.796 -0.135 0.808 4
0912 pf 03 -0.400 0.331 0.519 8
0912 pf 04 -0.596 1.010 1.173 7
0912 pf 05 0.443 -1.176 1.257 3
0912 pf 06 -0.636 0.629 0.894 8
0912 pf 07 -0.647 -0.943 1.144 2
0912 pf 08 -0.097 0.216 0.237 7
0912 pf 09 1.045 0.560 1.185 5
0912 pf 10 0.371 0.194 0.419 5
0912 pf 11 -1.196 0.065 1.198 8
0912 pf 12 -0.311 0.124 0.334 8
0912 pf 13 0.854 -0.470 0.975 4
0912 pf 14 -1.258 0.156 1.268 8
0912 pf 15 1.243 -0.592 1.377 4
0912 pf 16 0.084 -0.106 0.136 3
0912 pf 17 0.599 0.215 0.637 5
0912 pf 18 -0.077 0.086 0.116 7
0912 pf 19 0.500 -0.215 0.544 4
0912 pf 20 -1.346 -1.021 1.689 1
0912 pf 21 -0.076 -0.477 0.483 2
0912 pf 22 0.175 0.270 0.322 6
0912 pf 23 -0.099 -0.912 0.917 2
0912 pf 24 0.830 -1.900 2.074 3
0912 pf 25 0.118 0.476 0.491 6
0912 pf 26 -0.712 0.256 0.756 8
0912 pf 27 0.617 1.314 1.452 6
0912 pf 28 -0.421 -0.576 0.713 2
0912 pf 29 0.901 -1.173 1.479 3
0912 pf 30 -0.180 -1.216 1.230 2
0912 pf 31 -0.480 -0.920 1.038 2
0912 pf 32 -0.678 0.787 1.039 7
0912 pf 33 -0.032 -0.230 0.232 2
0912 pf 34 0.188 -0.170 0.253 4
0912 pf 35 -0.429 1.650 1.704 7
0912 pf 36 -0.035 -0.258 0.261 2
0912 pf 37 -0.127 -0.321 0.345 2
0912 pf 38 0.058 -0.420 0.424 3
0912 pf 39 0.650 2.164 2.259 6
0912 pf 40 0.932 -0.018 0.932 4
0912 pf 41 -1.195 -0.617 1.345 1
0912 pf 42 -0.496 0.904 1.032 7
0912 pf 43 0.950 -0.368 1.019 4
0912 pf 44 0.202 -0.554 0.590 3
0912 pf 45 0.499 -1.105 1.212 3
0912 pf 46 -0.440 -0.396 0.591 1
0912 pf 47 0.277 0.488 0.561 6
0912 pf 48 -1.037 -0.613 1.204 1
0912 pf 49 1.095 -0.075 1.098 4
0912 pf 50 0.773 -0.652 1.011 4
0936 em 00 -0.009 -0.028 0.029 2
0936 cf 00 -0.022 -0.276 0.277 2
0936 pf 01 -0.962 0.162 0.975 8
0936 pf 02 0.918 0.285 0.962 5
0936 pf 03 -0.370 0.391 0.538 7
0936 pf 04 -1.321 0.874 1.584 8
0936 pf 05 0.784 -1.177 1.414 3
0936 pf 06 -0.946 0.761 1.214 8
0936 pf 07 -0.729 -0.672 0.992 1
0936 pf 08 -0.427 0.247 0.493 8
0936 pf 09 1.054 0.561 1.194 5
0936 pf 10 0.299 0.242 0.385 5
0936 pf 11 -1.307 0.157 1.316 8
0936 pf 12 -0.384 0.152 0.414 8
0936 pf 13 1.036 -0.247 1.065 4
0936 pf 14 -1.757 0.349 1.792 8
0936 pf 15 1.016 -0.523 1.143 4
0936 pf 16 0.223 -0.000 0.223 4
0936 pf 17 0.928 0.272 0.967 5
0936 pf 18 -0.035 0.323 0.325 7
0936 pf 19 0.389 -0.275 0.476 4
0936 pf 20 -1.354 -1.453 1.986 2
0936 pf 21 -0.008 -0.554 0.554 2
0936 pf 22 0.416 0.363 0.552 5
0936 pf 23 0.036 -0.885 0.886 3
0936 pf 24 1.123 -1.603 1.957 3
0936 pf 25 -0.030 0.571 0.572 7
0936 pf 26 -0.478 0.076 0.485 8
0936 pf 27 0.443 1.290 1.364 6
0936 pf 28 -0.574 -0.840 1.017 2
0936 pf 29 0.794 -1.019 1.292 3
0936 pf 30 0.107 -1.347 1.351 3
0936 pf 31 -0.317 -0.498 0.590 2
0936 pf 32 -1.005 0.724 1.239 8
0936 pf 33 0.183 -0.226 0.290 3
0936 pf 34 0.201 -0.139 0.245 4
0936 pf 35 -0.454 1.569 1.633 7
0936 pf 36 -0.366 -0.237 0.436 1
0936 pf 37 -0.064 -0.076 0.100 2
0936 pf 38 0.362 -0.110 0.379 4
0936 pf 39 0.443 2.222 2.265 6
0936 pf 40 0.891 0.503 1.023 5
0936 pf 41 -1.356 -0.733 1.541 1
0936 pf 42 -0.846 0.603 1.039 8
0936 pf 43 0.829 0.172 0.846 5
0936 pf 44 0.296 -0.427 0.520 3
0936 pf 45 0.928 -0.903 1.295 4
0936 pf 46 -0.400 -0.658 0.771 2
0936 pf 47 0.296 0.472 0.557 6
0936 pf 48 -0.674 -0.821 1.062 2
0936 pf 49 0.979 0.065 0.981 5
0936 pf 50 1.109 -0.089 1.113 4
0960 em 00 0.013 -0.034 0.037 3
0960 cf 00 -0.066 -0.442 0.447 2
0960 pf 01 -0.890 0.287 0.935 8
0960 pf 02 0.962 0.286 1.004 5
0960 pf 03 -0.026 0.392 0.393 7
0960 pf 04 -1.180 0.756 1.401 8
0960 pf 05 0.715 -1.139 1.345 3
0960 pf 06 -0.622 0.756 0.979 7
0960 pf 07 -0.428 -0.563 0.707 2
0960 pf 08 -0.625 0.080 0.630 8
0960 pf 09 1.090 0.943 1.441 5
0960 pf 10 0.118 0.176 0.211 6
0960 pf 11 -1.101 0.059 1.102 8
0960 pf 12 -0.700 0.147 0.715 8
0960 pf 13 1.072 -0.013 1.072 4
0960 pf 14 -1.968 -0.133 1.972 1
0960 pf 15 0.841 -0.718 1.106 4
0960 pf 16 0.319 -0.035 0.321 4
0960 pf 17 1.133 0.282 1.167 5
0960 pf 18 0.164 0.482 0.509 6
0960 pf 19 0.160 -0.163 0.229 3
0960 pf 20 -0.964 -1.520 1.800 2
0960 pf 21 0.079 -0.578 0.583 3
0960 pf 22 0.190 0.593 0.623 6
0960 pf 23 0.321 -0.899 0.954 3
0960 pf 24 1.295 -1.211 1.773 4
0960 pf 25 0.140 0.615 0.630 6
0960 pf 26 -0.731 -0.149 0.746 1
0960 pf 27 0.204 1.247 1.263 6
0960 pf 28 -0.440 -0.804 0.916 2
0960 pf 29 0.539 -1.056 1.186 3
0960 pf 30 0.127 -1.228 1.235 3
0960 pf 31 -0.123 -0.460 0.476 2
0960 pf 32 -1.328 0.563 1.443 8
0960 pf 33 0.200 -0.191 0.277 4
0960 pf 34 0.170 -0.147 0.225 4
0960 pf 35 -0.669 1.348 1.505 7
0960 pf 36 -0.420 -0.296 0.513 1
0960 pf 37 0.290 -0.071 0.299 4
0960 pf 38 0.813 -0.058 0.815 4
0960 pf 39 0.119 1.976 1.979 6
0960 pf 40 0.673 0.917 1.137 6
0960 pf 41 -1.011 -0.812 1.296 1
0960 pf 42 -0.828 0.419 0.928 8
0960 pf 43 0.584 0.422 0.721 5
0960 pf 44 0.370 -0.513 0.633 3
0960 pf 45 1.206 -0.683 1.386 4
0960 pf 46 -0.371 -0.778 0.862 2
0960 pf 47 0.141 0.442 0.464 6
0960 pf 48 -0.635 -1.380 1.519 2
0960 pf 49 0.939 0.095 0.943 5
0960 pf 50 1.157 0.222 1.178 5
0984 em 00 0.070 0.010 0.071 5
0984 cf 00 -0.176 -0.621 0.645 2
0984 pf 01 -0.641 0.349 0.729 8
0984 pf 02 0.778 0.647 1.012 5
0984 pf 03 -0.192 0.671 0.698 7
0984 pf 04 -1.158 0.757 1.383 8
0984 pf 05 0.958 -0.843 1.276 4
0984 pf 06 -0.565 0.648 0.860 7
0984 pf 07 -0.066 -0.827 0.829 2
0984 pf 08 -0.802 0.003 0.802 8
0984 pf 09 1.254 1.001 1.605 5
0984 pf 10 0.029 -0.040 0.049 3
0984 pf 11 -0.831 0.320 0.891 8
0984 pf 12 -0.759 0.229 0.793 8
0984 pf 13 1.105 0.691 1.303 5
0984 pf 14 -1.952 -0.536 2.025 1
0984 pf 15 0.781 -0.461 0.907 4
0984 pf 16 0.245 -0.293 0.382 3
0984 pf 17 1.387 0.323 1.424 5
0984 pf 18 0.286 0.236 0.370 5
0984 pf 19 0.411 0.250 0.481 5
0984 pf 20 -0.401 -1.419 1.475 2
0984 pf 21 0.536 -0.536 0.758 3
0984 pf 22 -0.144 1.137 1.146 7
0984 pf 23 0.384 -1.141 1.203 3
0984 pf 24 1.008 -1.127 1.512 3
0984 pf 25 0.361 0.845 0.919 6
0984 pf 26 -0.466 -0.150 0.490 1
0984 pf 27 -0.051 1.592 1.593 7
0984 pf 28 -0.121 -0.893 0.901 2
0984 pf 29 0.632 -0.824 1.038 3
0984 pf 30 0.444 -1.026 1.118 3
0984 pf 31 -0.015 -0.544 0.544 2
0984 pf 32 -1.426 0.173 1.437 8
0984 pf 33 0.087 -0.361 0.372 3
0984 pf 34 0.100 0.179 0.205 6
0984 pf 35 -0.907 1.158 1.472 7
0984 pf 36 -0.292 -0.537 0.611 2
0984 pf 37 0.409 -0.261 0.485 4
0984 pf 38 1.051 0.069 1.053 5
0984 pf 39 0.282 1.804 1.825 6
0984 pf 40 0.340 1.106 1.157 6
0984 pf 41 -0.915 -0.582 1.085 1
0984 pf 42 -0.304 0.026 0.305 8
0984 pf 43 0.620 0.535 0.819 5
0984 pf 44 0.474 -0.263 0.542 4
0984 pf 45 1.293 -0.426 1.362 4
0984 pf 46 -0.106 -1.137 1.142 2
0984 pf 47 -0.334 0.547 0.641 7
0984 pf 48 -0.758 -1.234 1.448 2
0984 pf 49 1.002 0.117 1.009 5
0984 pf 50 1.165 0.531 1.280 5
1008 em 00 0.116 0.036 0.122 5
1008 cf 00 -0.032 -0.708 0.709 2
1008 pf 01 -0.820 0.133 0.830 8
1008 pf 02 0.611 0.710 0.936 6
1008 pf 03 0.049 0.672 0.674 6
1008 pf 04 -0.954 0.503 1.079 8
1008 pf 05 0.794 -0.522 0.950 4
1008 pf 06 -0.724 0.689 1.000 8
1008 pf 07 0.264 -1.021 1.055 3
1008 pf 08 -0.785 -0.158 0.800 1
1008 pf 09 1.185 1.085 1.607 5
1008 pf 10 0.007 -0.492 0.492 3
1008 pf 11 -0.900 0.009 0.900 8
1008 pf 12 -0.872 0.426 0.971 8
1008 pf 13 0.931 0.996 1.363 6
1008 pf 14 -1.841 -0.769 1.995 1
1008 pf 15 1.184 -0.175 1.197 4
1008 pf 16 0.455 -0.274 0.531 4
1008 pf 17 1.551 0.199 1.564 5
1008 pf 18 0.201 0.224 0.301 6
1008 pf 19 0.651 0.489 0.814 5
1008 pf 20 -0.235 -1.129 1.153 2
1008 pf 21 0.607 -0.560 0.826 4
1008 pf 22 -0.094 1.557 1.560 7
1008 pf 23 0.209 -0.890 0.914 3
1008 pf 24 0.862 -0.767 1.154 4
1008 pf 25 0.687 1.204 1.386 6
1008 pf 26 -0.158 -0.058 0.168 1
1008 pf 27 -0.408 1.753 1.800 7
1008 pf 28 0.132 -0.932 0.941 3
1008 pf 29 0.931 -0.508 1.061 4
1008 pf 30 0.458 -0.894 1.004 3
1008 pf 31 0.318 -0.520 0.609 3
1008 pf 32 -1.706 -0.199 1.717 1
1008 pf 33 -0.020 -0.424 0.425 2
1008 pf 34 0.138 0.224 0.263 6
1008 pf 35 -0.909 1.019 1.366 7
1008 pf 36 0.237 -0.521 0.572 3
1008 pf 37 0.569 -0.258 0.625 4
1008 pf 38 1.223 0.083 1.226 5
1008 pf 39 0.374 1.789 1.828 6
1008 pf 40 -0.072 1.143 1.146 7
1008 pf 41 -1.067 -0.479 1.170 1
1008 pf 42 0.130 0.075 0.150 5
1008 pf 43 0.869 0.584 1.047 5
1008 pf 44 0.804 -0.137 0.816 4
1008 pf 45 0.696 -0.519 0.868 4
1008 pf 46 0.357 -1.283 1.332 3
1008 pf 47 -0.532 0.436 0.688 8
1008 pf 48 -0.775 -1.299 1.512 2
1008 pf 49 0.869 -0.013 0.869 4
1008 pf 50 0.981 0.769 1.247 5
1032 em 00 0.157 0.105 0.189 5
1032 cf 00 0.086 -0.553 0.560 3
1032 pf 01 -0.756 -0.235 0.792 1
1032 pf 02 0.234 0.972 1.000 6
1032 pf 03 0.326 0.569 0.656 6
1032 pf 04 -0.811 0.485 0.945 8
1032 pf 05 0.918 -0.262 0.955 4
1032 pf 06 -0.899 0.691 1.134 8
1032 pf 07 0.317 -1.017 1.065 3
1032 pf 08 -0.496 -0.357 0.611 1
1032 pf 09 1.056 1.170 1.576 6
1032 pf 10 0.081 -0.451 0.458 3
1032 pf 11 -0.889 -0.100 0.895 1
1032 pf 12 -0.590 0.575 0.824 8
1032 pf 13 0.597 1.352 1.478 6
1032 pf 14 -1.733 -0.977 1.990 1
1032 pf 15 1.516 -0.028 1.516 4
1032 pf 16 0.178 -0.322 0.368 3
1032 pf 17 1.555 0.447 1.618 5
1032 pf 18 0.032 0.369 0.370 6
1032 pf 19 0.479 0.731 0.873 6
1032 pf 20 0.117 -1.159 1.165 3
1032 pf 21 0.474 -0.259 0.540 4
1032 pf 22 -0.035 1.745 1.745 7
1032 pf 23 0.170 -0.743 0.762 3
1032 pf 24 1.153 -0.330 1.199 4
1032 pf 25 1.030 1.725 2.009 6
1032 pf 26 0.079 0.038 0.088 5
1032 pf 27 -0.649 1.684 1.804 7
1032 pf 28 0.342 -0.755 0.829 3
1032 pf 29 0.905 -0.409 0.993 4
1032 pf 30 0.358 -0.853 0.925 3
1032 pf 31 0.608 -0.438 0.749 4
1032 pf 32 -1.687 -0.742 1.843 1
1032 pf 33 0.356 -0.216 0.417 4
1032 pf 34 0.327 0.260 0.418 5
1032 pf 35 -0.690 1.179 1.367 7
1032 pf 36 0.119 -0.633 0.644 3
1032 pf 37 0.593 -0.248 0.643 4
1032 pf 38 0.780 0.589 0.977 5
1032 pf 39 0.295 1.632 1.658 6
1032 pf 40 -0.353 0.983 1.045 7
1032 pf 41 -1.047 -0.750 1.288 1
1032 pf 42 0.177 0.580 0.606 6
1032 pf 43 1.187 0.553 1.310 5
1032 pf 44 0.871 -0.205 0.894 4
1032 pf 45 0.714 -0.321 0.783 4
1032 pf 46 0.606 -1.512 1.630 3
1032 pf 47 -0.497 0.564 0.752 7
1032 pf 48 -0.462 -1.170 1.258 2
1032 pf 49 0.436 0.053 0.439 5
1032 pf 50 1.108 1.035 1.516 5
1056 em 00 0.157 0.142 0.211 5
1056 cf 00 0.064 -0.262 0.270 3
1056 pf 01 -0.863 -0.371 0.939 1
1056 pf 02 -0.159 0.967 0.980 7
1056 pf 03 0.515 0.247 0.571 5
1056 pf 04 -0.611 0.313 0.687 8
1056 pf 05 1.008 -0.107 1.014 4
1056 pf 06 -0.899 0.634 1.100 8
1056 pf 07 0.524 -0.884 1.028 3
1056 pf 08 -0.340 -0.660 0.742 2
1056 pf 09 0.819 1.347 1.576 6
1056 pf 10 0.120 -0.418 0.435 3
1056 pf 11 -0.651 -0.332 0.731 1
1056 pf 12 -0.649 0.883 1.096 7
1056 pf 13 -0.022 1.320 1.320 7
1056 pf 14 -1.703 -1.353 2.175 1
1056 pf 15 1.834 0.233 1.848 5
1056 pf 16 0.174 -0.320 0.364 3
1056 pf 17 1.344 1.101 1.738 5
1056 pf 18 -0.075 0.404 0.411 7
1056 pf 19 0.409 0.804 0.902 6
1056 pf 20 0.594 -0.898 1.077 3
1056 pf 21 0.598 -0.336 0.686 4
1056 pf 22 -0.147 1.615 1.622 7
1056 pf 23 0.351 -0.344 0.491 4
1056 pf 24 1.505 0.036 1.505 5
1056 pf 25 0.840 1.590 1.798 6
1056 pf 26 0.003 -0.059 0.060 3
1056 pf 27 -0.919 1.583 1.831 7
1056 pf 28 0.663 -0.672 0.944 3
1056 pf 29 0.917 -0.229 0.946 4
1056 pf 30 0.722 -0.701 1.006 4
1056 pf 31 0.633 -0.569 0.851 4
1056 pf 32 -1.233 -1.280 1.777 2
1056 pf 33 0.392 0.092 0.403 5
1056 pf 34 0.430 0.358 0.559 5
1056 pf 35 -1.046 1.213 1.601 7
1056 pf 36 0.262 -0.520 0.582 3
1056 pf 37 0.479 -0.141 0.499 4
1056 pf 38 0.497 0.918 1.044 6
1056 pf 39 -0.209 1.333 1.349 7
1056 pf 40 -0.385 0.684 0.785 7
1056 pf 41 -1.024 -0.919 1.376 1
1056 pf 42 0.196 0.870 0.892 6
1056 pf 43 1.154 0.723 1.362 5
1056 pf 44 0.748 -0.158 0.764 4
1056 pf 45 0.499 -0.423 0.654 4
1056 pf 46 1.099 -1.365 1.753 3
1056 pf 47 -0.534 0.492 0.726 8
1056 pf 48 -0.428 -0.963 1.054 2
1056 pf 49 0.361 0.268 0.449 5
1056 pf 50 0.808 1.293 1.525 6
1080 em 00 0.112 0.189 0.219 6
1080 cf 00 0.064 -0.122 0.138 3
1080 pf 01 -0.871 -0.322 0.929 1
1080 pf 02 -0.412 0.988 1.071 7
1080 pf 03 0.600 0.114 0.610 5
1080 pf 04 -0.520 0.005 0.520 8
1080 pf 05 0.940 0.281 0.981 5
1080 pf 06 -0.950 0.745 1.208 8
1080 pf 07 0.543 -0.534 0.762 4
1080 pf 08 -0.131 -0.498 0.515 2
1080 pf 09 0.848 1.589 1.801 6
1080 pf 10 0.217 -0.426 0.477 3
1080 pf 11 -0.379 -0.282 0.473 1
1080 pf 12 -0.669 0.782 1.029 7
1080 pf 13 -0.260 1.161 1.190 7
1080 pf 14 -1.209 -1.605 2.010 2
1080 pf 15 1.531 0.323 1.565 5
1080 pf 16 0.165 -0.566 0.589 3
1080 pf 17 0.738 1.520 1.690 6
1080 pf 18 -0.249 0.571 0.623 7
1080 pf 19 0.286 0.931 0.974 6
1080 pf 20 0.943 -0.802 1.237 4
1080 pf 21 0.602 -0.093 0.609 4
1080 pf 22 -0.519 1.399 1.492 7
1080 pf 23 0.446 -0.079 0.453 4
1080 pf 24 1.523 0.460 1.591 5
1080 pf 25 0.681 1.727 1.857 6
1080 pf 26 -0.176 -0.039 0.180 1
1080 pf 27 -1.101 1.355 1.746 7
1080 pf 28 0.837 -0.307 0.892 4
1080 pf 29 0.521 -0.047 0.524 4
1080 pf 30 0.672 -0.402 0.783 4
1080 pf 31 0.463 -0.306 0.555 4
1080 pf 32 -0.970 -1.499 1.786 2
1080 pf 33 0.426 0.274 0.506 5
1080 pf 34 0.020 0.455 0.455 6
1080 pf 35 -0.951 1.031 1.403 7
1080 pf 36 0.473 -0.556 0.730 3
1080 pf 37 0.792 0.367 0.873 5
1080 pf 38 0.203 0.918 0.940 6
1080 pf 39 -0.757 1.159 1.384 7
1080 pf 40 -0.358 0.035 0.359 8
1080 pf 41 -0.768 -1.437 1.629 2
1080 pf 42 0.190 0.884 0.904 6
1080 pf 43 0.834 1.177 1.442 6
1080 pf 44 0.729 0.016 0.730 5
1080 pf 45 0.608 -0.459 0.762 4
1080 pf 46 1.172 -1.320 1.766 3
1080 pf 47 -0.502 0.520 0.723 7
1080 pf 48 -0.491 -1.049 1.158 2
1080 pf 49 0.113 0.200 0.230 6
1080 pf 50 0.479 1.328 1.412 6
1104 em 00 0.040 0.221 0.225 6
1104 cf 00 0.265 -0.122 0.291 4
1104 pf 01 -0.783 -0.467 0.911 1
1104 pf 02 -0.338 0.937 0.996 7
1104 pf 03 0.651 0.119 0.661 5
1104 pf 04 -0.630 -0.078 0.635 1
1104 pf 05 1.020 0.566 1.167 5
1104 pf 06 -0.973 0.625 1.156 8
1104 pf 07 0.801 -0.188 0.822 4
1104 pf 08 -0.022 -0.427 0.428 2
1104 pf 09 0.849 1.544 1.762 6
1104 pf 10 -0.114 -0.818 0.826 2
1104 pf 11 -0.287 -0.432 0.519 2
1104 pf 12 -0.872 0.920 1.268 7
1104 pf 13 -0.589 0.971 1.136 7
1104 pf 14 -0.630 -1.716 1.827 2
1104 pf 15 0.962 0.288 1.004 5
1104 pf 16 0.008 -0.414 0.414 3
1104 pf 17 0.273 1.786 1.807 6
1104 pf 18 -0.309 1.054 1.098 7
1104 pf 19 -0.098 0.873 0.879 7
1104 pf 20 1.206 -0.538 1.321 4
1104 pf 21 0.845 -0.210 0.871 4
1104 pf 22 -0.846 1.332 1.577 7
1104 pf 23 0.752 0.284 0.804 5
1104 pf 24 1.411 0.684 1.568 5
1104 pf 25 0.359 1.499 1.541 6
1104 pf 26 -0.363 0.042 0.366 8
1104 pf 27 -1.163 0.980 1.521 8
1104 pf 28 0.533 0.012 0.533 5
1104 pf 29 0.248 0.110 0.271 5
1104 pf 30 0.282 0.015 0.282 5
1104 pf 31 0.296 -0.337 0.448 3
1104 pf 32 -0.402 -1.773 1.818 2
1104 pf 33 0.388 0.088 0.398 5
1104 pf 34 -0.298 -0.037 0.300 1
1104 pf 35 -1.338 0.931 1.630 8
1104 pf 36 0.682 -0.220 0.717 4
1104 pf 37 0.855 0.411 0.949 5
1104 pf 38 -0.257 1.115 1.144 7
1104 pf 39 -1.034 1.022 1.454 8
1104 pf 40 -0.390 -0.131 0.411 1
1104 pf 41 -0.747 -1.625 1.789 2
1104 pf 42 0.151 1.147 1.157 6
1104 pf 43 0.752 1.418 1.605 6
1104 pf 44 0.879 0.131 0.888 5
1104 pf 45 0.814 -0.242 0.849 4
1104 pf 46 1.110 -1.158 1.604 3
1104 pf 47 -0.813 0.439 0.924 8
1104 pf 48 -0.312 -1.018 1.065 2
1104 pf 49 -0.082 0.470 0.477 7
1104 pf 50 0.002 1.411 1.411 6
