ecmf prod rt 2016012100 51 046
0024 em 00 -0.080 -0.132 0.154 2
0024 cf 00 -0.142 -0.109 0.179 1
0024 pf 01 -0.120 -0.251 0.278 2
0024 pf 02 -0.023 -0.149 0.151 2
0024 pf 03 -0.041 -0.158 0.163 2
0024 pf 04 -0.030 0.018 0.035 8
0024 pf 05 -0.111 -0.125 0.167 2
0024 pf 06 -0.001 -0.085 0.085 2
0024 pf 07 -0.154 -0.255 0.298 2
0024 pf 08 0.057 0.072 0.092 6
0024 pf 09 0.042 -0.066 0.078 3
0024 pf 10 -0.192 -0.132 0.233 1
0024 pf 11 -0.226 -0.171 0.284 1
0024 pf 12 -0.010 -0.075 0.076 2
0024 pf 13 -0.163 -0.168 0.234 2
0024 pf 14 -0.072 -0.082 0.109 2
0024 pf 15 -0.283 -0.093 0.298 1
0024 pf 16 0.018 -0.111 0.113 3
0024 pf 17 -0.030 -0.008 0.031 1
0024 pf 18 0.046 -0.322 0.325 3
0024 pf 19 -0.094 -0.088 0.129 1
0024 pf 20 -0.118 -0.166 0.203 2
0024 pf 21 -0.062 -0.234 0.242 2
0024 pf 22 -0.147 -0.009 0.148 1
0024 pf 23 -0.053 -0.131 0.141 2
0024 pf 24 -0.113 0.008 0.113 8
0024 pf 25 -0.162 -0.111 0.196 1
0024 pf 26 -0.052 -0.020 0.056 1
0024 pf 27 -0.289 -0.077 0.299 1
0024 pf 28 -0.168 -0.245 0.297 2
0024 pf 29 -0.187 -0.004 0.187 1
0024 pf 30 -0.094 -0.067 0.115 1
0024 pf 31 0.050 -0.051 0.071 3
0024 pf 32 -0.068 -0.234 0.243 2
0024 pf 33 -0.015 -0.218 0.218 2
0024 pf 34 -0.049 -0.190 0.196 2
0024 pf 35 0.010 -0.146 0.146 3
0024 pf 36 -0.056 -0.100 0.114 2
0024 pf 37 -0.211 -0.118 0.241 1
0024 pf 38 -0.026 -0.281 0.282 2
0024 pf 39 -0.180 -0.082 0.198 1
0024 pf 40 -0.031 -0.143 0.146 2
0024 pf 41 0.176 -0.087 0.197 4
0024 pf 42 -0.063 -0.077 0.100 2
0024 pf 43 -0.122 -0.021 0.124 1
0024 pf 44 -0.056 -0.109 0.122 2
0024 pf 45 -0.100 -0.190 0.215 2
0024 pf 46 -0.133 -0.146 0.198 2
0024 pf 47 0.064 -0.150 0.163 3
0024 pf 48 0.082 -0.152 0.172 3
0024 pf 49 -0.031 -0.101 0.106 2
0024 pf 50 -0.036 -0.198 0.201 2
0048 em 00 -0.142 0.144 0.202 7
0048 cf 00 -0.155 0.095 0.182 8
0048 pf 01 -0.090 0.011 0.090 8
0048 pf 02 -0.039 0.145 0.150 7
0048 pf 03 -0.086 0.370 0.380 7
0048 pf 04 -0.166 0.211 0.268 7
0048 pf 05 0.019 -0.045 0.049 3
0048 pf 06 -0.109 0.369 0.384 7
0048 pf 07 -0.151 0.081 0.171 8
0048 pf 08 -0.211 0.370 0.426 7
0048 pf 09 -0.010 0.236 0.236 7
0048 pf 10 -0.247 0.142 0.285 8
0048 pf 11 -0.287 0.002 0.287 8
0048 pf 12 -0.191 0.095 0.214 8
0048 pf 13 -0.314 0.083 0.325 8
0048 pf 14 -0.190 0.049 0.196 8
0048 pf 15 -0.233 0.061 0.241 8
0048 pf 16 -0.027 -0.019 0.033 1
0048 pf 17 -0.001 0.277 0.277 7
0048 pf 18 -0.074 0.218 0.230 7
0048 pf 19 -0.178 0.224 0.286 7
0048 pf 20 -0.212 -0.003 0.212 1
0048 pf 21 -0.249 0.122 0.277 8
0048 pf 22 -0.236 0.173 0.292 8
0048 pf 23 0.003 0.259 0.260 6
0048 pf 24 -0.076 0.315 0.324 7
0048 pf 25 -0.219 0.115 0.247 8
0048 pf 26 -0.017 0.312 0.313 7
0048 pf 27 -0.376 0.106 0.391 8
0048 pf 28 -0.163 0.072 0.178 8
0048 pf 29 -0.261 0.241 0.355 8
0048 pf 30 -0.264 0.137 0.297 8
0048 pf 31 -0.070 0.126 0.144 7
0048 pf 32 -0.101 0.065 0.120 8
0048 pf 33 -0.114 0.133 0.175 7
0048 pf 34 -0.110 0.088 0.141 8
0048 pf 35 -0.147 0.226 0.270 7
0048 pf 36 -0.154 -0.025 0.156 1
0048 pf 37 -0.372 0.123 0.392 8
0048 pf 38 0.116 0.064 0.133 5
0048 pf 39 -0.360 0.155 0.392 8
0048 pf 40 -0.061 0.203 0.212 7
0048 pf 41 0.208 0.317 0.379 6
0048 pf 42 -0.233 0.365 0.433 7
0048 pf 43 -0.107 -0.013 0.108 1
0048 pf 44 -0.075 0.263 0.273 7
0048 pf 45 -0.306 -0.110 0.325 1
0048 pf 46 -0.054 0.157 0.166 7
0048 pf 47 -0.045 0.278 0.281 7
0048 pf 48 0.033 0.168 0.172 6
0048 pf 49 -0.099 0.159 0.187 7
0048 pf 50 -0.148 0.225 0.270 7
0072 em 00 -0.109 0.097 0.146 8
0072 cf 00 -0.119 0.096 0.152 8
0072 pf 01 0.020 0.011 0.023 5
0072 pf 02 0.077 0.239 0.252 6
0072 pf 03 -0.205 0.408 0.457 7
0072 pf 04 -0.160 0.166 0.230 7
0072 pf 05 0.156 -0.280 0.320 3
0072 pf 06 -0.225 0.378 0.440 7
0072 pf 07 -0.079 0.161 0.179 7
0072 pf 08 -0.072 0.111 0.133 7
0072 pf 09 0.190 0.164 0.251 5
0072 pf 10 -0.268 -0.006 0.268 1
0072 pf 11 -0.153 -0.138 0.206 1
0072 pf 12 -0.226 0.092 0.244 8
0072 pf 13 -0.248 -0.120 0.275 1
0072 pf 14 -0.229 0.013 0.230 8
0072 pf 15 -0.284 -0.026 0.285 1
0072 pf 16 0.004 -0.027 0.028 3
0072 pf 17 -0.216 0.303 0.372 7
0072 pf 18 -0.057 0.231 0.238 7
0072 pf 19 0.109 0.072 0.131 5
0072 pf 20 -0.156 -0.132 0.204 1
0072 pf 21 -0.228 0.029 0.230 8
0072 pf 22 -0.072 0.202 0.215 7
0072 pf 23 0.020 0.258 0.259 6
0072 pf 24 -0.155 0.278 0.318 7
0072 pf 25 -0.247 0.315 0.400 7
0072 pf 26 -0.161 0.235 0.285 7
0072 pf 27 0.021 0.125 0.126 6
0072 pf 28 -0.220 0.001 0.220 8
0072 pf 29 -0.113 0.062 0.129 8
0072 pf 30 -0.229 0.039 0.232 8
0072 pf 31 -0.007 0.226 0.226 7
0072 pf 32 -0.016 0.021 0.026 7
0072 pf 33 -0.118 0.289 0.313 7
0072 pf 34 -0.158 0.067 0.171 8
0072 pf 35 -0.087 0.137 0.162 7
0072 pf 36 -0.098 0.077 0.125 8
0072 pf 37 -0.364 0.103 0.378 8
0072 pf 38 0.156 -0.059 0.166 4
0072 pf 39 -0.458 -0.008 0.458 1
0072 pf 40 0.020 0.112 0.114 6
0072 pf 41 0.019 0.065 0.068 6
0072 pf 42 -0.153 0.328 0.362 7
0072 pf 43 -0.041 -0.071 0.081 2
0072 pf 44 -0.004 0.176 0.176 7
0072 pf 45 -0.221 -0.063 0.230 1
0072 pf 46 0.142 0.195 0.242 6
0072 pf 47 -0.156 0.187 0.244 7
0072 pf 48 0.206 0.246 0.320 6
0072 pf 49 -0.312 0.157 0.349 8
0072 pf 50 -0.080 0.208 0.223 7
0096 em 00 0.089 -0.365 0.376 3
0096 cf 00 0.172 -0.396 0.431 3
0096 pf 01 0.266 -0.410 0.489 3
0096 pf 02 0.339 -0.136 0.365 4
0096 pf 03 0.111 -0.233 0.258 3
0096 pf 04 0.018 -0.155 0.156 3
0096 pf 05 0.391 -0.748 0.844 3
0096 pf 06 -0.195 -0.072 0.208 1
0096 pf 07 0.222 -0.202 0.300 4
0096 pf 08 0.061 -0.272 0.278 3
0096 pf 09 0.289 -0.378 0.476 3
0096 pf 10 -0.151 -0.402 0.429 2
0096 pf 11 0.210 -0.773 0.801 3
0096 pf 12 -0.024 -0.573 0.573 2
0096 pf 13 0.141 -0.402 0.426 3
0096 pf 14 -0.020 -0.441 0.441 2
0096 pf 15 -0.075 -0.467 0.473 2
0096 pf 16 0.344 -0.535 0.636 3
0096 pf 17 -0.152 -0.269 0.308 2
0096 pf 18 -0.016 -0.137 0.138 2
0096 pf 19 0.396 -0.358 0.534 4
0096 pf 20 0.174 -0.467 0.499 3
0096 pf 21 0.038 -0.542 0.543 3
0096 pf 22 0.327 -0.373 0.496 3
0096 pf 23 0.296 -0.349 0.457 3
0096 pf 24 0.102 -0.165 0.194 3
0096 pf 25 0.099 -0.281 0.298 3
0096 pf 26 0.162 -0.244 0.293 3
0096 pf 27 0.114 -0.291 0.313 3
0096 pf 28 -0.120 -0.367 0.386 2
0096 pf 29 0.073 -0.270 0.279 3
0096 pf 30 0.016 -0.501 0.502 3
0096 pf 31 0.042 -0.002 0.042 4
0096 pf 32 0.219 -0.711 0.744 3
0096 pf 33 0.067 -0.097 0.118 3
0096 pf 34 -0.147 -0.349 0.379 2
0096 pf 35 0.102 -0.424 0.436 3
0096 pf 36 0.018 -0.587 0.587 3
0096 pf 37 -0.135 -0.298 0.327 2
0096 pf 38 0.218 -0.510 0.555 3
0096 pf 39 -0.216 -0.227 0.313 2
0096 pf 40 0.209 -0.428 0.476 3
0096 pf 41 0.147 -0.074 0.164 4
0096 pf 42 -0.051 -0.100 0.112 2
0096 pf 43 0.283 -0.534 0.604 3
0096 pf 44 0.373 -0.295 0.476 4
0096 pf 45 -0.047 -0.508 0.510 2
0096 pf 46 0.190 -0.137 0.234 4
0096 pf 47 -0.074 -0.394 0.401 2
0096 pf 48 0.171 -0.087 0.192 4
0096 pf 49 -0.137 -0.233 0.270 2
0096 pf 50 -0.018 -0.526 0.526 2
0120 em 00 0.331 -0.743 0.813 3
0120 cf 00 0.541 -0.754 0.928 3
0120 pf 01 0.423 -0.852 0.951 3
0120 pf 02 0.240 -0.520 0.572 3
0120 pf 03 0.399 -0.673 0.782 3
0120 pf 04 0.123 -0.574 0.587 3
0120 pf 05 0.508 -0.835 0.977 3
0120 pf 06 -0.042 -0.503 0.505 2
0120 pf 07 0.389 -0.644 0.753 3
0120 pf 08 0.154 -0.641 0.659 3
0120 pf 09 0.564 -0.597 0.821 3
0120 pf 10 0.241 -0.950 0.980 3
0120 pf 11 0.475 -1.195 1.285 3
0120 pf 12 0.328 -0.893 0.952 3
0120 pf 13 0.398 -0.836 0.926 3
0120 pf 14 0.253 -0.998 1.029 3
0120 pf 15 0.203 -0.993 1.014 3
0120 pf 16 0.600 -0.752 0.962 3
0120 pf 17 0.165 -0.941 0.956 3
0120 pf 18 0.251 -0.483 0.545 3
0120 pf 19 0.648 -0.617 0.895 4
0120 pf 20 0.412 -1.001 1.083 3
0120 pf 21 0.054 -0.773 0.775 3
0120 pf 22 0.667 -0.596 0.894 4
0120 pf 23 0.627 -0.855 1.060 3
0120 pf 24 0.215 -0.358 0.418 3
0120 pf 25 0.207 -0.576 0.612 3
0120 pf 26 0.530 -0.673 0.857 3
0120 pf 27 0.394 -0.889 0.972 3
0120 pf 28 0.091 -0.785 0.790 3
0120 pf 29 0.217 -0.733 0.764 3
0120 pf 30 0.500 -0.874 1.007 3
0120 pf 31 0.246 -0.287 0.378 3
0120 pf 32 0.617 -0.982 1.160 3
0120 pf 33 0.123 -0.257 0.285 3
0120 pf 34 0.350 -0.531 0.636 3
0120 pf 35 0.555 -0.859 1.023 3
0120 pf 36 0.264 -1.088 1.120 3
0120 pf 37 0.220 -0.651 0.687 3
0120 pf 38 0.382 -0.732 0.826 3
0120 pf 39 0.141 -0.679 0.694 3
0120 pf 40 0.312 -0.859 0.914 3
0120 pf 41 0.291 -0.548 0.621 3
0120 pf 42 0.123 -0.642 0.654 3
0120 pf 43 0.419 -1.020 1.103 3
0120 pf 44 0.458 -0.304 0.549 4
0120 pf 45 0.292 -0.810 0.861 3
0120 pf 46 0.309 -0.596 0.671 3
0120 pf 47 0.320 -0.868 0.925 3
0120 pf 48 0.398 -0.406 0.568 3
0120 pf 49 0.055 -0.563 0.566 3
0120 pf 50 0.253 -0.795 0.834 3
0144 em 00 0.332 -0.711 0.785 3
0144 cf 00 0.506 -0.733 0.891 3
0144 pf 01 0.433 -0.858 0.961 3
0144 pf 02 -0.091 -0.814 0.819 2
0144 pf 03 0.332 -0.515 0.612 3
0144 pf 04 0.015 -0.384 0.384 3
0144 pf 05 0.692 -0.934 1.162 3
0144 pf 06 -0.014 -0.308 0.308 2
0144 pf 07 0.201 -0.353 0.407 3
0144 pf 08 -0.072 -0.556 0.561 2
0144 pf 09 0.981 -0.366 1.048 4
0144 pf 10 0.207 -0.914 0.937 3
0144 pf 11 0.779 -0.951 1.229 3
0144 pf 12 0.133 -0.771 0.782 3
0144 pf 13 0.560 -0.725 0.916 3
0144 pf 14 0.241 -0.982 1.011 3
0144 pf 15 0.310 -0.901 0.953 3
0144 pf 16 0.709 -0.662 0.970 4
0144 pf 17 0.318 -1.155 1.198 3
0144 pf 18 0.279 -0.499 0.572 3
0144 pf 19 0.387 -0.384 0.545 4
0144 pf 20 0.514 -0.992 1.117 3
0144 pf 21 0.077 -0.843 0.846 3
0144 pf 22 0.705 -0.543 0.890 4
0144 pf 23 0.544 -0.693 0.880 3
0144 pf 24 0.201 -0.230 0.306 3
0144 pf 25 0.220 -0.631 0.668 3
0144 pf 26 0.267 -0.679 0.730 3
0144 pf 27 0.314 -0.678 0.747 3
0144 pf 28 0.228 -0.508 0.557 3
0144 pf 29 0.332 -0.832 0.896 3
0144 pf 30 0.435 -0.821 0.929 3
0144 pf 31 0.264 -0.423 0.499 3
0144 pf 32 0.511 -0.926 1.058 3
0144 pf 33 -0.006 -0.369 0.369 2
0144 pf 34 0.410 -0.672 0.787 3
0144 pf 35 0.720 -0.642 0.965 4
0144 pf 36 0.421 -0.957 1.046 3
0144 pf 37 0.267 -0.707 0.756 3
0144 pf 38 0.397 -0.655 0.766 3
0144 pf 39 0.333 -0.510 0.609 3
0144 pf 40 0.373 -1.068 1.132 3
0144 pf 41 0.146 -0.503 0.524 3
0144 pf 42 -0.094 -0.686 0.692 2
0144 pf 43 0.538 -1.294 1.401 3
0144 pf 44 0.191 -0.437 0.477 3
0144 pf 45 0.492 -1.041 1.151 3
0144 pf 46 0.353 -0.372 0.512 3
0144 pf 47 0.113 -1.123 1.129 3
0144 pf 48 0.312 -0.557 0.638 3
0144 pf 49 0.143 -0.675 0.690 3
0144 pf 50 0.275 -0.466 0.541 3
0168 em 00 0.412 -0.556 0.692 3
0168 cf 00 0.518 -0.578 0.776 3
0168 pf 01 0.767 -0.867 1.158 3
0168 pf 02 -0.249 -0.631 0.679 2
0168 pf 03 0.498 -0.178 0.529 4
0168 pf 04 0.130 -0.344 0.368 3
0168 pf 05 0.728 -0.567 0.923 4
0168 pf 06 0.103 -0.279 0.297 3
0168 pf 07 0.112 -0.178 0.211 3
0168 pf 08 0.019 -0.821 0.821 3
0168 pf 09 0.950 0.070 0.953 5
0168 pf 10 0.070 -0.946 0.949 3
0168 pf 11 0.617 -0.583 0.848 4
0168 pf 12 0.223 -0.706 0.740 3
0168 pf 13 0.657 -0.481 0.815 4
0168 pf 14 0.194 -0.669 0.697 3
0168 pf 15 0.630 -0.802 1.020 3
0168 pf 16 0.719 -0.415 0.831 4
0168 pf 17 0.711 -0.909 1.153 3
0168 pf 18 0.424 -0.395 0.580 4
0168 pf 19 0.519 -0.422 0.669 4
0168 pf 20 0.672 -0.871 1.100 3
0168 pf 21 0.109 -0.911 0.918 3
0168 pf 22 0.551 -0.182 0.580 4
0168 pf 23 0.963 -0.642 1.157 4
0168 pf 24 0.272 0.005 0.272 5
0168 pf 25 0.311 -0.526 0.611 3
0168 pf 26 0.497 -0.527 0.724 3
0168 pf 27 0.217 -0.804 0.833 3
0168 pf 28 0.443 -0.240 0.504 4
0168 pf 29 0.474 -0.780 0.912 3
0168 pf 30 0.605 -0.527 0.803 4
0168 pf 31 0.186 -0.033 0.189 4
0168 pf 32 0.795 -0.841 1.157 3
0168 pf 33 0.129 0.004 0.129 5
0168 pf 34 0.576 -0.718 0.920 3
0168 pf 35 0.517 -0.472 0.699 4
0168 pf 36 0.828 -0.829 1.172 3
0168 pf 37 0.378 -0.619 0.726 3
0168 pf 38 0.333 -0.278 0.434 4
0168 pf 39 0.385 -0.413 0.564 3
0168 pf 40 0.445 -0.956 1.055 3
0168 pf 41 -0.001 -0.244 0.244 2
0168 pf 42 -0.143 -0.673 0.688 2
0168 pf 43 0.670 -0.943 1.157 3
0168 pf 44 0.083 -0.182 0.200 3
0168 pf 45 0.663 -1.002 1.201 3
0168 pf 46 0.481 -0.159 0.506 4
0168 pf 47 0.218 -0.938 0.963 3
0168 pf 48 0.422 -0.785 0.892 3
0168 pf 49 0.041 -0.582 0.583 3
0168 pf 50 0.340 -0.180 0.385 4
0192 em 00 0.437 -0.571 0.719 3
0192 cf 00 0.455 -0.438 0.632 4
0192 pf 01 0.856 -0.560 1.023 4
0192 pf 02 -0.116 -0.936 0.943 2
0192 pf 03 0.375 -0.094 0.386 4
0192 pf 04 0.224 -0.542 0.586 3
0192 pf 05 0.607 -0.122 0.619 4
0192 pf 06 0.049 -0.393 0.396 3
0192 pf 07 0.155 0.009 0.155 5
0192 pf 08 -0.109 -0.886 0.893 2
0192 pf 09 0.968 0.075 0.971 5
0192 pf 10 0.061 -0.804 0.806 3
0192 pf 11 0.911 -0.548 1.064 4
0192 pf 12 0.257 -0.524 0.583 3
0192 pf 13 0.984 -0.613 1.159 4
0192 pf 14 0.033 -0.784 0.785 3
0192 pf 15 0.783 -0.741 1.078 4
0192 pf 16 0.734 -0.458 0.865 4
0192 pf 17 0.996 -0.675 1.204 4
0192 pf 18 0.364 -0.411 0.549 3
0192 pf 19 0.518 -0.527 0.739 3
0192 pf 20 0.827 -0.997 1.296 3
0192 pf 21 0.318 -1.125 1.169 3
0192 pf 22 0.484 -0.134 0.502 4
0192 pf 23 0.986 -0.598 1.153 4
0192 pf 24 0.156 -0.231 0.279 3
0192 pf 25 0.572 -0.573 0.809 3
0192 pf 26 0.357 -0.501 0.615 3
0192 pf 27 0.185 -0.736 0.759 3
0192 pf 28 0.467 -0.382 0.603 4
0192 pf 29 0.576 -0.991 1.147 3
0192 pf 30 0.602 -0.629 0.871 3
0192 pf 31 0.114 -0.372 0.389 3
0192 pf 32 0.736 -0.518 0.900 4
0192 pf 33 0.148 -0.188 0.239 3
0192 pf 34 0.562 -0.866 1.032 3
0192 pf 35 0.032 -0.370 0.372 3
0192 pf 36 1.137 -0.804 1.393 4
0192 pf 37 0.507 -0.730 0.889 3
0192 pf 38 0.390 -0.216 0.446 4
0192 pf 39 0.271 -0.453 0.528 3
0192 pf 40 0.523 -0.944 1.079 3
0192 pf 41 0.246 -0.380 0.453 3
0192 pf 42 -0.352 -0.779 0.855 2
0192 pf 43 0.596 -0.836 1.027 3
0192 pf 44 0.322 -0.304 0.443 4
0192 pf 45 0.757 -0.989 1.246 3
0192 pf 46 0.184 -0.126 0.223 4
0192 pf 47 0.153 -0.903 0.916 3
0192 pf 48 0.625 -0.653 0.904 3
0192 pf 49 0.110 -0.781 0.789 3
0192 pf 50 0.203 -0.209 0.291 3
0216 em 00 0.528 -0.746 0.914 3
0216 cf 00 0.495 -0.598 0.776 3
0216 pf 01 1.104 -0.582 1.248 4
0216 pf 02 0.293 -1.266 1.300 3
0216 pf 03 0.482 -0.317 0.577 4
0216 pf 04 0.374 -0.857 0.935 3
0216 pf 05 0.538 -0.335 0.634 4
0216 pf 06 -0.136 -0.494 0.513 2
0216 pf 07 0.251 -0.340 0.423 3
0216 pf 08 0.067 -1.006 1.008 3
0216 pf 09 0.953 0.205 0.975 5
0216 pf 10 0.344 -1.280 1.326 3
0216 pf 11 0.846 -1.190 1.460 3
0216 pf 12 0.257 -0.851 0.888 3
0216 pf 13 0.942 -0.749 1.203 4
0216 pf 14 -0.018 -1.152 1.152 2
0216 pf 15 0.814 -0.934 1.239 3
0216 pf 16 0.950 -0.543 1.094 4
0216 pf 17 1.007 -0.339 1.063 4
0216 pf 18 0.473 -0.667 0.817 3
0216 pf 19 0.299 -0.778 0.833 3
0216 pf 20 0.743 -1.084 1.314 3
0216 pf 21 0.606 -0.982 1.154 3
0216 pf 22 0.481 -0.278 0.556 4
0216 pf 23 1.261 -0.555 1.378 4
0216 pf 24 0.521 -0.433 0.678 4
0216 pf 25 0.473 -0.718 0.859 3
0216 pf 26 0.428 -0.835 0.938 3
0216 pf 27 0.314 -0.864 0.919 3
0216 pf 28 0.445 -0.503 0.671 3
0216 pf 29 0.762 -1.327 1.530 3
0216 pf 30 0.967 -0.769 1.235 4
0216 pf 31 0.048 -0.569 0.571 3
0216 pf 32 0.810 -0.665 1.048 4
0216 pf 33 0.313 -0.616 0.691 3
0216 pf 34 0.593 -0.779 0.979 3
0216 pf 35 0.221 -0.538 0.582 3
0216 pf 36 1.264 -0.893 1.548 4
0216 pf 37 0.600 -1.014 1.178 3
0216 pf 38 0.326 -0.330 0.464 3
0216 pf 39 0.327 -0.870 0.929 3
0216 pf 40 0.731 -1.007 1.244 3
0216 pf 41 0.377 -0.541 0.660 3
0216 pf 42 -0.074 -1.255 1.257 2
0216 pf 43 0.944 -0.749 1.205 4
0216 pf 44 0.520 -0.356 0.631 4
0216 pf 45 0.832 -1.188 1.450 3
0216 pf 46 -0.018 -0.319 0.320 2
0216 pf 47 0.167 -1.107 1.119 3
0216 pf 48 0.760 -0.557 0.942 4
0216 pf 49 0.131 -0.898 0.907 3
0216 pf 50 0.180 -0.490 0.522 3
0240 em 00 0.439 -0.807 0.919 3
0240 cf 00 0.425 -0.505 0.660 3
0240 pf 01 0.808 -0.395 0.900 4
0240 pf 02 0.446 -1.259 1.336 3
0240 pf 03 0.290 -0.849 0.897 3
0240 pf 04 0.275 -1.117 1.151 3
0240 pf 05 0.288 -0.350 0.453 3
0240 pf 06 -0.205 -0.201 0.287 1
0240 pf 07 0.301 -0.783 0.839 3
0240 pf 08 -0.078 -0.764 0.768 2
0240 pf 09 0.868 0.260 0.906 5
0240 pf 10 0.094 -1.535 1.538 3
0240 pf 11 0.484 -1.452 1.531 3
0240 pf 12 0.210 -0.957 0.980 3
0240 pf 13 0.879 -0.720 1.137 4
0240 pf 14 0.359 -1.195 1.247 3
0240 pf 15 0.493 -0.738 0.888 3
0240 pf 16 0.741 -0.513 0.901 4
0240 pf 17 0.935 -0.176 0.952 4
0240 pf 18 0.463 -0.401 0.612 4
0240 pf 19 0.083 -0.796 0.801 3
0240 pf 20 0.811 -1.132 1.392 3
0240 pf 21 0.446 -0.727 0.853 3
0240 pf 22 0.368 -0.446 0.579 3
0240 pf 23 1.145 -0.407 1.215 4
0240 pf 24 0.790 -0.947 1.233 3
0240 pf 25 0.341 -0.652 0.736 3
0240 pf 26 0.128 -1.004 1.012 3
0240 pf 27 0.417 -0.753 0.861 3
0240 pf 28 0.075 -0.193 0.207 3
0240 pf 29 0.687 -1.704 1.837 3
0240 pf 30 0.960 -0.500 1.082 4
0240 pf 31 0.246 -0.566 0.617 3
0240 pf 32 0.606 -0.845 1.040 3
0240 pf 33 0.063 -0.667 0.670 3
0240 pf 34 0.492 -0.626 0.797 3
0240 pf 35 0.055 -0.814 0.816 3
0240 pf 36 0.605 -0.793 0.997 3
0240 pf 37 0.536 -1.111 1.234 3
0240 pf 38 0.488 -0.444 0.659 4
0240 pf 39 0.104 -1.257 1.261 3
0240 pf 40 0.766 -0.937 1.210 3
0240 pf 41 0.117 -0.589 0.601 3
0240 pf 42 0.202 -1.741 1.753 3
0240 pf 43 0.805 -0.850 1.171 3
0240 pf 44 0.436 -0.476 0.646 3
0240 pf 45 0.500 -1.393 1.480 3
0240 pf 46 -0.200 -0.499 0.537 2
0240 pf 47 0.275 -0.833 0.877 3
0240 pf 48 0.808 -0.811 1.145 3
0240 pf 49 0.178 -1.060 1.075 3
0240 pf 50 0.410 -0.987 1.069 3
0264 em 00 0.447 -0.675 0.809 3
0264 cf 00 0.371 -0.434 0.571 3
0264 pf 01 1.087 0.130 1.095 5
0264 pf 02 0.515 -1.056 1.174 3
0264 pf 03 0.196 -1.123 1.140 3
0264 pf 04 0.451 -0.560 0.719 3
0264 pf 05 0.068 -0.114 0.133 3
0264 pf 06 -0.392 0.128 0.412 8
0264 pf 07 0.349 -1.003 1.062 3
0264 pf 08 0.200 -0.546 0.582 3
0264 pf 09 0.948 0.460 1.054 5
0264 pf 10 0.325 -1.655 1.687 3
0264 pf 11 0.289 -1.281 1.313 3
0264 pf 12 0.238 -1.179 1.203 3
0264 pf 13 0.909 -0.439 1.009 4
0264 pf 14 0.512 -0.984 1.109 3
0264 pf 15 0.603 -0.363 0.704 4
0264 pf 16 1.013 -0.035 1.014 4
0264 pf 17 0.849 -0.176 0.867 4
0264 pf 18 0.395 0.246 0.466 5
0264 pf 19 0.128 -0.656 0.668 3
0264 pf 20 0.979 -1.125 1.492 3
0264 pf 21 0.646 -0.546 0.846 4
0264 pf 22 0.312 -0.144 0.343 4
0264 pf 23 1.180 -0.190 1.196 4
0264 pf 24 0.647 -0.819 1.044 3
0264 pf 25 0.027 -0.437 0.437 3
0264 pf 26 0.208 -1.286 1.303 3
0264 pf 27 0.196 -0.801 0.825 3
0264 pf 28 0.086 -0.079 0.117 4
0264 pf 29 0.655 -1.420 1.564 3
0264 pf 30 0.913 -0.430 1.009 4
0264 pf 31 0.172 -0.249 0.303 3
0264 pf 32 0.760 -0.877 1.161 3
0264 pf 33 0.200 -0.519 0.557 3
0264 pf 34 0.265 -0.646 0.699 3
0264 pf 35 0.032 -0.875 0.875 3
0264 pf 36 0.707 -0.748 1.029 3
0264 pf 37 0.796 -0.854 1.167 3
0264 pf 38 0.592 -0.184 0.619 4
0264 pf 39 0.138 -1.706 1.712 3
0264 pf 40 0.637 -0.901 1.103 3
0264 pf 41 0.402 -0.355 0.537 4
0264 pf 42 0.441 -1.889 1.940 3
0264 pf 43 0.839 -0.438 0.946 4
0264 pf 44 0.303 -0.259 0.398 4
0264 pf 45 0.334 -1.133 1.181 3
0264 pf 46 -0.255 -0.770 0.811 2
0264 pf 47 -0.029 -0.748 0.749 2
0264 pf 48 0.444 -0.877 0.983 3
0264 pf 49 -0.122 -0.890 0.899 2
0264 pf 50 0.541 -0.668 0.859 3
0288 em 00 0.624 -0.518 0.811 4
0288 cf 00 0.516 -0.400 0.653 4
0288 pf 01 0.883 0.443 0.988 5
0288 pf 02 0.589 -0.915 1.088 3
0288 pf 03 0.243 -1.262 1.285 3
0288 pf 04 0.818 -0.778 1.129 4
0288 pf 05 -0.230 -0.028 0.232 1
0288 pf 06 -0.200 0.321 0.378 7
0288 pf 07 0.554 -0.512 0.754 4
0288 pf 08 0.330 -0.167 0.369 4
0288 pf 09 1.186 0.690 1.372 5
0288 pf 10 0.662 -1.571 1.705 3
0288 pf 11 0.689 -0.856 1.099 3
0288 pf 12 0.550 -0.985 1.128 3
0288 pf 13 1.107 -0.496 1.213 4
0288 pf 14 0.540 -0.755 0.928 3
0288 pf 15 1.005 -0.323 1.056 4
0288 pf 16 0.730 0.388 0.827 5
0288 pf 17 0.663 -0.093 0.669 4
0288 pf 18 0.387 0.309 0.495 5
0288 pf 19 0.154 -0.605 0.624 3
0288 pf 20 1.357 -0.982 1.674 4
0288 pf 21 0.696 -0.147 0.711 4
0288 pf 22 0.123 -0.172 0.211 3
0288 pf 23 1.289 -0.522 1.391 4
0288 pf 24 0.915 -0.740 1.176 4
0288 pf 25 0.445 -0.180 0.480 4
0288 pf 26 0.364 -1.081 1.140 3
0288 pf 27 0.389 -0.752 0.847 3
0288 pf 28 0.417 -0.224 0.474 4
0288 pf 29 0.765 -1.205 1.428 3
0288 pf 30 0.905 -0.069 0.908 4
0288 pf 31 0.375 -0.246 0.448 4
0288 pf 32 1.125 -0.627 1.287 4
0288 pf 33 0.490 -0.381 0.621 4
0288 pf 34 0.419 -0.318 0.526 4
0288 pf 35 0.232 -0.490 0.542 3
0288 pf 36 0.571 -0.674 0.883 3
0288 pf 37 1.071 -0.542 1.200 4
0288 pf 38 0.585 -0.087 0.592 4
0288 pf 39 0.092 -1.467 1.470 3
0288 pf 40 1.123 -0.582 1.265 4
0288 pf 41 0.763 -0.002 0.763 4
0288 pf 42 0.645 -1.563 1.691 3
0288 pf 43 1.112 -0.336 1.162 4
0288 pf 44 0.608 0.094 0.615 5
0288 pf 45 0.936 -1.016 1.382 3
0288 pf 46 -0.056 -0.713 0.715 2
0288 pf 47 0.125 -0.964 0.972 3
0288 pf 48 0.943 -0.562 1.097 4
0288 pf 49 0.270 -0.882 0.922 3
0288 pf 50 0.745 -0.487 0.890 4
0312 em 00 0.755 -0.422 0.864 4
0312 cf 00 0.705 -0.259 0.751 4
0312 pf 01 0.998 0.736 1.240 5
0312 pf 02 0.505 -0.645 0.820 3
0312 pf 03 0.539 -1.387 1.488 3
0312 pf 04 0.727 -0.991 1.229 3
0312 pf 05 -0.140 0.065 0.155 8
0312 pf 06 -0.256 0.540 0.598 7
0312 pf 07 0.952 -0.252 0.985 4
0312 pf 08 0.597 -0.331 0.682 4
0312 pf 09 1.400 0.970 1.703 5
0312 pf 10 0.953 -1.350 1.653 3
0312 pf 11 0.924 -0.525 1.062 4
0312 pf 12 0.911 -1.054 1.394 3
0312 pf 13 1.486 -0.422 1.545 4
0312 pf 14 0.664 -0.830 1.063 3
0312 pf 15 1.283 -0.443 1.357 4
0312 pf 16 0.504 0.591 0.777 6
0312 pf 17 0.513 -0.374 0.635 4
0312 pf 18 0.408 0.557 0.690 6
0312 pf 19 0.159 -0.325 0.362 3
0312 pf 20 1.536 -0.689 1.684 4
0312 pf 21 0.500 -0.516 0.719 3
0312 pf 22 0.385 -0.088 0.395 4
0312 pf 23 1.168 -0.204 1.186 4
0312 pf 24 1.245 -0.736 1.446 4
0312 pf 25 0.638 0.048 0.639 5
0312 pf 26 0.473 -1.059 1.160 3
0312 pf 27 0.350 -0.768 0.844 3
0312 pf 28 0.555 -0.291 0.626 4
0312 pf 29 0.897 -1.184 1.486 3
0312 pf 30 0.973 -0.008 0.973 4
0312 pf 31 0.853 0.032 0.854 5
0312 pf 32 1.290 -0.635 1.438 4
0312 pf 33 0.491 -0.512 0.709 3
0312 pf 34 0.360 0.039 0.362 5
0312 pf 35 0.303 -0.092 0.316 4
0312 pf 36 0.652 -0.467 0.802 4
0312 pf 37 1.221 -0.625 1.371 4
0312 pf 38 0.314 0.082 0.325 5
0312 pf 39 0.563 -1.154 1.284 3
0312 pf 40 1.111 -0.475 1.208 4
0312 pf 41 1.233 -0.079 1.235 4
0312 pf 42 0.715 -1.350 1.527 3
0312 pf 43 0.938 -0.278 0.979 4
0312 pf 44 0.642 0.121 0.653 5
0312 pf 45 1.085 -0.694 1.289 4
0312 pf 46 0.217 -0.992 1.015 3
0312 pf 47 0.323 -1.288 1.328 3
0312 pf 48 0.867 -0.390 0.951 4
0312 pf 49 0.735 -0.535 0.909 4
0312 pf 50 1.095 -0.178 1.110 4
0336 em 00 0.854 -0.504 0.992 4
0336 cf 00 0.756 -0.496 0.904 4
0336 pf 01 0.724 0.672 0.988 5
0336 pf 02 1.064 -0.573 1.209 4
0336 pf 03 0.966 -1.390 1.693 3
0336 pf 04 0.956 -1.196 1.531 3
0336 pf 05 -0.393 -0.138 0.417 1
0336 pf 06 -0.175 0.542 0.570 7
0336 pf 07 1.032 -0.272 1.067 4
0336 pf 08 0.593 -0.545 0.806 4
0336 pf 09 1.490 0.815 1.698 5
0336 pf 10 1.349 -1.366 1.920 3
0336 pf 11 0.845 -0.574 1.021 4
0336 pf 12 0.972 -1.294 1.618 3
0336 pf 13 1.425 -0.521 1.517 4
0336 pf 14 0.714 -1.018 1.243 3
0336 pf 15 1.223 -0.506 1.324 4
0336 pf 16 0.791 0.683 1.046 5
0336 pf 17 0.303 -0.518 0.600 3
0336 pf 18 0.461 0.332 0.568 5
0336 pf 19 0.397 -0.328 0.515 4
0336 pf 20 1.465 -1.062 1.809 4
0336 pf 21 0.565 -0.883 1.048 3
0336 pf 22 0.591 0.001 0.591 5
0336 pf 23 0.893 -0.348 0.959 4
0336 pf 24 1.378 -0.806 1.597 4
0336 pf 25 0.870 -0.008 0.870 4
0336 pf 26 0.659 -1.037 1.228 3
0336 pf 27 0.737 -0.602 0.952 4
0336 pf 28 0.535 -0.499 0.732 4
0336 pf 29 1.062 -1.187 1.592 3
0336 pf 30 0.849 -0.284 0.896 4
0336 pf 31 1.151 0.266 1.182 5
0336 pf 32 1.581 -0.419 1.636 4
0336 pf 33 0.522 -0.529 0.743 3
0336 pf 34 0.386 -0.122 0.405 4
0336 pf 35 0.495 -0.121 0.509 4
0336 pf 36 0.510 -0.787 0.938 3
0336 pf 37 1.438 -0.298 1.469 4
0336 pf 38 0.258 -0.036 0.261 4
0336 pf 39 0.865 -1.226 1.500 3
0336 pf 40 1.144 -0.565 1.276 4
0336 pf 41 1.235 -0.041 1.236 4
0336 pf 42 1.247 -1.382 1.862 3
0336 pf 43 1.135 -0.530 1.252 4
0336 pf 44 0.836 -0.108 0.843 4
0336 pf 45 1.048 -0.966 1.426 4
0336 pf 46 0.524 -1.139 1.254 3
0336 pf 47 0.252 -1.273 1.297 3
0336 pf 48 0.672 -0.464 0.816 4
0336 pf 49 0.830 -0.566 1.005 4
0336 pf 50 1.476 -0.169 1.485 4
0360 em 00 0.902 -0.572 1.068 4
0360 cf 00 0.639 -0.560 0.849 4
0360 pf 01 0.741 0.356 0.822 5
0360 pf 02 1.276 -0.710 1.460 4
0360 pf 03 1.375 -1.432 1.985 3
0360 pf 04 0.893 -1.255 1.540 3
0360 pf 05 -0.009 -0.142 0.142 2
0360 pf 06 -0.287 0.740 0.793 7
0360 pf 07 1.112 -0.529 1.231 4
0360 pf 08 0.908 -0.605 1.092 4
0360 pf 09 1.265 0.558 1.382 5
0360 pf 10 1.545 -1.073 1.881 4
0360 pf 11 0.687 -0.593 0.908 4
0360 pf 12 1.072 -1.680 1.992 3
0360 pf 13 1.233 -0.428 1.305 4
0360 pf 14 0.637 -1.012 1.196 3
0360 pf 15 0.973 -0.377 1.043 4
0360 pf 16 0.905 0.419 0.997 5
0360 pf 17 0.476 -0.912 1.029 3
0360 pf 18 0.438 -0.241 0.500 4
0360 pf 19 0.732 -0.273 0.781 4
0360 pf 20 1.566 -1.000 1.858 4
0360 pf 21 0.566 -1.482 1.586 3
0360 pf 22 0.784 0.192 0.807 5
0360 pf 23 0.796 -0.488 0.933 4
0360 pf 24 1.225 -0.867 1.501 4
0360 pf 25 1.090 -0.210 1.110 4
0360 pf 26 0.788 -1.228 1.459 3
0360 pf 27 0.846 -0.599 1.037 4
0360 pf 28 0.739 -0.734 1.042 4
0360 pf 29 1.107 -1.200 1.632 3
0360 pf 30 0.702 -0.466 0.843 4
0360 pf 31 1.176 0.072 1.179 5
0360 pf 32 1.930 -0.602 2.022 4
0360 pf 33 0.516 -0.591 0.785 3
0360 pf 34 0.303 0.215 0.371 5
0360 pf 35 0.534 -0.134 0.551 4
0360 pf 36 0.482 -1.225 1.317 3
0360 pf 37 1.639 -0.344 1.675 4
0360 pf 38 0.410 -0.155 0.439 4
0360 pf 39 0.883 -1.314 1.583 3
0360 pf 40 0.894 -0.013 0.894 4
0360 pf 41 1.224 0.115 1.230 5
0360 pf 42 1.501 -1.137 1.883 4
0360 pf 43 0.987 -0.672 1.194 4
0360 pf 44 0.717 -0.189 0.741 4
0360 pf 45 1.135 -1.108 1.586 4
0360 pf 46 0.729 -1.193 1.398 3
0360 pf 47 0.318 -1.048 1.095 3
0360 pf 48 0.733 -0.661 0.987 4
0360 pf 49 0.855 -0.452 0.967 4
0360 pf 50 1.503 -0.103 1.506 4
0384 em 00 1.031 -0.614 1.200 4
0384 cf 00 0.830 -0.760 1.126 4
0384 pf 01 0.750 0.541 0.925 5
0384 pf 02 1.361 -0.399 1.418 4
0384 pf 03 1.590 -1.351 2.087 4
0384 pf 04 1.120 -1.149 1.605 3
0384 pf 05 0.280 -0.431 0.514 3
0384 pf 06 0.056 0.336 0.340 6
0384 pf 07 1.120 -0.612 1.276 4
0384 pf 08 1.041 -0.584 1.193 4
0384 pf 09 1.340 0.331 1.380 5
0384 pf 10 1.639 -1.140 1.997 4
0384 pf 11 0.780 -0.605 0.987 4
0384 pf 12 1.174 -1.773 2.126 3
0384 pf 13 1.286 -0.574 1.408 4
0384 pf 14 0.955 -1.046 1.416 3
0384 pf 15 1.441 -0.366 1.486 4
0384 pf 16 1.247 0.346 1.294 5
0384 pf 17 0.375 -1.082 1.145 3
0384 pf 18 0.201 -0.468 0.509 3
0384 pf 19 0.866 -0.463 0.982 4
0384 pf 20 1.394 -0.520 1.488 4
0384 pf 21 0.267 -1.721 1.742 3
0384 pf 22 0.893 0.275 0.934 5
0384 pf 23 1.256 -0.390 1.315 4
0384 pf 24 1.153 -0.661 1.329 4
0384 pf 25 1.437 -0.231 1.455 4
0384 pf 26 0.937 -1.164 1.494 3
0384 pf 27 1.026 -0.618 1.198 4
0384 pf 28 1.017 -0.941 1.385 4
0384 pf 29 1.432 -1.275 1.917 4
0384 pf 30 0.599 -0.456 0.752 4
0384 pf 31 1.099 0.000 1.099 5
0384 pf 32 2.082 -0.696 2.195 4
0384 pf 33 0.776 -0.414 0.879 4
0384 pf 34 0.165 0.321 0.361 6
0384 pf 35 0.510 -0.373 0.632 4
0384 pf 36 0.485 -1.815 1.879 3
0384 pf 37 1.826 -0.348 1.859 4
0384 pf 38 0.585 -0.160 0.607 4
0384 pf 39 0.799 -1.276 1.506 3
0384 pf 40 1.039 0.192 1.057 5
0384 pf 41 1.180 -0.036 1.181 4
0384 pf 42 1.781 -1.109 2.098 4
0384 pf 43 1.209 -0.804 1.452 4
0384 pf 44 0.801 -0.014 0.801 4
0384 pf 45 1.515 -1.280 1.983 4
0384 pf 46 0.836 -1.231 1.488 3
0384 pf 47 0.779 -1.014 1.279 3
0384 pf 48 0.751 -0.718 1.039 4
0384 pf 49 1.051 -0.457 1.146 4
0384 pf 50 1.708 -0.286 1.732 4
0408 em 00 1.081 -0.641 1.257 4
0408 cf 00 0.904 -0.775 1.190 4
0408 pf 01 1.043 0.563 1.185 5
0408 pf 02 1.319 -0.047 1.320 4
0408 pf 03 2.048 -1.201 2.374 4
0408 pf 04 0.952 -1.095 1.451 3
0408 pf 05 0.654 -0.630 0.908 4
0408 pf 06 0.141 0.132 0.193 5
0408 pf 07 1.040 -0.768 1.292 4
0408 pf 08 1.199 -0.367 1.254 4
0408 pf 09 1.472 0.173 1.482 5
0408 pf 10 1.700 -0.956 1.951 4
0408 pf 11 0.831 -0.477 0.959 4
0408 pf 12 1.109 -1.555 1.910 3
0408 pf 13 1.241 -0.533 1.351 4
0408 pf 14 0.988 -1.084 1.467 3
0408 pf 15 1.635 -0.263 1.656 4
0408 pf 16 1.024 0.079 1.027 5
0408 pf 17 0.593 -1.377 1.500 3
0408 pf 18 0.741 -0.294 0.797 4
0408 pf 19 0.882 -0.443 0.987 4
0408 pf 20 1.330 -0.440 1.401 4
0408 pf 21 0.792 -1.923 2.079 3
0408 pf 22 0.880 0.180 0.898 5
0408 pf 23 1.550 -0.754 1.724 4
0408 pf 24 0.959 -0.552 1.107 4
0408 pf 25 1.415 -0.232 1.434 4
0408 pf 26 1.260 -0.691 1.437 4
0408 pf 27 0.852 -0.614 1.050 4
0408 pf 28 0.821 -1.207 1.460 3
0408 pf 29 1.512 -1.317 2.005 4
0408 pf 30 0.881 -0.472 1.000 4
0408 pf 31 0.666 0.228 0.704 5
0408 pf 32 2.146 -0.781 2.284 4
0408 pf 33 0.622 -0.582 0.852 4
0408 pf 34 0.141 0.302 0.333 6
0408 pf 35 0.564 -0.517 0.765 4
0408 pf 36 0.371 -2.336 2.365 3
0408 pf 37 1.727 -0.657 1.848 4
0408 pf 38 0.611 -0.302 0.682 4
0408 pf 39 0.899 -0.926 1.290 3
0408 pf 40 1.358 0.397 1.415 5
0408 pf 41 1.138 -0.308 1.179 4
0408 pf 42 1.661 -1.138 2.014 4
0408 pf 43 0.897 -0.962 1.315 3
0408 pf 44 0.551 -0.316 0.635 4
0408 pf 45 1.759 -0.919 1.985 4
0408 pf 46 1.109 -1.154 1.600 3
0408 pf 47 1.253 -1.218 1.748 4
0408 pf 48 0.741 -0.717 1.032 4
0408 pf 49 1.103 -0.532 1.225 4
0408 pf 50 1.343 -0.506 1.435 4
0432 em 00 1.180 -0.583 1.316 4
0432 cf 00 1.020 -0.779 1.284 4
0432 pf 01 1.051 0.527 1.176 5
0432 pf 02 1.220 0.020 1.220 5
0432 pf 03 2.206 -0.740 2.327 4
0432 pf 04 1.330 -0.725 1.515 4
0432 pf 05 0.982 -0.480 1.094 4
0432 pf 06 0.296 0.012 0.296 5
0432 pf 07 0.904 -0.861 1.248 4
0432 pf 08 0.948 -0.343 1.008 4
0432 pf 09 1.619 0.046 1.620 5
0432 pf 10 1.858 -0.568 1.943 4
0432 pf 11 1.284 -0.113 1.289 4
0432 pf 12 1.351 -1.276 1.858 4
0432 pf 13 0.892 -0.470 1.009 4
0432 pf 14 1.222 -1.025 1.595 4
0432 pf 15 1.735 -0.060 1.736 4
0432 pf 16 1.255 0.064 1.256 5
0432 pf 17 1.043 -1.286 1.655 3
0432 pf 18 0.802 -0.299 0.856 4
0432 pf 19 1.075 -0.703 1.284 4
0432 pf 20 1.466 0.069 1.468 5
0432 pf 21 1.459 -1.767 2.291 3
0432 pf 22 0.948 0.137 0.958 5
0432 pf 23 1.518 -0.836 1.733 4
0432 pf 24 1.078 -0.700 1.286 4
0432 pf 25 1.498 -0.283 1.524 4
0432 pf 26 1.530 -0.411 1.585 4
0432 pf 27 0.737 -0.988 1.233 3
0432 pf 28 0.893 -1.275 1.557 3
0432 pf 29 1.557 -1.312 2.036 4
0432 pf 30 1.058 -0.276 1.093 4
0432 pf 31 0.515 -0.016 0.516 4
0432 pf 32 1.946 -0.475 2.003 4
0432 pf 33 0.383 -0.667 0.769 3
0432 pf 34 0.162 0.108 0.195 5
0432 pf 35 0.847 -0.457 0.962 4
0432 pf 36 0.289 -2.411 2.428 3
0432 pf 37 1.789 -0.560 1.874 4
0432 pf 38 0.507 -0.227 0.555 4
0432 pf 39 1.291 -1.007 1.638 4
0432 pf 40 1.447 0.559 1.551 5
0432 pf 41 1.349 -0.202 1.364 4
0432 pf 42 1.737 -1.032 2.020 4
0432 pf 43 1.025 -0.869 1.344 4
0432 pf 44 0.529 -0.490 0.721 4
0432 pf 45 1.598 -0.822 1.797 4
0432 pf 46 1.441 -1.150 1.844 4
0432 pf 47 1.320 -1.077 1.703 4
0432 pf 48 1.082 -0.387 1.149 4
0432 pf 49 0.924 -0.402 1.008 4
0432 pf 50 1.502 -0.671 1.645 4
0456 em 00 1.303 -0.513 1.400 4
0456 cf 00 1.142 -1.101 1.586 4
0456 pf 01 1.182 0.381 1.242 5
0456 pf 02 1.356 0.021 1.357 5
0456 pf 03 2.652 -0.879 2.794 4
0456 pf 04 1.481 -0.554 1.581 4
0456 pf 05 1.375 -0.563 1.486 4
0456 pf 06 0.139 -0.204 0.247 3
0456 pf 07 1.252 -0.746 1.457 4
0456 pf 08 1.264 -0.624 1.410 4
0456 pf 09 1.805 0.197 1.815 5
0456 pf 10 1.392 -0.198 1.406 4
0456 pf 11 1.170 0.000 1.170 5
0456 pf 12 1.740 -1.214 2.122 4
0456 pf 13 1.010 -0.185 1.027 4
0456 pf 14 1.639 -0.914 1.877 4
0456 pf 15 1.444 -0.145 1.452 4
0456 pf 16 1.393 0.150 1.401 5
0456 pf 17 1.402 -1.029 1.739 4
0456 pf 18 1.050 -0.138 1.059 4
0456 pf 19 0.994 -0.805 1.279 4
0456 pf 20 1.085 0.165 1.097 5
0456 pf 21 1.934 -1.835 2.666 4
0456 pf 22 1.008 0.259 1.041 5
0456 pf 23 1.575 -0.728 1.735 4
0456 pf 24 0.605 -0.837 1.032 3
0456 pf 25 1.490 -0.334 1.527 4
0456 pf 26 1.581 -0.050 1.581 4
0456 pf 27 0.756 -0.947 1.212 3
0456 pf 28 1.126 -1.092 1.568 4
0456 pf 29 1.569 -1.174 1.959 4
0456 pf 30 0.997 -0.064 0.999 4
0456 pf 31 0.428 -0.052 0.431 4
0456 pf 32 2.052 0.097 2.054 5
0456 pf 33 0.610 -0.682 0.915 3
0456 pf 34 0.595 -0.085 0.601 4
0456 pf 35 1.433 -0.369 1.480 4
0456 pf 36 0.650 -2.482 2.566 3
0456 pf 37 2.050 -0.466 2.102 4
0456 pf 38 0.996 -0.250 1.027 4
0456 pf 39 1.119 -1.180 1.626 3
0456 pf 40 1.963 0.673 2.075 5
0456 pf 41 1.313 0.255 1.338 5
0456 pf 42 2.076 -0.659 2.178 4
0456 pf 43 1.435 -0.718 1.605 4
0456 pf 44 0.312 -0.359 0.475 3
0456 pf 45 1.392 -1.040 1.738 4
0456 pf 46 1.371 -0.614 1.502 4
0456 pf 47 1.431 -0.835 1.657 4
0456 pf 48 1.146 -0.177 1.159 4
0456 pf 49 1.222 -0.573 1.349 4
0456 pf 50 1.631 -0.662 1.760 4
0480 em 00 1.327 -0.412 1.389 4
0480 cf 00 1.238 -1.314 1.805 3
0480 pf 01 1.036 0.001 1.036 5
0480 pf 02 1.565 0.321 1.597 5
0480 pf 03 2.881 -0.180 2.887 4
0480 pf 04 1.756 -0.281 1.778 4
0480 pf 05 1.466 -0.427 1.527 4
0480 pf 06 -0.116 -0.570 0.582 2
0480 pf 07 1.549 -0.868 1.776 4
0480 pf 08 1.167 -1.074 1.586 4
0480 pf 09 1.565 0.299 1.593 5
0480 pf 10 1.352 -0.138 1.359 4
0480 pf 11 1.300 0.296 1.333 5
0480 pf 12 1.946 -1.054 2.213 4
0480 pf 13 0.908 -0.105 0.914 4
0480 pf 14 1.641 -0.664 1.770 4
0480 pf 15 1.374 0.186 1.386 5
0480 pf 16 1.582 0.265 1.604 5
0480 pf 17 1.479 -1.131 1.862 4
0480 pf 18 0.844 -0.040 0.845 4
0480 pf 19 1.181 -0.954 1.518 4
0480 pf 20 0.786 0.266 0.830 5
0480 pf 21 2.249 -1.748 2.848 4
0480 pf 22 0.869 0.329 0.929 5
0480 pf 23 1.341 -0.154 1.350 4
0480 pf 24 0.648 -0.808 1.036 3
0480 pf 25 1.051 -0.338 1.104 4
0480 pf 26 1.654 -0.054 1.655 4
0480 pf 27 0.957 -1.387 1.685 3
0480 pf 28 1.350 -0.906 1.626 4
0480 pf 29 1.571 -1.108 1.922 4
0480 pf 30 0.750 0.070 0.753 5
0480 pf 31 0.569 -0.083 0.575 4
0480 pf 32 2.142 0.585 2.220 5
0480 pf 33 0.912 -0.515 1.047 4
0480 pf 34 0.499 0.101 0.509 5
0480 pf 35 1.307 -0.450 1.382 4
0480 pf 36 1.194 -2.311 2.601 3
0480 pf 37 1.721 -0.232 1.737 4
0480 pf 38 1.284 -0.365 1.335 4
0480 pf 39 0.919 -1.396 1.671 3
0480 pf 40 1.847 0.573 1.934 5
0480 pf 41 1.281 0.613 1.420 5
0480 pf 42 2.215 -0.157 2.220 4
0480 pf 43 1.616 -0.645 1.740 4
0480 pf 44 0.812 0.073 0.815 5
0480 pf 45 1.383 -0.648 1.527 4
0480 pf 46 1.531 -0.690 1.679 4
0480 pf 47 1.485 -0.544 1.581 4
0480 pf 48 1.235 -0.002 1.235 4
0480 pf 49 0.821 -0.385 0.907 4
0480 pf 50 1.451 -0.553 1.553 4
0504 em 00 1.347 -0.197 1.361 4
0504 cf 00 1.342 -1.049 1.703 4
0504 pf 01 0.875 -0.006 0.875 4
0504 pf 02 2.132 0.649 2.229 5
0504 pf 03 2.913 0.052 2.914 5
0504 pf 04 1.765 0.066 1.767 5
0504 pf 05 1.472 -0.259 1.495 4
0504 pf 06 -0.318 -0.547 0.633 2
0504 pf 07 1.653 -1.214 2.051 4
0504 pf 08 0.883 -1.708 1.923 3
0504 pf 09 1.684 0.512 1.760 5
0504 pf 10 0.887 -0.120 0.895 4
0504 pf 11 1.457 0.544 1.556 5
0504 pf 12 1.809 -0.771 1.966 4
0504 pf 13 0.566 0.778 0.962 6
0504 pf 14 1.607 -0.428 1.663 4
0504 pf 15 1.576 0.733 1.738 5
0504 pf 16 1.536 0.871 1.766 5
0504 pf 17 1.890 -0.660 2.002 4
0504 pf 18 0.774 0.312 0.835 5
0504 pf 19 1.397 -0.925 1.676 4
0504 pf 20 0.792 0.340 0.862 5
0504 pf 21 2.710 -1.194 2.961 4
0504 pf 22 1.009 0.382 1.078 5
0504 pf 23 1.231 0.412 1.298 5
0504 pf 24 0.592 -0.605 0.847 3
0504 pf 25 0.883 -0.374 0.959 4
0504 pf 26 1.668 0.170 1.677 5
0504 pf 27 1.497 -1.199 1.918 4
0504 pf 28 1.405 -0.482 1.486 4
0504 pf 29 1.510 -0.758 1.689 4
0504 pf 30 0.888 -0.109 0.894 4
0504 pf 31 0.615 0.061 0.618 5
0504 pf 32 1.755 0.748 1.908 5
0504 pf 33 1.011 -0.294 1.053 4
0504 pf 34 0.489 0.238 0.543 5
0504 pf 35 1.429 0.029 1.429 5
0504 pf 36 1.356 -1.983 2.402 3
0504 pf 37 1.306 -0.239 1.328 4
0504 pf 38 1.582 -0.290 1.609 4
0504 pf 39 0.802 -1.192 1.436 3
0504 pf 40 1.878 0.777 2.032 5
0504 pf 41 0.816 0.511 0.963 5
0504 pf 42 2.280 0.464 2.326 5
0504 pf 43 1.464 -0.489 1.543 4
0504 pf 44 0.840 0.382 0.922 5
0504 pf 45 1.301 -0.644 1.452 4
0504 pf 46 1.558 -0.220 1.573 4
0504 pf 47 1.837 -0.340 1.868 4
0504 pf 48 1.407 0.359 1.453 5
0504 pf 49 0.926 -0.185 0.945 4
0504 pf 50 1.504 -0.472 1.576 4
0528 em 00 1.361 0.029 1.361 5
0528 cf 00 1.413 -0.930 1.691 4
0528 pf 01 0.626 0.131 0.640 5
0528 pf 02 2.326 0.744 2.442 5
0528 pf 03 2.659 0.563 2.718 5
0528 pf 04 1.816 0.634 1.924 5
0528 pf 05 1.478 0.188 1.490 5
0528 pf 06 -0.170 -0.769 0.788 2
0528 pf 07 1.526 -1.310 2.012 4
0528 pf 08 0.887 -1.720 1.935 3
0528 pf 09 1.792 0.978 2.042 5
0528 pf 10 0.977 0.052 0.978 5
0528 pf 11 1.167 0.795 1.413 5
0528 pf 12 1.570 -0.150 1.577 4
0528 pf 13 0.386 0.912 0.990 6
0528 pf 14 2.196 -0.221 2.207 4
0528 pf 15 1.814 1.165 2.155 5
0528 pf 16 1.362 1.083 1.740 5
0528 pf 17 2.095 -0.470 2.147 4
0528 pf 18 0.945 -0.201 0.966 4
0528 pf 19 1.464 -0.795 1.666 4
0528 pf 20 0.452 0.740 0.867 6
0528 pf 21 2.961 -0.596 3.020 4
0528 pf 22 1.069 0.726 1.292 5
0528 pf 23 0.971 0.524 1.103 5
0528 pf 24 0.976 -0.544 1.117 4
0528 pf 25 0.626 -0.170 0.649 4
0528 pf 26 1.556 0.691 1.703 5
0528 pf 27 1.865 -0.929 2.084 4
0528 pf 28 1.012 -0.166 1.026 4
0528 pf 29 1.143 -0.399 1.210 4
0528 pf 30 0.930 -0.669 1.145 4
0528 pf 31 1.240 0.065 1.242 5
0528 pf 32 1.626 0.858 1.839 5
0528 pf 33 1.085 -0.181 1.100 4
0528 pf 34 0.453 0.560 0.720 6
0528 pf 35 1.608 0.164 1.616 5
0528 pf 36 1.583 -1.833 2.422 3
0528 pf 37 1.288 0.166 1.299 5
0528 pf 38 1.437 -0.407 1.494 4
0528 pf 39 0.731 -0.645 0.975 4
0528 pf 40 1.829 1.175 2.174 5
0528 pf 41 0.696 0.462 0.836 5
0528 pf 42 2.199 0.971 2.404 5
0528 pf 43 1.553 -0.053 1.554 4
0528 pf 44 0.892 0.477 1.012 5
0528 pf 45 1.302 -0.467 1.383 4
0528 pf 46 1.453 0.212 1.468 5
0528 pf 47 1.740 -0.034 1.740 4
0528 pf 48 1.617 0.742 1.779 5
0528 pf 49 1.131 0.028 1.131 5
0528 pf 50 1.532 0.003 1.532 5
0552 em 00 1.328 0.340 1.371 5
0552 cf 00 1.574 -0.618 1.691 4
0552 pf 01 0.410 0.231 0.471 5
0552 pf 02 2.331 0.547 2.394 5
0552 pf 03 2.152 1.052 2.395 5
0552 pf 04 1.922 1.024 2.178 5
0552 pf 05 1.609 0.631 1.728 5
0552 pf 06 -0.052 -0.541 0.543 2
0552 pf 07 1.357 -1.395 1.946 3
0552 pf 08 1.326 -1.651 2.117 3
0552 pf 09 1.537 1.318 2.024 5
0552 pf 10 1.074 0.007 1.074 5
0552 pf 11 0.446 1.211 1.290 6
0552 pf 12 1.420 0.406 1.477 5
0552 pf 13 0.399 1.574 1.624 6
0552 pf 14 2.329 0.067 2.330 5
0552 pf 15 1.821 1.617 2.435 5
0552 pf 16 1.536 1.438 2.104 5
0552 pf 17 2.125 -0.277 2.143 4
0552 pf 18 1.206 -0.587 1.341 4
0552 pf 19 1.305 -0.431 1.374 4
0552 pf 20 0.263 0.822 0.863 6
0552 pf 21 2.901 -0.125 2.903 4
0552 pf 22 1.181 0.942 1.510 5
0552 pf 23 0.750 0.698 1.025 5
0552 pf 24 1.166 -0.262 1.195 4
0552 pf 25 0.493 0.134 0.511 5
0552 pf 26 0.915 1.099 1.430 6
0552 pf 27 2.157 -0.586 2.235 4
0552 pf 28 0.904 0.159 0.918 5
0552 pf 29 1.041 0.465 1.140 5
0552 pf 30 0.835 -0.424 0.937 4
0552 pf 31 1.711 0.219 1.725 5
0552 pf 32 1.371 1.096 1.755 5
0552 pf 33 1.037 0.113 1.043 5
0552 pf 34 0.672 0.140 0.686 5
0552 pf 35 1.725 0.588 1.822 5
0552 pf 36 1.733 -1.039 2.021 4
0552 pf 37 1.492 0.831 1.708 5
0552 pf 38 1.293 0.103 1.297 5
0552 pf 39 0.675 -0.029 0.676 4
0552 pf 40 1.591 1.755 2.369 6
0552 pf 41 0.318 0.913 0.967 6
0552 pf 42 2.338 1.013 2.549 5
0552 pf 43 1.812 0.357 1.847 5
0552 pf 44 0.923 0.588 1.094 5
0552 pf 45 0.999 -0.095 1.004 4
0552 pf 46 1.581 0.667 1.715 5
0552 pf 47 1.244 0.338 1.289 5
0552 pf 48 1.442 0.771 1.635 5
0552 pf 49 1.254 0.217 1.272 5
0552 pf 50 1.509 0.825 1.720 5
0576 em 00 1.279 0.683 1.450 5
0576 cf 00 1.837 -0.111 1.841 4
0576 pf 01 0.343 0.180 0.387 5
0576 pf 02 2.103 1.142 2.393 5
0576 pf 03 1.927 1.215 2.278 5
0576 pf 04 1.962 1.857 2.702 5
0576 pf 05 1.775 1.325 2.215 5
0576 pf 06 0.113 -0.615 0.625 3
0576 pf 07 1.967 -0.913 2.169 4
0576 pf 08 1.885 -1.281 2.279 4
0576 pf 09 1.125 1.591 1.949 6
0576 pf 10 1.253 0.028 1.253 5
0576 pf 11 0.429 1.771 1.822 6
0576 pf 12 1.273 0.885 1.550 5
0576 pf 13 0.220 1.868 1.881 6
0576 pf 14 2.358 0.431 2.397 5
0576 pf 15 1.575 1.698 2.316 6
0576 pf 16 1.112 1.935 2.232 6
0576 pf 17 2.079 -0.133 2.083 4
0576 pf 18 1.021 -0.931 1.382 4
0576 pf 19 1.490 0.236 1.509 5
0576 pf 20 0.429 1.213 1.286 6
0576 pf 21 2.491 0.366 2.517 5
0576 pf 22 1.591 1.232 2.012 5
0576 pf 23 0.478 0.840 0.966 6
0576 pf 24 1.591 0.211 1.604 5
0576 pf 25 0.409 0.174 0.444 5
0576 pf 26 0.184 1.801 1.810 6
0576 pf 27 2.127 -0.110 2.130 4
0576 pf 28 0.743 0.580 0.942 5
0576 pf 29 1.146 0.745 1.367 5
0576 pf 30 0.884 -0.069 0.887 4
0576 pf 31 1.947 0.547 2.022 5
0576 pf 32 1.209 1.408 1.856 6
0576 pf 33 1.162 0.095 1.166 5
0576 pf 34 0.829 0.399 0.920 5
0576 pf 35 1.612 0.830 1.813 5
0576 pf 36 1.936 -0.226 1.950 4
0576 pf 37 1.276 1.046 1.650 5
0576 pf 38 1.257 0.386 1.315 5
0576 pf 39 0.351 0.534 0.640 6
0576 pf 40 1.336 2.372 2.722 6
0576 pf 41 0.450 1.076 1.166 6
0576 pf 42 1.551 1.420 2.103 5
0576 pf 43 1.935 1.182 2.267 5
0576 pf 44 1.087 0.512 1.201 5
0576 pf 45 0.812 0.300 0.865 5
0576 pf 46 1.129 0.769 1.366 5
0576 pf 47 0.617 0.404 0.738 5
0576 pf 48 1.576 1.068 1.904 5
0576 pf 49 1.283 0.425 1.352 5
0576 pf 50 1.403 1.514 2.064 6
0600 em 00 1.221 0.997 1.576 5
0600 cf 00 1.907 0.005 1.907 5
0600 pf 01 0.362 0.357 0.509 5
0600 pf 02 2.233 1.328 2.598 5
0600 pf 03 1.745 1.380 2.225 5
0600 pf 04 1.585 1.852 2.437 6
0600 pf 05 1.797 2.003 2.691 6
0600 pf 06 0.491 -0.737 0.886 3
0600 pf 07 1.817 -0.612 1.917 4
0600 pf 08 2.088 -0.971 2.303 4
0600 pf 09 0.862 1.715 1.919 6
0600 pf 10 1.434 -0.023 1.435 4
0600 pf 11 0.449 2.376 2.418 6
0600 pf 12 1.221 1.439 1.887 6
0600 pf 13 0.256 2.111 2.127 6
0600 pf 14 2.541 0.721 2.642 5
0600 pf 15 1.493 2.138 2.608 6
0600 pf 16 1.141 2.435 2.689 6
0600 pf 17 1.644 0.180 1.654 5
0600 pf 18 0.762 -0.969 1.233 3
0600 pf 19 1.452 0.602 1.571 5
0600 pf 20 0.547 1.193 1.313 6
0600 pf 21 2.292 0.843 2.442 5
0600 pf 22 1.684 1.370 2.171 5
0600 pf 23 0.353 1.027 1.086 6
0600 pf 24 1.730 1.023 2.009 5
0600 pf 25 0.651 0.637 0.911 5
0600 pf 26 -0.294 2.072 2.092 7
0600 pf 27 2.025 -0.100 2.027 4
0600 pf 28 0.778 1.032 1.292 6
0600 pf 29 1.088 1.192 1.614 6
0600 pf 30 0.863 0.366 0.938 5
0600 pf 31 2.053 0.759 2.189 5
0600 pf 32 0.831 1.542 1.752 6
0600 pf 33 1.275 0.417 1.341 5
0600 pf 34 0.987 0.432 1.077 5
0600 pf 35 1.486 1.182 1.899 5
0600 pf 36 1.989 0.257 2.005 5
0600 pf 37 0.600 1.757 1.857 6
0600 pf 38 1.365 0.773 1.569 5
0600 pf 39 0.039 0.522 0.523 6
0600 pf 40 0.885 2.727 2.867 6
0600 pf 41 0.615 1.073 1.236 6
0600 pf 42 1.158 2.055 2.359 6
0600 pf 43 1.828 1.788 2.557 5
0600 pf 44 1.265 0.736 1.464 5
0600 pf 45 1.003 0.527 1.133 5
0600 pf 46 0.829 1.559 1.766 6
0600 pf 47 0.773 0.442 0.891 5
0600 pf 48 1.424 1.509 2.074 6
0600 pf 49 1.000 0.881 1.332 5
0600 pf 50 1.301 2.096 2.467 6
0624 em 00 1.061 1.325 1.697 6
0624 cf 00 1.711 0.308 1.739 5
0624 pf 01 0.337 0.329 0.471 5
0624 pf 02 1.677 1.227 2.078 5
0624 pf 03 1.524 2.169 2.652 6
0624 pf 04 0.961 2.211 2.411 6
0624 pf 05 1.696 2.395 2.935 6
0624 pf 06 0.998 -0.917 1.355 4
0624 pf 07 1.591 -0.220 1.606 4
0624 pf 08 2.026 -0.532 2.095 4
0624 pf 09 0.041 1.909 1.910 6
0624 pf 10 1.349 0.158 1.358 5
0624 pf 11 0.288 2.845 2.860 6
0624 pf 12 1.107 1.995 2.281 6
0624 pf 13 0.123 2.290 2.293 6
0624 pf 14 2.181 0.965 2.385 5
0624 pf 15 1.172 2.595 2.847 6
0624 pf 16 1.016 2.400 2.606 6
0624 pf 17 1.268 0.741 1.469 5
0624 pf 18 0.623 -0.456 0.772 4
0624 pf 19 1.352 1.047 1.710 5
0624 pf 20 0.660 1.035 1.228 6
0624 pf 21 1.986 1.891 2.743 5
0624 pf 22 1.752 1.812 2.521 6
0624 pf 23 0.549 1.174 1.296 6
0624 pf 24 1.604 1.673 2.318 6
0624 pf 25 0.337 1.002 1.057 6
0624 pf 26 -0.711 2.207 2.319 7
0624 pf 27 2.253 0.191 2.261 5
0624 pf 28 0.876 1.354 1.613 6
0624 pf 29 0.740 1.400 1.584 6
0624 pf 30 0.837 1.032 1.328 6
0624 pf 31 2.196 0.769 2.327 5
0624 pf 32 0.696 1.640 1.782 6
0624 pf 33 1.337 0.700 1.509 5
0624 pf 34 0.881 0.825 1.207 5
0624 pf 35 1.043 1.755 2.042 6
0624 pf 36 2.056 0.770 2.196 5
0624 pf 37 0.066 2.264 2.264 6
0624 pf 38 1.330 0.986 1.656 5
0624 pf 39 0.343 0.804 0.874 6
0624 pf 40 0.270 3.174 3.185 6
0624 pf 41 0.764 1.152 1.383 6
0624 pf 42 0.592 2.304 2.379 6
0624 pf 43 1.645 2.293 2.822 6
0624 pf 44 1.290 0.862 1.552 5
0624 pf 45 1.193 0.761 1.415 5
0624 pf 46 0.511 1.925 1.992 6
0624 pf 47 0.417 0.631 0.756 6
0624 pf 48 1.324 1.830 2.258 6
0624 pf 49 0.554 1.020 1.161 6
0624 pf 50 1.092 2.824 3.028 6
0648 em 00 0.837 1.579 1.787 6
0648 cf 00 1.529 1.221 1.957 5
0648 pf 01 0.667 0.404 0.780 5
0648 pf 02 0.989 1.232 1.580 6
0648 pf 03 1.218 2.850 3.100 6
0648 pf 04 0.560 2.485 2.548 6
0648 pf 05 1.525 2.431 2.869 6
0648 pf 06 1.268 -0.884 1.545 4
0648 pf 07 1.095 0.246 1.122 5
0648 pf 08 1.625 -0.115 1.629 4
0648 pf 09 -0.425 1.995 2.040 7
0648 pf 10 1.227 0.131 1.233 5
0648 pf 11 0.071 3.211 3.212 6
0648 pf 12 0.706 2.329 2.434 6
0648 pf 13 0.034 2.556 2.556 6
0648 pf 14 1.584 1.277 2.035 5
0648 pf 15 0.292 2.885 2.899 6
0648 pf 16 0.735 2.369 2.481 6
0648 pf 17 0.959 1.248 1.574 6
0648 pf 18 0.487 -0.041 0.489 4
0648 pf 19 0.967 1.599 1.868 6
0648 pf 20 0.514 1.174 1.282 6
0648 pf 21 1.362 2.716 3.038 6
0648 pf 22 1.430 2.211 2.633 6
0648 pf 23 0.586 1.331 1.454 6
0648 pf 24 0.846 1.840 2.025 6
0648 pf 25 -0.038 1.073 1.074 7
0648 pf 26 -1.267 1.824 2.221 7
0648 pf 27 2.308 0.247 2.321 5
0648 pf 28 1.001 1.721 1.991 6
0648 pf 29 0.949 2.035 2.245 6
0648 pf 30 0.723 1.394 1.570 6
0648 pf 31 2.152 1.031 2.386 5
0648 pf 32 0.218 1.511 1.527 6
0648 pf 33 0.944 0.689 1.169 5
0648 pf 34 0.649 1.047 1.232 6
0648 pf 35 0.729 2.249 2.364 6
0648 pf 36 1.745 1.199 2.117 5
0648 pf 37 0.050 3.031 3.032 6
0648 pf 38 1.585 0.946 1.846 5
0648 pf 39 0.831 0.592 1.021 5
0648 pf 40 -0.367 3.312 3.332 7
0648 pf 41 0.597 1.227 1.365 6
0648 pf 42 0.041 2.210 2.211 6
0648 pf 43 1.644 2.372 2.886 6
0648 pf 44 1.577 0.981 1.857 5
0648 pf 45 1.218 1.056 1.612 5
0648 pf 46 0.016 2.244 2.244 6
0648 pf 47 0.495 1.011 1.126 6
0648 pf 48 1.128 2.452 2.699 6
0648 pf 49 0.448 1.301 1.376 6
0648 pf 50 0.855 2.949 3.070 6
0672 em 00 0.618 1.779 1.883 6
0672 cf 00 1.478 1.735 2.279 6
0672 pf 01 0.863 0.298 0.913 5
0672 pf 02 0.675 1.297 1.462 6
0672 pf 03 0.568 3.049 3.102 6
0672 pf 04 0.361 2.339 2.367 6
0672 pf 05 1.250 2.752 3.023 6
0672 pf 06 1.369 -0.687 1.532 4
0672 pf 07 0.727 0.436 0.848 5
0672 pf 08 1.580 0.422 1.636 5
0672 pf 09 -0.851 1.806 1.997 7
0672 pf 10 1.162 0.501 1.265 5
0672 pf 11 -0.258 3.367 3.377 7
0672 pf 12 0.400 2.193 2.229 6
0672 pf 13 0.050 2.342 2.342 6
0672 pf 14 1.299 1.911 2.311 6
0672 pf 15 -0.296 3.039 3.054 7
0672 pf 16 0.469 2.359 2.405 6
0672 pf 17 0.980 1.496 1.789 6
0672 pf 18 0.212 0.263 0.338 6
0672 pf 19 0.621 2.240 2.325 6
0672 pf 20 0.333 1.371 1.410 6
0672 pf 21 0.784 3.067 3.165 6
0672 pf 22 1.428 2.271 2.683 6
0672 pf 23 0.223 1.417 1.434 6
0672 pf 24 0.340 2.084 2.112 6
0672 pf 25 -0.199 1.236 1.252 7
0672 pf 26 -1.342 1.460 1.983 7
0672 pf 27 1.867 0.566 1.951 5
0672 pf 28 0.637 1.795 1.905 6
0672 pf 29 0.927 2.414 2.586 6
0672 pf 30 0.800 1.505 1.704 6
0672 pf 31 2.328 1.487 2.762 5
0672 pf 32 0.108 1.261 1.265 6
0672 pf 33 0.646 0.519 0.828 5
0672 pf 34 0.417 1.380 1.441 6
0672 pf 35 0.647 2.808 2.881 6
0672 pf 36 1.532 1.659 2.258 6
0672 pf 37 0.046 3.156 3.156 6
0672 pf 38 1.811 1.289 2.223 5
0672 pf 39 0.637 0.551 0.842 5
0672 pf 40 -1.204 3.563 3.761 7
0672 pf 41 0.612 1.651 1.761 6
0672 pf 42 -0.244 2.336 2.349 7
0672 pf 43 1.198 2.757 3.006 6
0672 pf 44 1.390 1.664 2.168 6
0672 pf 45 1.077 1.260 1.658 6
0672 pf 46 -0.645 2.509 2.591 7
0672 pf 47 0.729 1.062 1.288 6
0672 pf 48 0.736 2.735 2.832 6
0672 pf 49 0.245 1.520 1.540 6
0672 pf 50 0.440 2.992 3.024 6
0696 em 00 0.378 1.967 2.003 6
0696 cf 00 1.303 2.191 2.549 6
0696 pf 01 1.235 0.595 1.371 5
0696 pf 02 0.352 1.318 1.364 6
0696 pf 03 0.195 3.012 3.019 6
0696 pf 04 0.240 2.302 2.315 6
0696 pf 05 0.860 2.917 3.041 6
0696 pf 06 1.666 -0.362 1.705 4
0696 pf 07 0.615 0.770 0.986 6
0696 pf 08 1.281 1.066 1.666 5
0696 pf 09 -1.417 1.353 1.959 8
0696 pf 10 1.394 1.299 1.905 5
0696 pf 11 -0.746 3.325 3.408 7
0696 pf 12 0.170 2.660 2.666 6
0696 pf 13 -0.098 2.220 2.222 7
0696 pf 14 1.092 2.297 2.544 6
0696 pf 15 -0.862 3.308 3.419 7
0696 pf 16 0.089 2.613 2.614 6
0696 pf 17 0.774 1.655 1.827 6
0696 pf 18 0.589 0.287 0.655 5
0696 pf 19 0.259 2.921 2.932 6
0696 pf 20 0.498 1.787 1.855 6
0696 pf 21 0.275 3.410 3.421 6
0696 pf 22 1.049 2.344 2.568 6
0696 pf 23 -0.037 1.481 1.482 7
0696 pf 24 0.038 2.602 2.603 6
0696 pf 25 -0.419 1.530 1.586 7
0696 pf 26 -1.349 1.121 1.754 8
0696 pf 27 1.807 0.739 1.952 5
0696 pf 28 0.356 1.767 1.803 6
0696 pf 29 0.536 2.639 2.693 6
0696 pf 30 0.269 1.509 1.532 6
0696 pf 31 2.222 1.848 2.890 5
0696 pf 32 -0.028 1.104 1.105 7
0696 pf 33 0.499 0.565 0.754 6
0696 pf 34 0.200 1.802 1.813 6
0696 pf 35 -0.047 3.432 3.433 7
0696 pf 36 1.453 1.871 2.369 6
0696 pf 37 -0.487 2.988 3.027 7
0696 pf 38 1.521 1.418 2.079 5
0696 pf 39 0.581 0.649 0.871 6
0696 pf 40 -1.682 3.762 4.121 7
0696 pf 41 0.604 1.797 1.896 6
0696 pf 42 -0.499 2.225 2.280 7
0696 pf 43 0.752 3.058 3.149 6
0696 pf 44 0.904 2.162 2.344 6
0696 pf 45 1.095 1.790 2.098 6
0696 pf 46 -1.231 2.319 2.626 7
0696 pf 47 0.510 1.133 1.242 6
0696 pf 48 0.553 2.708 2.764 6
0696 pf 49 0.312 1.576 1.607 6
0696 pf 50 -0.309 3.096 3.111 7
0720 em 00 0.095 2.064 2.066 6
0720 cf 00 0.767 2.417 2.536 6
0720 pf 01 1.347 1.016 1.687 5
0720 pf 02 0.025 1.379 1.379 6
0720 pf 03 -0.155 3.095 3.099 7
0720 pf 04 -0.048 2.090 2.091 7
0720 pf 05 -0.013 2.957 2.957 7
0720 pf 06 1.769 0.233 1.784 5
0720 pf 07 0.466 0.672 0.818 6
0720 pf 08 1.052 1.298 1.671 6
0720 pf 09 -2.006 1.198 2.336 8
0720 pf 10 1.186 1.996 2.321 6
0720 pf 11 -1.185 2.645 2.898 7
0720 pf 12 -0.165 2.890 2.894 7
0720 pf 13 -0.281 2.221 2.238 7
0720 pf 14 0.682 2.559 2.649 6
0720 pf 15 -1.129 2.875 3.088 7
0720 pf 16 -0.314 2.823 2.840 7
0720 pf 17 0.628 1.902 2.003 6
0720 pf 18 0.500 0.587 0.771 6
0720 pf 19 -0.230 2.902 2.911 7
0720 pf 20 0.623 1.825 1.929 6
0720 pf 21 -0.463 3.452 3.483 7
0720 pf 22 0.415 2.550 2.584 6
0720 pf 23 -0.149 1.840 1.846 7
0720 pf 24 -0.078 2.655 2.657 7
0720 pf 25 -0.333 1.469 1.506 7
0720 pf 26 -1.580 0.928 1.832 8
0720 pf 27 1.499 1.427 2.069 5
0720 pf 28 0.100 2.048 2.051 6
0720 pf 29 0.127 2.899 2.902 6
0720 pf 30 0.033 1.760 1.760 6
0720 pf 31 1.663 1.968 2.577 6
0720 pf 32 0.015 1.005 1.005 6
0720 pf 33 0.476 0.571 0.743 6
0720 pf 34 -0.115 1.718 1.722 7
0720 pf 35 -0.546 3.680 3.720 7
0720 pf 36 1.524 1.975 2.494 6
0720 pf 37 -0.913 2.653 2.806 7
0720 pf 38 1.465 1.855 2.364 6
0720 pf 39 0.293 0.909 0.955 6
0720 pf 40 -1.761 3.819 4.205 7
0720 pf 41 0.351 2.219 2.246 6
0720 pf 42 -0.521 2.196 2.257 7
0720 pf 43 0.211 3.187 3.194 6
0720 pf 44 0.842 2.597 2.730 6
0720 pf 45 0.959 1.757 2.002 6
0720 pf 46 -2.077 1.753 2.718 8
0720 pf 47 -0.122 1.125 1.132 7
0720 pf 48 0.307 2.684 2.701 6
0720 pf 49 0.270 1.569 1.592 6
0720 pf 50 -0.886 2.914 3.046 7
0744 em 00 -0.186 2.122 2.130 7
0744 cf 00 0.303 2.469 2.488 6
0744 pf 01 1.267 1.626 2.061 6
0744 pf 02 -0.339 1.686 1.719 7
0744 pf 03 -0.311 2.916 2.933 7
0744 pf 04 -0.390 1.944 1.983 7
0744 pf 05 -0.417 3.016 3.044 7
0744 pf 06 1.860 0.830 2.036 5
0744 pf 07 -0.020 0.786 0.786 7
0744 pf 08 0.920 1.329 1.616 6
0744 pf 09 -2.302 1.286 2.637 8
0744 pf 10 1.321 2.614 2.929 6
0744 pf 11 -1.471 2.420 2.832 7
0744 pf 12 -0.877 2.969 3.096 7
0744 pf 13 -0.702 2.067 2.183 7
0744 pf 14 0.116 2.684 2.687 6
0744 pf 15 -1.341 2.401 2.750 7
0744 pf 16 -0.876 2.746 2.882 7
0744 pf 17 0.570 1.958 2.039 6
0744 pf 18 0.226 0.765 0.798 6
0744 pf 19 -0.390 2.990 3.015 7
0744 pf 20 0.319 2.009 2.034 6
0744 pf 21 -0.882 3.617 3.723 7
0744 pf 22 -0.137 2.951 2.954 7
0744 pf 23 -0.516 2.242 2.301 7
0744 pf 24 -0.378 2.412 2.442 7
0744 pf 25 -0.596 1.311 1.440 7
0744 pf 26 -1.477 0.693 1.632 8
0744 pf 27 1.232 1.404 1.868 6
0744 pf 28 -0.412 2.179 2.218 7
0744 pf 29 -0.199 2.672 2.680 7
0744 pf 30 -0.070 1.983 1.984 7
0744 pf 31 1.169 2.225 2.513 6
0744 pf 32 -0.010 1.772 1.772 7
0744 pf 33 0.448 0.728 0.855 6
0744 pf 34 -0.273 1.772 1.793 7
0744 pf 35 -0.732 3.542 3.617 7
0744 pf 36 1.375 1.742 2.219 6
0744 pf 37 -0.908 2.418 2.583 7
0744 pf 38 1.466 2.185 2.631 6
0744 pf 39 -0.053 0.886 0.887 7
0744 pf 40 -2.030 3.485 4.033 7
0744 pf 41 -0.037 2.289 2.289 7
0744 pf 42 -0.571 1.960 2.041 7
0744 pf 43 -0.651 2.556 2.637 7
0744 pf 44 0.481 3.060 3.097 6
0744 pf 45 0.642 1.906 2.011 6
0744 pf 46 -2.733 1.271 3.014 8
0744 pf 47 -0.530 1.599 1.685 7
0744 pf 48 -0.207 2.852 2.860 7
0744 pf 49 0.354 1.513 1.554 6
0744 pf 50 -1.122 2.796 3.013 7
0768 em 00 -0.373 2.132 2.164 7
0768 cf 00 0.130 2.581 2.585 6
0768 pf 01 0.895 1.971 2.165 6
0768 pf 02 -0.597 1.724 1.824 7
0768 pf 03 -0.598 2.872 2.934 7
0768 pf 04 -0.297 1.547 1.575 7
0768 pf 05 -0.744 2.895 2.989 7
0768 pf 06 1.520 1.483 2.123 5
0768 pf 07 0.093 0.705 0.711 6
0768 pf 08 0.768 1.459 1.649 6
0768 pf 09 -2.101 1.292 2.466 8
0768 pf 10 1.156 2.806 3.034 6
0768 pf 11 -1.624 2.119 2.670 7
0768 pf 12 -1.007 2.561 2.751 7
0768 pf 13 -0.647 1.909 2.016 7
0768 pf 14 -0.517 2.556 2.608 7
0768 pf 15 -1.503 1.997 2.500 7
0768 pf 16 -1.042 2.581 2.783 7
0768 pf 17 0.715 1.949 2.077 6
0768 pf 18 0.095 0.882 0.887 6
0768 pf 19 -0.351 2.961 2.981 7
0768 pf 20 -0.387 1.873 1.912 7
0768 pf 21 -1.039 3.791 3.931 7
0768 pf 22 -0.461 3.279 3.311 7
0768 pf 23 -1.166 2.510 2.768 7
0768 pf 24 -0.622 2.499 2.575 7
0768 pf 25 -0.541 1.179 1.297 7
0768 pf 26 -1.496 0.595 1.610 8
0768 pf 27 1.073 1.951 2.226 6
0768 pf 28 -0.740 2.239 2.359 7
0768 pf 29 -0.712 2.910 2.996 7
0768 pf 30 0.118 2.121 2.125 6
0768 pf 31 0.705 2.477 2.575 6
0768 pf 32 0.024 1.898 1.899 6
0768 pf 33 0.559 0.893 1.054 6
0768 pf 34 -0.402 1.598 1.648 7
0768 pf 35 -0.568 3.431 3.478 7
0768 pf 36 1.172 1.671 2.041 6
0768 pf 37 -0.824 2.230 2.377 7
0768 pf 38 1.277 2.137 2.489 6
0768 pf 39 -0.551 0.777 0.952 7
0768 pf 40 -2.196 3.186 3.870 7
0768 pf 41 -0.432 2.225 2.267 7
0768 pf 42 -0.791 1.889 2.048 7
0768 pf 43 -1.422 2.616 2.978 7
0768 pf 44 0.109 3.426 3.428 6
0768 pf 45 0.302 1.710 1.736 6
0768 pf 46 -2.647 1.181 2.898 8
0768 pf 47 -0.506 1.664 1.739 7
0768 pf 48 -0.623 2.771 2.841 7
0768 pf 49 0.513 1.729 1.803 6
0768 pf 50 -1.405 2.481 2.851 7
0792 em 00 -0.539 2.100 2.168 7
0792 cf 00 0.119 2.880 2.883 6
0792 pf 01 0.632 2.050 2.145 6
0792 pf 02 -0.872 1.560 1.787 7
0792 pf 03 -0.704 2.868 2.953 7
0792 pf 04 -0.443 1.490 1.555 7
0792 pf 05 -1.042 2.898 3.080 7
0792 pf 06 1.304 1.238 1.798 5
0792 pf 07 0.064 0.851 0.853 6
0792 pf 08 0.725 1.489 1.656 6
0792 pf 09 -1.569 1.268 2.017 8
0792 pf 10 1.001 2.928 3.094 6
0792 pf 11 -1.668 1.918 2.542 7
0792 pf 12 -1.185 2.883 3.117 7
0792 pf 13 -0.609 1.836 1.934 7
0792 pf 14 -1.036 2.620 2.817 7
0792 pf 15 -1.527 1.664 2.259 7
0792 pf 16 -1.163 2.299 2.576 7
0792 pf 17 0.702 2.049 2.166 6
0792 pf 18 -0.105 0.785 0.792 7
0792 pf 19 -0.364 2.725 2.749 7
0792 pf 20 -1.126 1.738 2.071 7
0792 pf 21 -1.044 3.750 3.893 7
0792 pf 22 -0.966 3.134 3.279 7
0792 pf 23 -1.561 2.612 3.043 7
0792 pf 24 -0.813 2.575 2.700 7
0792 pf 25 -0.336 1.306 1.349 7
0792 pf 26 -1.187 0.612 1.335 8
0792 pf 27 1.065 2.096 2.351 6
0792 pf 28 -0.852 2.041 2.212 7
0792 pf 29 -1.079 3.102 3.285 7
0792 pf 30 -0.009 2.171 2.172 7
0792 pf 31 0.000 2.166 2.166 6
0792 pf 32 -0.085 2.134 2.136 7
0792 pf 33 0.323 1.171 1.215 6
0792 pf 34 -0.778 1.546 1.731 7
0792 pf 35 -0.719 3.038 3.122 7
0792 pf 36 1.014 1.917 2.169 6
0792 pf 37 -0.510 2.124 2.184 7
0792 pf 38 0.958 2.268 2.462 6
0792 pf 39 -0.552 0.515 0.755 8
0792 pf 40 -2.454 2.789 3.715 7
0792 pf 41 -0.590 2.326 2.400 7
0792 pf 42 -1.347 1.927 2.351 7
0792 pf 43 -1.955 2.363 3.067 7
0792 pf 44 -0.315 3.619 3.632 7
0792 pf 45 0.250 1.989 2.004 6
0792 pf 46 -2.680 0.744 2.781 8
0792 pf 47 -0.276 1.422 1.449 7
0792 pf 48 -1.230 2.710 2.976 7
0792 pf 49 0.358 1.542 1.583 6
0792 pf 50 -1.816 2.198 2.851 7
0816 em 00 -0.644 2.005 2.106 7
0816 cf 00 -0.022 3.000 3.000 7
0816 pf 01 0.451 2.627 2.665 6
0816 pf 02 -0.786 1.719 1.890 7
0816 pf 03 -0.956 2.739 2.901 7
0816 pf 04 -0.439 1.459 1.523 7
0816 pf 05 -1.148 2.456 2.711 7
0816 pf 06 1.114 1.286 1.701 6
0816 pf 07 -0.055 0.851 0.853 7
0816 pf 08 0.393 1.718 1.763 6
0816 pf 09 -1.437 0.900 1.696 8
0816 pf 10 0.615 2.848 2.914 6
0816 pf 11 -1.526 1.679 2.268 7
0816 pf 12 -1.119 2.879 3.089 7
0816 pf 13 -0.260 1.957 1.974 7
0816 pf 14 -1.354 2.272 2.645 7
0816 pf 15 -1.466 1.519 2.111 7
0816 pf 16 -0.966 1.856 2.093 7
0816 pf 17 0.678 2.052 2.161 6
0816 pf 18 -0.302 0.770 0.827 7
0816 pf 19 -0.942 2.410 2.587 7
0816 pf 20 -1.465 1.471 2.076 7
0816 pf 21 -0.948 3.060 3.203 7
0816 pf 22 -1.266 3.211 3.451 7
0816 pf 23 -1.426 2.805 3.147 7
0816 pf 24 -0.882 2.599 2.745 7
0816 pf 25 -0.194 1.174 1.189 7
0816 pf 26 -0.833 0.820 1.169 8
0816 pf 27 1.428 2.218 2.638 6
0816 pf 28 -0.596 1.926 2.016 7
0816 pf 29 -1.651 3.048 3.466 7
0816 pf 30 -0.468 2.049 2.101 7
0816 pf 31 -0.648 2.288 2.378 7
0816 pf 32 -0.270 2.015 2.033 7
0816 pf 33 0.221 1.416 1.433 6
0816 pf 34 -1.220 1.040 1.603 8
0816 pf 35 -1.038 2.938 3.116 7
0816 pf 36 1.164 1.983 2.299 6
0816 pf 37 -0.511 1.912 1.979 7
0816 pf 38 0.586 2.250 2.325 6
0816 pf 39 -0.674 0.566 0.880 8
0816 pf 40 -2.270 2.496 3.374 7
0816 pf 41 -0.944 2.018 2.228 7
0816 pf 42 -1.648 1.518 2.241 8
0816 pf 43 -1.918 1.885 2.690 8
0816 pf 44 -0.719 3.876 3.942 7
0816 pf 45 0.155 2.327 2.332 6
0816 pf 46 -2.420 0.026 2.420 8
0816 pf 47 -0.298 1.193 1.230 7
0816 pf 48 -1.625 2.676 3.130 7
0816 pf 49 0.460 1.224 1.307 6
0816 pf 50 -2.003 2.030 2.852 7
0840 em 00 -0.797 1.923 2.081 7
0840 cf 00 -0.327 3.133 3.150 7
0840 pf 01 0.427 2.874 2.906 6
0840 pf 02 -0.863 1.658 1.869 7
0840 pf 03 -1.188 2.749 2.995 7
0840 pf 04 -0.429 1.304 1.373 7
0840 pf 05 -1.134 2.566 2.805 7
0840 pf 06 0.767 0.939 1.213 6
0840 pf 07 0.260 0.740 0.784 6
0840 pf 08 0.167 1.939 1.946 6
0840 pf 09 -1.928 0.671 2.042 8
0840 pf 10 -0.070 3.110 3.110 7
0840 pf 11 -1.323 1.022 1.671 8
0840 pf 12 -0.952 2.981 3.129 7
0840 pf 13 -0.471 1.937 1.994 7
0840 pf 14 -1.815 2.154 2.817 7
0840 pf 15 -0.947 1.418 1.705 7
0840 pf 16 -1.198 1.820 2.179 7
0840 pf 17 0.173 2.239 2.246 6
0840 pf 18 -0.625 0.736 0.965 7
0840 pf 19 -0.879 2.466 2.618 7
0840 pf 20 -1.891 1.042 2.160 8
0840 pf 21 -1.051 2.669 2.869 7
0840 pf 22 -1.793 3.039 3.529 7
0840 pf 23 -1.490 2.452 2.869 7
0840 pf 24 -0.955 2.883 3.037 7
0840 pf 25 0.285 1.095 1.131 6
0840 pf 26 -0.423 1.138 1.214 7
0840 pf 27 1.290 2.330 2.663 6
0840 pf 28 -0.615 1.631 1.743 7
0840 pf 29 -1.714 3.058 3.505 7
0840 pf 30 -1.421 1.912 2.382 7
0840 pf 31 -1.024 1.963 2.214 7
0840 pf 32 -0.856 1.819 2.010 7
0840 pf 33 0.163 1.763 1.771 6
0840 pf 34 -1.460 1.022 1.782 8
0840 pf 35 -1.600 2.721 3.156 7
0840 pf 36 0.739 2.471 2.579 6
0840 pf 37 -0.211 1.691 1.704 7
0840 pf 38 0.473 2.096 2.149 6
0840 pf 39 -0.866 0.528 1.015 8
0840 pf 40 -2.426 2.468 3.461 7
0840 pf 41 -1.127 2.035 2.326 7
0840 pf 42 -1.995 1.360 2.414 8
0840 pf 43 -1.713 1.415 2.222 8
0840 pf 44 -1.088 3.656 3.815 7
0840 pf 45 -0.400 2.235 2.271 7
0840 pf 46 -2.363 -0.387 2.395 1
0840 pf 47 -0.492 0.900 1.025 7
0840 pf 48 -1.540 2.530 2.961 7
0840 pf 49 0.578 1.206 1.338 6
0840 pf 50 -1.850 1.571 2.428 8
0864 em 00 -0.924 1.785 2.010 7
0864 cf 00 -0.975 3.012 3.166 7
0864 pf 01 0.287 2.418 2.435 6
0864 pf 02 -0.997 1.614 1.897 7
0864 pf 03 -1.446 2.640 3.010 7
0864 pf 04 -0.717 0.879 1.134 7
0864 pf 05 -1.157 2.361 2.629 7
0864 pf 06 0.531 0.823 0.979 6
0864 pf 07 0.312 0.724 0.788 6
0864 pf 08 -0.553 1.661 1.750 7
0864 pf 09 -1.900 0.149 1.906 8
0864 pf 10 -0.508 2.914 2.958 7
0864 pf 11 -1.281 0.800 1.510 8
0864 pf 12 -1.038 2.801 2.987 7
0864 pf 13 -0.648 1.816 1.928 7
0864 pf 14 -1.959 1.993 2.795 7
0864 pf 15 -0.801 1.402 1.615 7
0864 pf 16 -1.198 1.989 2.322 7
0864 pf 17 -0.190 2.288 2.295 7
0864 pf 18 -0.940 1.026 1.392 7
0864 pf 19 -1.105 2.430 2.669 7
0864 pf 20 -1.707 0.998 1.978 8
0864 pf 21 -0.799 2.374 2.505 7
0864 pf 22 -2.003 2.699 3.361 7
0864 pf 23 -1.441 1.958 2.431 7
0864 pf 24 -0.957 2.795 2.954 7
0864 pf 25 0.401 1.531 1.582 6
0864 pf 26 -0.125 1.092 1.099 7
0864 pf 27 0.814 2.153 2.302 6
0864 pf 28 -0.927 1.332 1.622 7
0864 pf 29 -1.702 2.774 3.255 7
0864 pf 30 -1.872 1.386 2.329 8
0864 pf 31 -1.210 1.816 2.182 7
0864 pf 32 -1.269 1.227 1.765 8
0864 pf 33 0.223 2.024 2.036 6
0864 pf 34 -1.297 1.028 1.655 8
0864 pf 35 -1.864 2.480 3.103 7
0864 pf 36 0.418 2.583 2.616 6
0864 pf 37 -0.799 1.177 1.422 7
0864 pf 38 0.088 2.036 2.038 6
0864 pf 39 -0.748 0.620 0.971 8
0864 pf 40 -2.244 1.972 2.987 8
0864 pf 41 -1.300 2.383 2.715 7
0864 pf 42 -2.070 1.261 2.424 8
0864 pf 43 -1.430 1.298 1.931 8
0864 pf 44 -1.264 3.728 3.937 7
0864 pf 45 -0.792 2.131 2.273 7
0864 pf 46 -1.986 -0.706 2.108 1
0864 pf 47 -0.215 1.097 1.118 7
0864 pf 48 -1.448 2.190 2.626 7
0864 pf 49 0.366 1.330 1.380 6
0864 pf 50 -2.088 1.225 2.421 8
0888 em 00 -1.035 1.716 2.004 7
0888 cf 00 -1.333 2.896 3.188 7
0888 pf 01 -0.218 2.280 2.291 7
0888 pf 02 -0.920 1.674 1.911 7
0888 pf 03 -1.543 2.628 3.047 7
0888 pf 04 -0.804 1.307 1.534 7
0888 pf 05 -1.364 2.119 2.520 7
0888 pf 06 0.634 0.651 0.909 6
0888 pf 07 0.266 0.269 0.378 6
0888 pf 08 -1.111 1.332 1.734 7
0888 pf 09 -1.462 -0.266 1.486 1
0888 pf 10 -0.670 2.900 2.976 7
0888 pf 11 -1.358 0.459 1.433 8
0888 pf 12 -1.235 2.410 2.708 7
0888 pf 13 -0.464 1.688 1.751 7
0888 pf 14 -1.382 1.579 2.098 7
0888 pf 15 -0.909 1.244 1.541 7
0888 pf 16 -1.174 2.398 2.670 7
0888 pf 17 -0.145 2.366 2.370 7
0888 pf 18 -0.858 1.152 1.436 7
0888 pf 19 -1.259 1.880 2.263 7
0888 pf 20 -1.628 0.975 1.898 8
0888 pf 21 -0.823 2.406 2.542 7
0888 pf 22 -2.345 2.468 3.405 7
0888 pf 23 -1.341 1.641 2.120 7
0888 pf 24 -1.394 2.853 3.175 7
0888 pf 25 0.119 1.957 1.960 6
0888 pf 26 0.007 1.130 1.130 6
0888 pf 27 0.641 2.377 2.462 6
0888 pf 28 -0.942 1.400 1.687 7
0888 pf 29 -2.003 2.122 2.918 7
0888 pf 30 -2.157 1.324 2.530 8
0888 pf 31 -1.393 1.362 1.949 8
0888 pf 32 -1.487 1.146 1.877 8
0888 pf 33 -0.018 1.873 1.873 7
0888 pf 34 -0.894 1.140 1.449 7
0888 pf 35 -2.110 2.381 3.182 7
0888 pf 36 0.056 2.853 2.854 6
0888 pf 37 -1.140 1.157 1.624 7
0888 pf 38 -0.594 1.873 1.965 7
0888 pf 39 -0.533 1.238 1.348 7
0888 pf 40 -2.001 1.553 2.533 8
0888 pf 41 -1.161 2.574 2.824 7
0888 pf 42 -2.252 1.074 2.495 8
0888 pf 43 -1.700 1.192 2.076 8
0888 pf 44 -1.496 3.674 3.967 7
0888 pf 45 -1.191 2.321 2.609 7
0888 pf 46 -1.769 -0.328 1.799 1
0888 pf 47 -0.405 0.831 0.924 7
0888 pf 48 -1.339 2.272 2.637 7
0888 pf 49 -0.329 1.541 1.576 7
0888 pf 50 -2.232 0.902 2.408 8
0912 em 00 -1.047 1.640 1.945 7
0912 cf 00 -2.057 2.518 3.251 7
0912 pf 01 -0.365 2.579 2.605 7
0912 pf 02 -0.574 1.534 1.638 7
0912 pf 03 -1.612 2.629 3.084 7
0912 pf 04 -0.862 1.240 1.511 7
0912 pf 05 -1.326 1.827 2.258 7
0912 pf 06 0.283 0.815 0.863 6
0912 pf 07 0.335 0.836 0.900 6
0912 pf 08 -1.403 1.396 1.979 8
0912 pf 09 -1.258 -0.251 1.283 1
0912 pf 10 -0.927 2.545 2.709 7
0912 pf 11 -1.508 0.275 1.533 8
0912 pf 12 -1.839 2.201 2.868 7
0912 pf 13 -1.023 1.949 2.201 7
0912 pf 14 -0.926 1.324 1.615 7
0912 pf 15 -0.700 1.121 1.322 7
0912 pf 16 -0.819 1.783 1.962 7
0912 pf 17 -0.104 2.410 2.412 7
0912 pf 18 -0.863 1.087 1.388 7
0912 pf 19 -1.474 1.210 1.907 8
0912 pf 20 -1.146 0.973 1.503 8
0912 pf 21 -0.800 2.340 2.473 7
0912 pf 22 -2.744 2.502 3.713 8
0912 pf 23 -0.971 1.368 1.677 7
0912 pf 24 -1.343 2.961 3.251 7
0912 pf 25 -0.037 2.026 2.026 7
0912 pf 26 0.242 0.857 0.890 6
0912 pf 27 0.349 2.438 2.463 6
0912 pf 28 -0.520 1.400 1.493 7
0912 pf 29 -2.108 2.129 2.996 7
0912 pf 30 -1.875 0.926 2.091 8
0912 pf 31 -1.361 1.093 1.746 8
0912 pf 32 -1.543 0.898 1.786 8
0912 pf 33 0.268 1.657 1.678 6
0912 pf 34 -0.785 1.061 1.320 7
0912 pf 35 -2.533 2.110 3.297 8
0912 pf 36 0.047 3.075 3.075 6
0912 pf 37 -1.160 1.403 1.821 7
0912 pf 38 -0.744 2.016 2.149 7
0912 pf 39 -0.088 1.236 1.239 7
0912 pf 40 -2.023 1.316 2.414 8
0912 pf 41 -1.242 2.139 2.473 7
0912 pf 42 -2.415 1.129 2.666 8
0912 pf 43 -1.369 1.220 1.834 8
0912 pf 44 -1.394 3.424 3.696 7
0912 pf 45 -1.192 2.123 2.435 7
0912 pf 46 -1.374 0.072 1.376 8
0912 pf 47 -0.439 0.613 0.754 7
0912 pf 48 -1.288 2.659 2.955 7
0912 pf 49 -1.079 1.680 1.996 7
0912 pf 50 -2.034 0.587 2.117 8
0936 em 00 -1.069 1.563 1.894 7
0936 cf 00 -2.417 2.063 3.178 8
0936 pf 01 -0.599 2.376 2.450 7
0936 pf 02 -0.432 1.526 1.586 7
0936 pf 03 -1.856 2.496 3.110 7
0936 pf 04 -0.836 1.525 1.740 7
0936 pf 05 -1.243 1.312 1.807 7
0936 pf 06 0.466 1.107 1.201 6
0936 pf 07 0.181 1.417 1.429 6
0936 pf 08 -1.609 1.018 1.904 8
0936 pf 09 -0.749 -0.281 0.800 1
0936 pf 10 -0.619 2.654 2.726 7
0936 pf 11 -1.682 -0.032 1.682 1
0936 pf 12 -2.161 1.944 2.907 8
0936 pf 13 -1.370 1.638 2.136 7
0936 pf 14 -0.955 1.413 1.705 7
0936 pf 15 -0.457 1.165 1.251 7
0936 pf 16 -1.081 1.500 1.848 7
0936 pf 17 -0.732 2.536 2.639 7
0936 pf 18 -0.837 0.794 1.154 8
0936 pf 19 -1.386 0.851 1.626 8
0936 pf 20 -1.129 1.095 1.572 8
0936 pf 21 -0.545 2.476 2.535 7
0936 pf 22 -2.741 2.177 3.500 8
0936 pf 23 -0.804 1.159 1.410 7
0936 pf 24 -1.343 2.734 3.046 7
0936 pf 25 -0.022 1.677 1.677 7
0936 pf 26 0.636 0.959 1.151 6
0936 pf 27 0.284 2.546 2.562 6
0936 pf 28 -0.519 1.367 1.462 7
0936 pf 29 -2.008 1.943 2.794 8
0936 pf 30 -1.700 0.645 1.819 8
0936 pf 31 -1.527 0.957 1.802 8
0936 pf 32 -1.491 0.964 1.775 8
0936 pf 33 0.131 1.162 1.169 6
0936 pf 34 -0.786 1.146 1.390 7
0936 pf 35 -2.909 1.635 3.337 8
0936 pf 36 -0.132 3.444 3.447 7
0936 pf 37 -1.023 1.948 2.201 7
0936 pf 38 -1.482 2.006 2.494 7
0936 pf 39 0.078 1.385 1.388 6
0936 pf 40 -2.141 0.861 2.308 8
0936 pf 41 -1.445 2.413 2.813 7
0936 pf 42 -2.285 0.862 2.442 8
0936 pf 43 -1.439 1.222 1.888 8
0936 pf 44 -1.516 3.174 3.518 7
0936 pf 45 -1.215 2.248 2.556 7
0936 pf 46 -1.176 0.215 1.195 8
0936 pf 47 -0.504 0.440 0.669 8
0936 pf 48 -0.885 2.673 2.816 7
0936 pf 49 -1.086 1.635 1.963 7
0936 pf 50 -1.624 0.359 1.663 8
0960 em 00 -1.049 1.550 1.871 7
0960 cf 00 -2.243 1.924 2.955 8
0960 pf 01 -0.998 2.046 2.277 7
0960 pf 02 -0.519 1.482 1.571 7
0960 pf 03 -1.885 2.123 2.839 7
0960 pf 04 -0.685 1.492 1.642 7
0960 pf 05 -1.132 1.105 1.582 8
0960 pf 06 0.658 1.542 1.677 6
0960 pf 07 0.526 1.967 2.036 6
0960 pf 08 -1.486 1.056 1.823 8
0960 pf 09 -0.361 -0.061 0.366 1
0960 pf 10 -0.545 2.419 2.479 7
0960 pf 11 -1.277 0.082 1.280 8
0960 pf 12 -2.266 1.713 2.841 8
0960 pf 13 -1.618 1.631 2.298 7
0960 pf 14 -0.951 1.339 1.643 7
0960 pf 15 -0.361 1.379 1.426 7
0960 pf 16 -1.210 0.965 1.547 8
0960 pf 17 -0.945 2.441 2.618 7
0960 pf 18 -0.656 0.794 1.030 7
0960 pf 19 -1.547 0.659 1.681 8
0960 pf 20 -1.130 1.154 1.615 7
0960 pf 21 -0.643 2.570 2.649 7
0960 pf 22 -2.969 1.555 3.351 8
0960 pf 23 -0.757 1.286 1.493 7
0960 pf 24 -1.793 2.689 3.232 7
0960 pf 25 -0.286 2.127 2.147 7
0960 pf 26 0.568 1.312 1.429 6
0960 pf 27 0.045 2.464 2.465 6
0960 pf 28 -0.604 1.386 1.512 7
0960 pf 29 -1.840 1.966 2.693 7
0960 pf 30 -1.706 0.553 1.794 8
0960 pf 31 -1.732 0.881 1.944 8
0960 pf 32 -1.020 1.063 1.473 7
0960 pf 33 0.422 1.056 1.138 6
0960 pf 34 -0.870 1.512 1.745 7
0960 pf 35 -3.143 1.206 3.366 8
0960 pf 36 -0.011 3.651 3.651 7
0960 pf 37 -1.016 1.964 2.211 7
0960 pf 38 -1.736 1.929 2.595 7
0960 pf 39 -0.168 1.481 1.491 7
0960 pf 40 -1.904 0.493 1.967 8
0960 pf 41 -1.531 2.418 2.862 7
0960 pf 42 -1.668 0.731 1.821 8
0960 pf 43 -1.095 1.245 1.658 7
0960 pf 44 -1.740 2.759 3.262 7
0960 pf 45 -1.375 2.389 2.757 7
0960 pf 46 -0.901 0.212 0.925 8
0960 pf 47 -0.457 0.236 0.514 8
0960 pf 48 -0.773 3.126 3.220 7
0960 pf 49 -1.064 1.909 2.185 7
0960 pf 50 -1.182 0.306 1.221 8
0984 em 00 -1.059 1.538 1.867 7
0984 cf 00 -1.767 1.826 2.541 7
0984 pf 01 -1.796 2.154 2.804 7
0984 pf 02 -0.750 1.546 1.718 7
0984 pf 03 -2.301 1.968 3.028 8
0984 pf 04 -0.780 1.489 1.681 7
0984 pf 05 -1.288 1.086 1.684 8
0984 pf 06 0.482 1.936 1.995 6
0984 pf 07 0.743 2.351 2.466 6
0984 pf 08 -1.323 0.737 1.514 8
0984 pf 09 -0.178 0.219 0.282 7
0984 pf 10 -0.604 2.482 2.555 7
0984 pf 11 -0.849 -0.087 0.853 1
0984 pf 12 -2.538 1.366 2.882 8
0984 pf 13 -1.990 1.464 2.471 8
0984 pf 14 -1.156 1.455 1.858 7
0984 pf 15 -0.064 1.451 1.452 7
0984 pf 16 -1.429 0.954 1.718 8
0984 pf 17 -1.226 2.700 2.966 7
0984 pf 18 -0.484 0.884 1.007 7
0984 pf 19 -1.496 0.682 1.645 8
0984 pf 20 -0.971 1.220 1.559 7
0984 pf 21 -1.019 2.608 2.801 7
0984 pf 22 -2.838 0.814 2.953 8
0984 pf 23 -0.914 1.533 1.785 7
0984 pf 24 -2.122 2.876 3.574 7
0984 pf 25 -0.651 1.896 2.005 7
0984 pf 26 0.650 1.571 1.700 6
0984 pf 27 0.137 2.518 2.522 6
0984 pf 28 -0.704 1.561 1.713 7
0984 pf 29 -1.249 1.730 2.133 7
0984 pf 30 -1.370 0.520 1.465 8
0984 pf 31 -1.724 0.734 1.874 8
0984 pf 32 -1.151 0.910 1.467 8
0984 pf 33 0.565 1.479 1.583 6
0984 pf 34 -0.736 1.660 1.816 7
0984 pf 35 -2.762 0.806 2.877 8
0984 pf 36 -0.143 3.933 3.935 7
0984 pf 37 -1.039 2.185 2.419 7
0984 pf 38 -1.814 1.727 2.505 8
0984 pf 39 -0.341 1.378 1.419 7
0984 pf 40 -1.478 0.043 1.479 8
0984 pf 41 -1.841 2.450 3.065 7
0984 pf 42 -1.225 0.730 1.426 8
0984 pf 43 -0.734 0.926 1.181 7
0984 pf 44 -1.940 2.505 3.168 7
0984 pf 45 -1.524 2.446 2.882 7
0984 pf 46 -0.774 0.107 0.782 8
0984 pf 47 -0.023 0.531 0.532 7
0984 pf 48 -1.260 2.884 3.147 7
0984 pf 49 -1.253 2.002 2.362 7
0984 pf 50 -0.871 0.209 0.896 8
1008 em 00 -1.140 1.470 1.860 7
1008 cf 00 -1.494 1.629 2.211 7
1008 pf 01 -2.315 1.912 3.003 8
1008 pf 02 -0.973 0.880 1.312 8
1008 pf 03 -2.804 1.989 3.438 8
1008 pf 04 -0.796 1.220 1.457 7
1008 pf 05 -1.195 1.293 1.760 7
1008 pf 06 0.146 2.030 2.035 6
1008 pf 07 0.517 2.873 2.919 6
1008 pf 08 -1.523 0.810 1.726 8
1008 pf 09 -0.218 0.327 0.393 7
1008 pf 10 -0.970 2.524 2.704 7
1008 pf 11 -0.333 -0.213 0.396 1
1008 pf 12 -2.836 1.047 3.023 8
1008 pf 13 -2.326 0.970 2.520 8
1008 pf 14 -1.045 1.385 1.735 7
1008 pf 15 -0.203 1.740 1.752 7
1008 pf 16 -1.145 0.784 1.388 8
1008 pf 17 -1.743 2.857 3.347 7
1008 pf 18 -0.291 1.041 1.081 7
1008 pf 19 -1.206 0.599 1.346 8
1008 pf 20 -0.684 1.353 1.517 7
1008 pf 21 -1.162 2.338 2.611 7
1008 pf 22 -2.649 0.645 2.726 8
1008 pf 23 -1.246 1.332 1.824 7
1008 pf 24 -2.414 2.471 3.454 7
1008 pf 25 -1.435 2.006 2.467 7
1008 pf 26 0.344 1.577 1.614 6
1008 pf 27 0.287 2.570 2.586 6
1008 pf 28 -0.707 1.525 1.681 7
1008 pf 29 -1.125 1.802 2.125 7
1008 pf 30 -1.169 0.504 1.273 8
1008 pf 31 -1.969 1.021 2.218 8
1008 pf 32 -0.827 0.864 1.196 7
1008 pf 33 0.300 1.641 1.668 6
1008 pf 34 -0.610 1.454 1.577 7
1008 pf 35 -2.489 0.775 2.607 8
1008 pf 36 -0.686 3.603 3.668 7
1008 pf 37 -1.097 2.032 2.309 7
1008 pf 38 -1.921 1.519 2.449 8
1008 pf 39 -0.319 1.532 1.565 7
1008 pf 40 -1.225 0.145 1.234 8
1008 pf 41 -2.694 2.411 3.615 8
1008 pf 42 -0.952 0.785 1.234 8
1008 pf 43 -0.789 0.562 0.969 8
1008 pf 44 -2.142 1.929 2.883 8
1008 pf 45 -1.155 1.890 2.215 7
1008 pf 46 -0.934 -0.001 0.934 1
1008 pf 47 0.249 0.606 0.655 6
1008 pf 48 -1.628 2.874 3.303 7
1008 pf 49 -1.564 1.883 2.448 7
1008 pf 50 -0.781 0.417 0.885 8
1032 em 00 -1.236 1.422 1.884 7
1032 cf 00 -1.472 1.575 2.156 7
1032 pf 01 -2.423 1.746 2.986 8
1032 pf 02 -1.413 0.816 1.632 8
1032 pf 03 -3.214 2.305 3.955 8
1032 pf 04 -1.063 0.974 1.442 8
1032 pf 05 -1.726 1.325 2.176 8
1032 pf 06 0.000 2.062 2.062 7
1032 pf 07 0.040 3.179 3.179 6
1032 pf 08 -1.401 0.825 1.625 8
1032 pf 09 -0.051 0.470 0.472 7
1032 pf 10 -1.678 2.303 2.850 7
1032 pf 11 -0.040 -0.358 0.360 2
1032 pf 12 -2.573 0.870 2.716 8
1032 pf 13 -2.012 1.043 2.267 8
1032 pf 14 -1.000 1.574 1.864 7
1032 pf 15 -0.182 1.678 1.688 7
1032 pf 16 -1.335 1.120 1.743 8
1032 pf 17 -1.979 2.847 3.467 7
1032 pf 18 -0.112 0.996 1.002 7
1032 pf 19 -1.324 0.478 1.408 8
1032 pf 20 -1.063 1.318 1.693 7
1032 pf 21 -1.791 2.197 2.835 7
1032 pf 22 -2.167 0.628 2.256 8
1032 pf 23 -1.344 1.192 1.797 8
1032 pf 24 -2.286 2.444 3.347 7
1032 pf 25 -2.283 1.863 2.946 8
1032 pf 26 0.364 1.720 1.758 6
1032 pf 27 0.321 2.389 2.410 6
1032 pf 28 -0.806 1.226 1.468 7
1032 pf 29 -0.974 1.770 2.021 7
1032 pf 30 -0.611 0.457 0.763 8
1032 pf 31 -2.075 0.864 2.248 8
1032 pf 32 -0.772 1.004 1.267 7
1032 pf 33 -0.084 1.609 1.612 7
1032 pf 34 -0.584 1.206 1.340 7
1032 pf 35 -2.060 0.719 2.182 8
1032 pf 36 -1.125 3.237 3.427 7
1032 pf 37 -1.152 1.904 2.226 7
1032 pf 38 -2.086 1.312 2.465 8
1032 pf 39 -0.147 1.702 1.708 7
1032 pf 40 -1.139 0.414 1.211 8
1032 pf 41 -3.304 1.957 3.840 8
1032 pf 42 -1.157 0.944 1.493 8
1032 pf 43 -0.785 0.429 0.894 8
1032 pf 44 -1.912 1.566 2.472 8
1032 pf 45 -1.134 1.712 2.053 7
1032 pf 46 -1.072 -0.311 1.116 1
1032 pf 47 0.600 0.840 1.032 6
1032 pf 48 -2.348 2.825 3.673 7
1032 pf 49 -1.852 1.719 2.527 8
1032 pf 50 -0.897 0.655 1.111 8
1056 em 00 -1.345 1.334 1.895 8
1056 cf 00 -1.320 1.304 1.855 8
1056 pf 01 -2.494 1.468 2.894 8
1056 pf 02 -1.650 1.120 1.994 8
1056 pf 03 -3.029 2.355 3.837 8
1056 pf 04 -1.210 1.008 1.575 8
1056 pf 05 -1.848 1.246 2.228 8
1056 pf 06 -0.328 1.924 1.952 7
1056 pf 07 -0.699 3.226 3.301 7
1056 pf 08 -1.622 0.766 1.794 8
1056 pf 09 -0.067 0.209 0.220 7
1056 pf 10 -1.933 2.387 3.071 7
1056 pf 11 -0.137 -0.728 0.741 2
1056 pf 12 -2.076 0.532 2.143 8
1056 pf 13 -2.027 0.706 2.146 8
1056 pf 14 -0.725 1.386 1.565 7
1056 pf 15 -0.266 1.656 1.677 7
1056 pf 16 -1.771 1.010 2.039 8
1056 pf 17 -2.240 2.640 3.462 7
1056 pf 18 0.280 0.859 0.904 6
1056 pf 19 -1.416 0.628 1.549 8
1056 pf 20 -1.290 1.150 1.728 8
1056 pf 21 -2.047 1.878 2.778 8
1056 pf 22 -2.071 0.585 2.152 8
1056 pf 23 -1.158 1.271 1.720 7
1056 pf 24 -2.340 2.286 3.271 8
1056 pf 25 -2.753 1.281 3.036 8
1056 pf 26 -0.011 1.661 1.661 7
1056 pf 27 -0.058 2.685 2.685 7
1056 pf 28 -0.992 0.893 1.334 8
1056 pf 29 -1.308 1.728 2.168 7
1056 pf 30 -0.711 0.377 0.805 8
1056 pf 31 -1.902 0.744 2.042 8
1056 pf 32 -1.021 1.305 1.657 7
1056 pf 33 -0.030 1.930 1.930 7
1056 pf 34 -0.807 1.191 1.439 7
1056 pf 35 -1.734 0.651 1.852 8
1056 pf 36 -1.356 3.045 3.333 7
1056 pf 37 -1.501 1.972 2.479 7
1056 pf 38 -2.159 1.186 2.463 8
1056 pf 39 -0.108 1.541 1.545 7
1056 pf 40 -0.571 0.656 0.870 7
1056 pf 41 -3.622 1.393 3.881 8
1056 pf 42 -1.350 0.689 1.516 8
1056 pf 43 -1.086 0.211 1.106 8
1056 pf 44 -1.977 1.361 2.400 8
1056 pf 45 -1.159 1.588 1.966 7
1056 pf 46 -1.164 -0.271 1.195 1
1056 pf 47 0.578 1.113 1.254 6
1056 pf 48 -2.927 2.570 3.895 8
1056 pf 49 -1.767 1.649 2.416 8
1056 pf 50 -1.097 0.805 1.361 8
1080 em 00 -1.336 1.210 1.803 8
1080 cf 00 -0.912 0.969 1.331 7
1080 pf 01 -2.432 1.510 2.863 8
1080 pf 02 -1.637 1.305 2.093 8
1080 pf 03 -2.619 1.853 3.208 8
1080 pf 04 -1.248 0.901 1.540 8
1080 pf 05 -2.013 1.211 2.349 8
1080 pf 06 -0.846 1.841 2.026 7
1080 pf 07 -0.796 3.236 3.333 7
1080 pf 08 -1.730 0.533 1.810 8
1080 pf 09 -0.182 0.365 0.408 7
1080 pf 10 -1.756 2.114 2.748 7
1080 pf 11 -0.052 -1.009 1.010 2
1080 pf 12 -1.696 0.405 1.744 8
1080 pf 13 -1.852 0.204 1.863 8
1080 pf 14 -0.539 1.392 1.493 7
1080 pf 15 -0.171 1.739 1.747 7
1080 pf 16 -1.958 0.877 2.145 8
1080 pf 17 -2.076 2.351 3.136 7
1080 pf 18 0.400 0.893 0.979 6
1080 pf 19 -1.222 0.858 1.493 8
1080 pf 20 -0.928 1.012 1.373 7
1080 pf 21 -2.457 1.788 3.038 8
1080 pf 22 -2.031 0.374 2.065 8
1080 pf 23 -0.625 1.249 1.396 7
1080 pf 24 -2.505 1.682 3.017 8
1080 pf 25 -2.808 0.453 2.844 8
1080 pf 26 -0.174 1.626 1.635 7
1080 pf 27 -0.452 2.985 3.019 7
1080 pf 28 -0.963 1.124 1.480 7
1080 pf 29 -1.479 1.764 2.302 7
1080 pf 30 -0.289 0.297 0.414 7
1080 pf 31 -1.764 0.217 1.777 8
1080 pf 32 -1.646 1.242 2.062 8
1080 pf 33 -0.201 2.233 2.242 7
1080 pf 34 -0.890 1.122 1.432 7
1080 pf 35 -1.162 0.433 1.240 8
1080 pf 36 -1.444 2.577 2.954 7
1080 pf 37 -1.658 2.026 2.618 7
1080 pf 38 -1.940 0.927 2.150 8
1080 pf 39 -0.295 1.503 1.532 7
1080 pf 40 -0.327 0.854 0.915 7
1080 pf 41 -3.473 0.721 3.547 8
1080 pf 42 -1.544 0.638 1.671 8
1080 pf 43 -1.101 0.557 1.234 8
1080 pf 44 -2.115 1.079 2.374 8
1080 pf 45 -0.995 1.813 2.068 7
1080 pf 46 -1.330 -0.311 1.366 1
1080 pf 47 0.564 1.194 1.320 6
1080 pf 48 -2.898 1.989 3.515 8
1080 pf 49 -1.899 1.321 2.314 8
1080 pf 50 -1.384 0.613 1.514 8
1104 em 00 -1.378 1.091 1.758 8
1104 cf 00 -0.626 0.702 0.940 7
1104 pf 01 -2.224 1.162 2.509 8
1104 pf 02 -1.755 0.996 2.018 8
1104 pf 03 -2.735 1.774 3.260 8
1104 pf 04 -1.266 0.618 1.408 8
1104 pf 05 -2.120 1.166 2.419 8
1104 pf 06 -1.252 1.622 2.049 7
1104 pf 07 -0.842 3.313 3.418 7
1104 pf 08 -1.899 0.273 1.918 8
1104 pf 09 0.109 0.412 0.426 6
1104 pf 10 -2.012 2.061 2.880 7
1104 pf 11 0.175 -0.811 0.830 3
1104 pf 12 -1.438 0.483 1.517 8
1104 pf 13 -1.916 -0.416 1.961 1
1104 pf 14 -0.570 1.386 1.498 7
1104 pf 15 -0.121 2.064 2.068 7
1104 pf 16 -2.499 0.593 2.568 8
1104 pf 17 -2.225 2.571 3.400 7
1104 pf 18 0.519 0.733 0.898 6
1104 pf 19 -1.036 0.744 1.276 8
1104 pf 20 -0.739 0.931 1.189 7
1104 pf 21 -2.669 1.655 3.141 8
1104 pf 22 -1.979 0.203 1.990 8
1104 pf 23 -0.322 0.987 1.038 7
1104 pf 24 -2.723 1.629 3.173 8
1104 pf 25 -2.868 0.157 2.873 8
1104 pf 26 -0.793 1.766 1.936 7
1104 pf 27 -0.923 3.093 3.228 7
1104 pf 28 -1.002 1.160 1.533 7
1104 pf 29 -1.617 1.800 2.419 7
1104 pf 30 -0.319 0.029 0.321 8
1104 pf 31 -1.656 0.117 1.661 8
1104 pf 32 -2.126 0.998 2.348 8
1104 pf 33 -0.370 2.161 2.193 7
1104 pf 34 -0.971 1.142 1.499 7
1104 pf 35 -1.136 0.165 1.147 8
1104 pf 36 -1.641 2.374 2.886 7
1104 pf 37 -1.508 1.881 2.411 7
1104 pf 38 -1.825 0.628 1.930 8
1104 pf 39 -0.395 1.251 1.312 7
1104 pf 40 -0.138 1.017 1.027 7
1104 pf 41 -2.861 0.297 2.876 8
1104 pf 42 -1.468 0.283 1.495 8
1104 pf 43 -1.483 0.379 1.531 8
1104 pf 44 -2.179 1.212 2.493 8
1104 pf 45 -1.085 1.740 2.051 7
1104 pf 46 -1.248 -0.188 1.262 1
1104 pf 47 0.616 1.360 1.493 6
1104 pf 48 -3.067 1.488 3.409 8
1104 pf 49 -1.917 1.021 2.172 8
1104 pf 50 -1.375 0.502 1.463 8
