ecmf prod rt 2021123000 51 046
0024 em 00 -1.918 1.336 2.337 8
0024 cf 00 -1.934 1.312 2.336 8
0024 pf 01 -2.046 1.304 2.426 8
0024 pf 02 -2.004 1.298 2.388 8
0024 pf 03 -1.954 1.251 2.320 8
0024 pf 04 -2.077 1.453 2.534 8
0024 pf 05 -1.718 1.420 2.229 8
0024 pf 06 -1.890 1.207 2.243 8
0024 pf 07 -1.973 1.453 2.450 8
0024 pf 08 -1.844 1.340 2.279 8
0024 pf 09 -1.784 1.294 2.204 8
0024 pf 10 -1.865 1.267 2.255 8
0024 pf 11 -1.875 1.260 2.259 8
0024 pf 12 -1.922 1.165 2.247 8
0024 pf 13 -1.882 1.341 2.311 8
0024 pf 14 -1.912 1.352 2.342 8
0024 pf 15 -2.003 1.401 2.444 8
0024 pf 16 -1.840 1.347 2.280 8
0024 pf 17 -1.856 1.222 2.222 8
0024 pf 18 -1.841 1.290 2.248 8
0024 pf 19 -2.083 1.360 2.487 8
0024 pf 20 -1.891 1.215 2.248 8
0024 pf 21 -1.974 1.389 2.414 8
0024 pf 22 -1.796 1.150 2.133 8
0024 pf 23 -1.908 1.392 2.361 8
0024 pf 24 -1.933 1.205 2.278 8
0024 pf 25 -2.038 1.317 2.426 8
0024 pf 26 -1.899 1.287 2.294 8
0024 pf 27 -1.965 1.235 2.321 8
0024 pf 28 -1.887 1.175 2.223 8
0024 pf 29 -1.851 1.275 2.248 8
0024 pf 30 -1.920 1.462 2.413 8
0024 pf 31 -1.849 1.318 2.271 8
0024 pf 32 -1.862 1.412 2.337 8
0024 pf 33 -1.930 1.263 2.307 8
0024 pf 34 -1.957 1.188 2.289 8
0024 pf 35 -1.881 1.249 2.258 8
0024 pf 36 -1.946 1.442 2.422 8
0024 pf 37 -1.957 1.270 2.333 8
0024 pf 38 -1.790 1.348 2.241 8
0024 pf 39 -1.857 1.282 2.257 8
0024 pf 40 -1.869 1.367 2.316 8
0024 pf 41 -1.858 1.390 2.320 8
0024 pf 42 -1.864 1.429 2.349 8
0024 pf 43 -1.973 1.398 2.418 8
0024 pf 44 -1.847 1.401 2.319 8
0024 pf 45 -1.823 1.238 2.203 8
0024 pf 46 -1.943 1.313 2.345 8
0024 pf 47 -1.876 1.404 2.343 8
0024 pf 48 -1.962 1.220 2.311 8
0024 pf 49 -2.045 1.455 2.510 8
0024 pf 50 -1.912 1.246 2.282 8
0048 em 00 -1.825 1.265 2.221 8
0048 cf 00 -1.882 1.258 2.263 8
0048 pf 01 -2.128 1.038 2.367 8
0048 pf 02 -2.025 1.253 2.381 8
0048 pf 03 -1.792 1.105 2.105 8
0048 pf 04 -2.032 1.451 2.497 8
0048 pf 05 -1.723 1.355 2.192 8
0048 pf 06 -1.834 1.079 2.128 8
0048 pf 07 -2.042 1.204 2.371 8
0048 pf 08 -1.763 1.250 2.161 8
0048 pf 09 -1.704 1.188 2.077 8
0048 pf 10 -1.779 1.153 2.120 8
0048 pf 11 -1.829 1.292 2.239 8
0048 pf 12 -1.684 1.241 2.092 8
0048 pf 13 -1.650 1.404 2.166 8
0048 pf 14 -1.889 1.149 2.211 8
0048 pf 15 -1.916 1.221 2.272 8
0048 pf 16 -1.798 1.379 2.266 8
0048 pf 17 -1.667 1.241 2.079 8
0048 pf 18 -1.852 1.350 2.292 8
0048 pf 19 -2.023 1.289 2.399 8
0048 pf 20 -1.751 1.131 2.084 8
0048 pf 21 -1.880 1.308 2.290 8
0048 pf 22 -1.453 1.085 1.813 8
0048 pf 23 -1.707 1.225 2.101 8
0048 pf 24 -1.819 1.294 2.232 8
0048 pf 25 -1.883 1.158 2.210 8
0048 pf 26 -1.828 1.112 2.140 8
0048 pf 27 -1.753 1.123 2.082 8
0048 pf 28 -1.897 1.330 2.317 8
0048 pf 29 -1.780 1.226 2.161 8
0048 pf 30 -1.988 1.406 2.435 8
0048 pf 31 -1.497 1.336 2.006 8
0048 pf 32 -1.832 1.396 2.303 8
0048 pf 33 -1.703 1.399 2.204 8
0048 pf 34 -1.813 1.127 2.135 8
0048 pf 35 -1.736 1.153 2.084 8
0048 pf 36 -1.862 1.318 2.282 8
0048 pf 37 -1.829 1.195 2.185 8
0048 pf 38 -1.722 1.190 2.093 8
0048 pf 39 -1.626 1.132 1.981 8
0048 pf 40 -1.845 1.319 2.267 8
0048 pf 41 -1.678 1.358 2.159 8
0048 pf 42 -1.954 1.324 2.360 8
0048 pf 43 -1.814 1.183 2.166 8
0048 pf 44 -1.808 1.232 2.188 8
0048 pf 45 -1.848 1.158 2.181 8
0048 pf 46 -1.840 1.490 2.368 8
0048 pf 47 -1.771 1.282 2.187 8
0048 pf 48 -1.889 1.174 2.224 8
0048 pf 49 -1.970 1.391 2.412 8
0048 pf 50 -1.747 1.178 2.107 8
0072 em 00 -1.567 1.193 1.969 8
0072 cf 00 -1.594 1.157 1.970 8
0072 pf 01 -1.998 0.827 2.163 8
0072 pf 02 -1.757 1.079 2.061 8
0072 pf 03 -1.520 0.848 1.741 8
0072 pf 04 -2.103 1.295 2.469 8
0072 pf 05 -1.368 1.334 1.911 8
0072 pf 06 -1.505 0.929 1.769 8
0072 pf 07 -1.790 1.117 2.110 8
0072 pf 08 -1.604 1.337 2.088 8
0072 pf 09 -1.363 1.145 1.780 8
0072 pf 10 -1.429 1.012 1.751 8
0072 pf 11 -1.670 1.412 2.187 8
0072 pf 12 -1.423 1.056 1.772 8
0072 pf 13 -1.603 1.544 2.226 8
0072 pf 14 -1.643 1.031 1.940 8
0072 pf 15 -1.741 1.181 2.104 8
0072 pf 16 -1.683 1.197 2.065 8
0072 pf 17 -1.179 1.347 1.790 7
0072 pf 18 -1.625 1.251 2.051 8
0072 pf 19 -1.722 1.221 2.111 8
0072 pf 20 -1.416 1.168 1.835 8
0072 pf 21 -1.604 1.222 2.016 8
0072 pf 22 -1.148 1.162 1.633 7
0072 pf 23 -1.494 1.212 1.923 8
0072 pf 24 -1.895 1.167 2.225 8
0072 pf 25 -1.541 0.855 1.762 8
0072 pf 26 -1.483 0.982 1.779 8
0072 pf 27 -1.442 1.108 1.819 8
0072 pf 28 -1.605 1.130 1.962 8
0072 pf 29 -1.539 1.320 2.027 8
0072 pf 30 -2.038 1.365 2.453 8
0072 pf 31 -0.991 1.199 1.555 7
0072 pf 32 -1.644 1.166 2.016 8
0072 pf 33 -1.560 1.227 1.985 8
0072 pf 34 -1.610 1.060 1.928 8
0072 pf 35 -1.260 0.863 1.527 8
0072 pf 36 -1.714 1.253 2.123 8
0072 pf 37 -1.633 1.220 2.038 8
0072 pf 38 -1.442 1.237 1.900 8
0072 pf 39 -1.319 1.156 1.754 8
0072 pf 40 -1.596 1.312 2.066 8
0072 pf 41 -1.388 1.547 2.079 7
0072 pf 42 -1.712 1.221 2.103 8
0072 pf 43 -1.500 0.984 1.794 8
0072 pf 44 -1.445 1.233 1.899 8
0072 pf 45 -1.559 0.939 1.820 8
0072 pf 46 -1.446 1.553 2.122 7
0072 pf 47 -1.547 1.423 2.102 8
0072 pf 48 -1.512 1.020 1.824 8
0072 pf 49 -1.731 1.152 2.079 8
0072 pf 50 -1.300 1.231 1.791 8
0096 em 00 -1.328 1.142 1.751 8
0096 cf 00 -1.389 1.076 1.757 8
0096 pf 01 -1.698 0.557 1.788 8
0096 pf 02 -1.553 1.098 1.902 8
0096 pf 03 -1.169 0.850 1.445 8
0096 pf 04 -1.991 0.964 2.212 8
0096 pf 05 -1.142 1.321 1.746 7
0096 pf 06 -1.194 1.061 1.597 8
0096 pf 07 -1.485 1.077 1.834 8
0096 pf 08 -1.431 1.282 1.922 8
0096 pf 09 -1.222 1.148 1.677 8
0096 pf 10 -1.321 1.071 1.701 8
0096 pf 11 -1.436 1.342 1.966 8
0096 pf 12 -1.192 1.061 1.596 8
0096 pf 13 -1.549 1.420 2.101 8
0096 pf 14 -1.603 0.743 1.767 8
0096 pf 15 -1.684 1.114 2.019 8
0096 pf 16 -1.339 1.074 1.717 8
0096 pf 17 -0.888 1.477 1.723 7
0096 pf 18 -1.412 1.123 1.804 8
0096 pf 19 -1.360 0.924 1.644 8
0096 pf 20 -1.378 1.136 1.786 8
0096 pf 21 -1.345 1.248 1.835 8
0096 pf 22 -0.694 1.336 1.505 7
0096 pf 23 -1.242 1.087 1.650 8
0096 pf 24 -1.892 1.237 2.261 8
0096 pf 25 -1.137 0.803 1.392 8
0096 pf 26 -1.256 0.952 1.576 8
0096 pf 27 -1.251 1.002 1.603 8
0096 pf 28 -1.360 1.173 1.796 8
0096 pf 29 -1.334 1.207 1.799 8
0096 pf 30 -1.933 1.247 2.300 8
0096 pf 31 -0.732 1.370 1.553 7
0096 pf 32 -1.326 1.145 1.752 8
0096 pf 33 -1.368 1.328 1.906 8
0096 pf 34 -1.419 0.962 1.714 8
0096 pf 35 -0.911 0.743 1.176 8
0096 pf 36 -1.492 1.186 1.906 8
0096 pf 37 -1.416 1.142 1.820 8
0096 pf 38 -1.226 1.182 1.703 8
0096 pf 39 -1.057 1.068 1.503 7
0096 pf 40 -1.128 1.462 1.847 7
0096 pf 41 -1.108 1.497 1.862 7
0096 pf 42 -1.530 1.088 1.878 8
0096 pf 43 -1.236 0.873 1.513 8
0096 pf 44 -1.249 1.252 1.769 7
0096 pf 45 -1.155 0.698 1.349 8
0096 pf 46 -1.236 1.366 1.843 7
0096 pf 47 -1.342 1.605 2.092 7
0096 pf 48 -1.089 0.989 1.471 8
0096 pf 49 -1.369 1.136 1.779 8
0096 pf 50 -1.029 1.234 1.607 7
0120 em 00 -0.923 1.104 1.439 7
0120 cf 00 -1.047 1.020 1.462 8
0120 pf 01 -1.133 0.406 1.203 8
0120 pf 02 -1.200 1.027 1.579 8
0120 pf 03 -0.577 0.804 0.989 7
0120 pf 04 -1.493 0.720 1.658 8
0120 pf 05 -0.841 1.347 1.588 7
0120 pf 06 -0.750 1.194 1.410 7
0120 pf 07 -0.810 0.837 1.165 7
0120 pf 08 -0.930 1.492 1.758 7
0120 pf 09 -0.968 1.126 1.485 7
0120 pf 10 -1.129 1.072 1.557 8
0120 pf 11 -1.051 1.098 1.520 7
0120 pf 12 -0.864 1.133 1.425 7
0120 pf 13 -1.035 1.502 1.824 7
0120 pf 14 -1.298 0.516 1.397 8
0120 pf 15 -1.296 1.028 1.655 8
0120 pf 16 -0.999 1.158 1.530 7
0120 pf 17 -0.460 1.446 1.518 7
0120 pf 18 -1.017 1.025 1.443 7
0120 pf 19 -1.058 1.123 1.543 7
0120 pf 20 -1.072 0.849 1.367 8
0120 pf 21 -0.819 1.263 1.505 7
0120 pf 22 -0.447 1.581 1.643 7
0120 pf 23 -0.721 1.062 1.283 7
0120 pf 24 -1.573 1.266 2.019 8
0120 pf 25 -0.602 0.699 0.922 7
0120 pf 26 -0.950 1.118 1.467 7
0120 pf 27 -0.783 0.811 1.127 7
0120 pf 28 -0.993 1.117 1.494 7
0120 pf 29 -0.801 0.990 1.273 7
0120 pf 30 -1.564 0.749 1.734 8
0120 pf 31 -0.467 1.591 1.658 7
0120 pf 32 -1.158 1.262 1.713 7
0120 pf 33 -0.817 1.371 1.596 7
0120 pf 34 -1.011 0.715 1.238 8
0120 pf 35 -0.452 0.491 0.668 7
0120 pf 36 -1.058 1.082 1.514 7
0120 pf 37 -0.898 1.199 1.498 7
0120 pf 38 -1.012 1.139 1.524 7
0120 pf 39 -0.801 0.978 1.264 7
0120 pf 40 -0.826 1.645 1.840 7
0120 pf 41 -0.580 1.640 1.740 7
0120 pf 42 -1.166 1.015 1.546 8
0120 pf 43 -0.707 0.731 1.017 7
0120 pf 44 -0.823 1.304 1.542 7
0120 pf 45 -0.614 0.640 0.886 7
0120 pf 46 -0.652 1.278 1.435 7
0120 pf 47 -1.050 1.669 1.972 7
0120 pf 48 -0.725 0.974 1.215 7
0120 pf 49 -1.035 0.924 1.388 8
0120 pf 50 -0.676 1.356 1.516 7
0144 em 00 -0.757 1.093 1.330 7
0144 cf 00 -0.803 1.073 1.340 7
0144 pf 01 -0.549 0.373 0.664 8
0144 pf 02 -0.785 1.141 1.385 7
0144 pf 03 -0.163 0.829 0.845 7
0144 pf 04 -1.399 0.774 1.599 8
0144 pf 05 -0.964 1.144 1.497 7
0144 pf 06 -0.756 1.361 1.557 7
0144 pf 07 -0.517 0.925 1.060 7
0144 pf 08 -0.908 1.353 1.630 7
0144 pf 09 -0.901 0.879 1.259 8
0144 pf 10 -1.090 1.061 1.521 8
0144 pf 11 -0.782 0.931 1.215 7
0144 pf 12 -0.910 0.980 1.337 7
0144 pf 13 -0.882 1.380 1.638 7
0144 pf 14 -1.130 0.461 1.221 8
0144 pf 15 -1.243 1.007 1.600 8
0144 pf 16 -0.987 0.938 1.361 8
0144 pf 17 -0.287 1.336 1.366 7
0144 pf 18 -0.762 0.747 1.067 8
0144 pf 19 -1.006 1.193 1.560 7
0144 pf 20 -0.666 0.887 1.110 7
0144 pf 21 -0.969 1.016 1.404 7
0144 pf 22 -0.421 1.790 1.839 7
0144 pf 23 -0.550 1.158 1.282 7
0144 pf 24 -1.246 1.337 1.828 7
0144 pf 25 -0.376 0.972 1.042 7
0144 pf 26 -0.842 1.000 1.307 7
0144 pf 27 -0.679 0.823 1.067 7
0144 pf 28 -0.879 1.159 1.454 7
0144 pf 29 -0.607 1.000 1.169 7
0144 pf 30 -1.362 0.535 1.463 8
0144 pf 31 -0.395 1.603 1.651 7
0144 pf 32 -1.136 1.396 1.800 7
0144 pf 33 -0.627 1.502 1.628 7
0144 pf 34 -0.725 0.882 1.142 7
0144 pf 35 -0.130 0.531 0.546 7
0144 pf 36 -1.370 0.945 1.664 8
0144 pf 37 -0.822 1.173 1.432 7
0144 pf 38 -0.799 1.112 1.369 7
0144 pf 39 -0.588 0.757 0.958 7
0144 pf 40 -0.865 1.560 1.784 7
0144 pf 41 -0.571 1.891 1.976 7
0144 pf 42 -0.530 0.906 1.050 7
0144 pf 43 -0.353 0.919 0.985 7
0144 pf 44 -0.791 1.228 1.460 7
0144 pf 45 -0.221 0.635 0.672 7
0144 pf 46 -0.435 1.579 1.638 7
0144 pf 47 -0.783 1.711 1.882 7
0144 pf 48 -0.509 0.926 1.057 7
0144 pf 49 -0.739 0.742 1.047 7
0144 pf 50 -0.503 1.501 1.583 7
0168 em 00 -0.828 1.085 1.365 7
0168 cf 00 -0.973 0.925 1.343 8
0168 pf 01 -0.300 0.347 0.459 7
0168 pf 02 -0.816 1.522 1.727 7
0168 pf 03 -0.023 0.754 0.754 7
0168 pf 04 -1.218 0.594 1.355 8
0168 pf 05 -0.825 0.961 1.266 7
0168 pf 06 -1.019 0.920 1.373 8
0168 pf 07 -0.559 0.921 1.077 7
0168 pf 08 -0.978 1.351 1.668 7
0168 pf 09 -1.110 0.895 1.426 8
0168 pf 10 -1.187 0.762 1.410 8
0168 pf 11 -0.881 1.054 1.374 7
0168 pf 12 -0.994 0.705 1.219 8
0168 pf 13 -0.866 1.366 1.618 7
0168 pf 14 -1.214 0.404 1.279 8
0168 pf 15 -1.373 0.752 1.566 8
0168 pf 16 -1.037 0.778 1.296 8
0168 pf 17 -0.324 1.374 1.412 7
0168 pf 18 -0.563 0.944 1.100 7
0168 pf 19 -1.203 1.060 1.603 8
0168 pf 20 -0.672 1.049 1.245 7
0168 pf 21 -1.075 1.117 1.550 7
0168 pf 22 -0.578 1.628 1.727 7
0168 pf 23 -0.628 1.249 1.398 7
0168 pf 24 -1.217 1.242 1.739 7
0168 pf 25 -0.747 1.277 1.480 7
0168 pf 26 -0.779 0.899 1.189 7
0168 pf 27 -0.748 0.839 1.124 7
0168 pf 28 -1.091 0.891 1.408 8
0168 pf 29 -0.560 1.173 1.299 7
0168 pf 30 -1.439 0.474 1.515 8
0168 pf 31 -0.529 1.582 1.668 7
0168 pf 32 -1.497 1.346 2.013 8
0168 pf 33 -0.827 1.676 1.869 7
0168 pf 34 -0.843 0.867 1.209 7
0168 pf 35 -0.011 0.344 0.344 7
0168 pf 36 -1.490 0.826 1.704 8
0168 pf 37 -1.102 1.463 1.832 7
0168 pf 38 -0.573 1.247 1.372 7
0168 pf 39 -0.898 0.895 1.268 8
0168 pf 40 -0.873 1.662 1.877 7
0168 pf 41 -0.940 2.029 2.236 7
0168 pf 42 -0.426 0.937 1.030 7
0168 pf 43 -0.397 0.824 0.914 7
0168 pf 44 -1.017 1.344 1.686 7
0168 pf 45 -0.171 0.807 0.825 7
0168 pf 46 -0.556 1.407 1.513 7
0168 pf 47 -0.776 1.614 1.791 7
0168 pf 48 -0.616 1.039 1.208 7
0168 pf 49 -0.666 0.745 0.999 7
0168 pf 50 -0.622 1.769 1.876 7
0192 em 00 -1.093 1.066 1.526 8
0192 cf 00 -1.316 0.807 1.544 8
0192 pf 01 -0.582 0.305 0.657 8
0192 pf 02 -1.259 1.404 1.885 7
0192 pf 03 -0.231 0.970 0.997 7
0192 pf 04 -1.364 0.565 1.477 8
0192 pf 05 -0.656 1.001 1.197 7
0192 pf 06 -1.560 0.769 1.739 8
0192 pf 07 -0.756 0.984 1.241 7
0192 pf 08 -1.126 1.179 1.630 7
0192 pf 09 -1.302 0.817 1.537 8
0192 pf 10 -1.317 0.798 1.540 8
0192 pf 11 -1.341 0.804 1.564 8
0192 pf 12 -1.180 0.710 1.377 8
0192 pf 13 -0.960 1.492 1.774 7
0192 pf 14 -1.510 0.113 1.515 8
0192 pf 15 -1.461 0.698 1.619 8
0192 pf 16 -1.172 0.415 1.244 8
0192 pf 17 -0.569 1.226 1.351 7
0192 pf 18 -0.925 0.967 1.338 7
0192 pf 19 -1.792 0.721 1.931 8
0192 pf 20 -1.077 1.187 1.603 7
0192 pf 21 -1.162 0.861 1.446 8
0192 pf 22 -0.858 1.633 1.844 7
0192 pf 23 -0.677 1.440 1.591 7
0192 pf 24 -1.524 1.017 1.832 8
0192 pf 25 -1.049 1.406 1.754 7
0192 pf 26 -1.395 0.843 1.630 8
0192 pf 27 -0.945 1.204 1.530 7
0192 pf 28 -1.146 0.788 1.391 8
0192 pf 29 -0.818 1.103 1.373 7
0192 pf 30 -1.552 0.590 1.661 8
0192 pf 31 -1.161 1.693 2.053 7
0192 pf 32 -1.807 1.293 2.221 8
0192 pf 33 -1.246 1.679 2.091 7
0192 pf 34 -1.068 0.837 1.357 8
0192 pf 35 -0.047 0.575 0.577 7
0192 pf 36 -1.526 0.460 1.594 8
0192 pf 37 -1.540 1.552 2.187 7
0192 pf 38 -0.712 1.440 1.606 7
0192 pf 39 -1.268 0.795 1.497 8
0192 pf 40 -1.200 1.805 2.168 7
0192 pf 41 -1.225 1.962 2.313 7
0192 pf 42 -0.814 0.930 1.236 7
0192 pf 43 -0.716 1.086 1.301 7
0192 pf 44 -1.253 1.156 1.705 8
0192 pf 45 -0.522 0.968 1.100 7
0192 pf 46 -0.987 1.273 1.611 7
0192 pf 47 -1.134 1.653 2.005 7
0192 pf 48 -0.470 1.081 1.179 7
0192 pf 49 -0.800 0.795 1.128 8
0192 pf 50 -1.091 1.784 2.091 7
0216 em 00 -1.163 0.953 1.503 8
0216 cf 00 -1.557 0.587 1.664 8
0216 pf 01 -0.309 0.360 0.474 7
0216 pf 02 -1.390 1.322 1.918 8
0216 pf 03 -0.385 1.439 1.490 7
0216 pf 04 -1.329 0.298 1.362 8
0216 pf 05 -0.868 0.883 1.238 7
0216 pf 06 -1.554 0.675 1.694 8
0216 pf 07 -0.844 0.943 1.266 7
0216 pf 08 -0.931 1.217 1.532 7
0216 pf 09 -1.275 0.604 1.410 8
0216 pf 10 -1.381 0.303 1.414 8
0216 pf 11 -1.406 0.555 1.512 8
0216 pf 12 -1.301 0.528 1.404 8
0216 pf 13 -1.201 1.372 1.824 7
0216 pf 14 -1.424 -0.421 1.485 1
0216 pf 15 -1.464 0.613 1.587 8
0216 pf 16 -1.201 0.261 1.229 8
0216 pf 17 -0.738 1.132 1.351 7
0216 pf 18 -0.992 1.186 1.546 7
0216 pf 19 -1.991 0.649 2.094 8
0216 pf 20 -0.996 1.183 1.546 7
0216 pf 21 -1.163 0.429 1.239 8
0216 pf 22 -0.795 1.491 1.689 7
0216 pf 23 -0.559 1.429 1.534 7
0216 pf 24 -1.654 0.656 1.779 8
0216 pf 25 -1.135 1.412 1.811 7
0216 pf 26 -1.568 0.819 1.769 8
0216 pf 27 -0.971 1.223 1.562 7
0216 pf 28 -1.031 0.747 1.273 8
0216 pf 29 -0.758 1.152 1.379 7
0216 pf 30 -1.432 0.290 1.461 8
0216 pf 31 -1.677 1.547 2.281 8
0216 pf 32 -1.799 0.834 1.983 8
0216 pf 33 -1.582 1.540 2.208 8
0216 pf 34 -1.293 0.571 1.413 8
0216 pf 35 -0.076 0.867 0.871 7
0216 pf 36 -1.442 0.250 1.464 8
0216 pf 37 -1.548 1.438 2.112 8
0216 pf 38 -0.636 1.167 1.329 7
0216 pf 39 -1.460 0.252 1.481 8
0216 pf 40 -1.518 1.613 2.215 7
0216 pf 41 -1.467 2.110 2.569 7
0216 pf 42 -0.923 0.562 1.081 8
0216 pf 43 -0.873 0.854 1.221 8
0216 pf 44 -1.475 1.060 1.816 8
0216 pf 45 -0.783 0.927 1.214 7
0216 pf 46 -1.091 1.351 1.737 7
0216 pf 47 -1.148 1.832 2.162 7
0216 pf 48 -0.455 0.998 1.097 7
0216 pf 49 -0.516 1.117 1.230 7
0216 pf 50 -1.500 1.659 2.237 7
0240 em 00 -1.189 0.773 1.418 8
0240 cf 00 -1.688 0.376 1.729 8
0240 pf 01 -0.051 0.374 0.378 7
0240 pf 02 -1.336 1.230 1.817 8
0240 pf 03 -0.576 1.475 1.583 7
0240 pf 04 -1.433 0.072 1.435 8
0240 pf 05 -1.109 0.704 1.314 8
0240 pf 06 -1.881 0.657 1.992 8
0240 pf 07 -1.240 0.852 1.504 8
0240 pf 08 -0.902 0.917 1.286 7
0240 pf 09 -1.145 0.326 1.190 8
0240 pf 10 -1.267 -0.043 1.268 1
0240 pf 11 -1.555 0.440 1.616 8
0240 pf 12 -1.347 0.456 1.422 8
0240 pf 13 -1.220 1.031 1.597 8
0240 pf 14 -1.256 -0.635 1.407 1
0240 pf 15 -1.589 0.400 1.638 8
0240 pf 16 -1.112 0.157 1.123 8
0240 pf 17 -0.767 1.084 1.328 7
0240 pf 18 -0.923 0.968 1.337 7
0240 pf 19 -1.955 0.254 1.972 8
0240 pf 20 -0.993 0.850 1.307 8
0240 pf 21 -0.657 0.041 0.658 8
0240 pf 22 -0.774 1.353 1.559 7
0240 pf 23 -0.341 1.196 1.244 7
0240 pf 24 -1.788 0.491 1.854 8
0240 pf 25 -1.288 1.211 1.768 8
0240 pf 26 -1.508 0.549 1.605 8
0240 pf 27 -0.904 1.150 1.463 7
0240 pf 28 -0.968 0.466 1.075 8
0240 pf 29 -0.862 1.077 1.380 7
0240 pf 30 -1.311 0.014 1.312 8
0240 pf 31 -1.518 1.314 2.008 8
0240 pf 32 -1.711 0.276 1.733 8
0240 pf 33 -1.962 1.358 2.386 8
0240 pf 34 -1.376 0.573 1.490 8
0240 pf 35 -0.292 0.751 0.806 7
0240 pf 36 -1.580 -0.017 1.580 1
0240 pf 37 -1.520 1.354 2.036 8
0240 pf 38 -0.780 1.165 1.402 7
0240 pf 39 -1.324 -0.411 1.386 1
0240 pf 40 -1.689 1.639 2.353 8
0240 pf 41 -1.540 2.088 2.595 7
0240 pf 42 -0.794 0.515 0.947 8
0240 pf 43 -0.896 0.831 1.222 8
0240 pf 44 -1.613 0.785 1.794 8
0240 pf 45 -1.006 0.663 1.205 8
0240 pf 46 -1.079 1.264 1.662 7
0240 pf 47 -1.058 1.595 1.914 7
0240 pf 48 -0.618 0.841 1.044 7
0240 pf 49 -0.635 1.430 1.565 7
0240 pf 50 -1.657 1.107 1.993 8
0264 em 00 -1.225 0.483 1.316 8
0264 cf 00 -1.630 -0.136 1.635 1
0264 pf 01 0.154 0.157 0.220 6
0264 pf 02 -1.260 1.070 1.653 8
0264 pf 03 -1.020 1.479 1.797 7
0264 pf 04 -1.337 -0.557 1.448 1
0264 pf 05 -1.192 0.200 1.209 8
0264 pf 06 -2.374 0.572 2.442 8
0264 pf 07 -1.190 0.630 1.346 8
0264 pf 08 -1.007 0.531 1.138 8
0264 pf 09 -1.034 -0.048 1.035 1
0264 pf 10 -1.208 -0.448 1.289 1
0264 pf 11 -1.735 0.215 1.749 8
0264 pf 12 -1.038 -0.169 1.052 1
0264 pf 13 -1.405 0.631 1.540 8
0264 pf 14 -1.099 -0.896 1.418 1
0264 pf 15 -1.623 0.109 1.627 8
0264 pf 16 -1.088 -0.018 1.088 1
0264 pf 17 -0.903 1.020 1.362 7
0264 pf 18 -1.146 0.516 1.257 8
0264 pf 19 -2.098 0.016 2.098 8
0264 pf 20 -1.016 0.735 1.254 8
0264 pf 21 -0.181 -0.199 0.269 2
0264 pf 22 -0.702 1.258 1.441 7
0264 pf 23 -0.227 0.885 0.913 7
0264 pf 24 -1.881 0.232 1.896 8
0264 pf 25 -1.399 1.062 1.756 8
0264 pf 26 -1.477 0.278 1.503 8
0264 pf 27 -0.716 0.898 1.148 7
0264 pf 28 -1.295 0.261 1.321 8
0264 pf 29 -1.050 0.659 1.240 8
0264 pf 30 -1.341 -0.271 1.368 1
0264 pf 31 -1.638 0.785 1.817 8
0264 pf 32 -1.943 -0.292 1.965 1
0264 pf 33 -2.056 1.217 2.389 8
0264 pf 34 -1.334 0.267 1.360 8
0264 pf 35 -0.544 0.239 0.594 8
0264 pf 36 -1.409 -0.224 1.427 1
0264 pf 37 -1.656 0.552 1.746 8
0264 pf 38 -0.787 1.465 1.664 7
0264 pf 39 -1.311 -0.740 1.506 1
0264 pf 40 -1.814 1.525 2.370 8
0264 pf 41 -1.780 1.393 2.260 8
0264 pf 42 -0.704 0.474 0.849 8
0264 pf 43 -0.804 0.755 1.103 8
0264 pf 44 -1.844 0.492 1.908 8
0264 pf 45 -1.103 0.120 1.109 8
0264 pf 46 -1.136 0.896 1.446 8
0264 pf 47 -0.885 1.181 1.476 7
0264 pf 48 -0.725 0.910 1.164 7
0264 pf 49 -0.805 1.512 1.713 7
0264 pf 50 -1.492 0.741 1.666 8
0288 em 00 -1.171 0.220 1.192 8
0288 cf 00 -1.331 -0.459 1.408 1
0288 pf 01 0.217 0.139 0.258 5
0288 pf 02 -1.335 0.784 1.548 8
0288 pf 03 -1.294 1.223 1.781 8
0288 pf 04 -1.133 -1.031 1.532 1
0288 pf 05 -0.967 0.035 0.967 8
0288 pf 06 -2.483 0.419 2.518 8
0288 pf 07 -1.056 0.285 1.094 8
0288 pf 08 -0.938 0.498 1.062 8
0288 pf 09 -0.928 -0.535 1.071 1
0288 pf 10 -0.978 -0.796 1.261 1
0288 pf 11 -1.581 -0.421 1.636 1
0288 pf 12 -0.688 -0.182 0.712 1
0288 pf 13 -1.470 0.696 1.627 8
0288 pf 14 -1.008 -1.089 1.484 2
0288 pf 15 -1.353 0.156 1.362 8
0288 pf 16 -0.776 -0.279 0.825 1
0288 pf 17 -0.800 0.858 1.173 7
0288 pf 18 -1.099 0.339 1.150 8
0288 pf 19 -2.081 -0.546 2.152 1
0288 pf 20 -1.038 0.596 1.197 8
0288 pf 21 -0.103 -0.279 0.297 2
0288 pf 22 -0.676 1.143 1.328 7
0288 pf 23 -0.275 0.646 0.703 7
0288 pf 24 -1.891 -0.251 1.907 1
0288 pf 25 -1.571 0.692 1.717 8
0288 pf 26 -1.325 0.014 1.325 8
0288 pf 27 -0.717 0.619 0.948 8
0288 pf 28 -1.478 0.244 1.498 8
0288 pf 29 -1.212 0.213 1.230 8
0288 pf 30 -1.220 -0.076 1.222 1
0288 pf 31 -1.858 0.248 1.875 8
0288 pf 32 -1.751 -0.544 1.834 1
0288 pf 33 -1.926 0.838 2.101 8
0288 pf 34 -1.264 -0.204 1.280 1
0288 pf 35 -0.219 0.383 0.441 7
0288 pf 36 -1.323 -0.801 1.547 1
0288 pf 37 -1.564 -0.080 1.566 1
0288 pf 38 -0.919 1.538 1.791 7
0288 pf 39 -0.998 -0.896 1.341 1
0288 pf 40 -1.789 1.278 2.198 8
0288 pf 41 -1.755 0.738 1.904 8
0288 pf 42 -0.704 0.318 0.773 8
0288 pf 43 -0.998 0.327 1.050 8
0288 pf 44 -1.798 0.113 1.801 8
0288 pf 45 -1.286 -0.437 1.358 1
0288 pf 46 -1.091 0.544 1.219 8
0288 pf 47 -0.768 0.991 1.254 7
0288 pf 48 -0.512 0.819 0.966 7
0288 pf 49 -1.035 1.428 1.764 7
0288 pf 50 -1.378 0.354 1.423 8
0312 em 00 -0.964 0.068 0.966 8
0312 cf 00 -0.899 -0.693 1.135 1
0312 pf 01 0.208 0.176 0.272 5
0312 pf 02 -1.212 0.896 1.508 8
0312 pf 03 -1.310 0.871 1.573 8
0312 pf 04 -0.563 -1.050 1.192 2
0312 pf 05 -0.484 -0.327 0.584 1
0312 pf 06 -2.270 -0.146 2.274 1
0312 pf 07 -0.992 0.057 0.994 8
0312 pf 08 -0.667 0.299 0.731 8
0312 pf 09 -0.594 -0.540 0.803 1
0312 pf 10 -0.620 -0.818 1.026 2
0312 pf 11 -1.492 -0.665 1.634 1
0312 pf 12 -0.516 -0.307 0.601 1
0312 pf 13 -1.238 0.807 1.478 8
0312 pf 14 -0.680 -1.379 1.538 2
0312 pf 15 -0.881 0.177 0.899 8
0312 pf 16 -0.774 -0.335 0.844 1
0312 pf 17 -0.459 0.733 0.865 7
0312 pf 18 -0.907 0.275 0.948 8
0312 pf 19 -2.256 -1.066 2.495 1
0312 pf 20 -0.502 0.428 0.660 8
0312 pf 21 -0.214 -0.377 0.434 2
0312 pf 22 -0.420 1.084 1.162 7
0312 pf 23 -0.345 0.898 0.962 7
0312 pf 24 -1.645 -0.651 1.769 1
0312 pf 25 -1.734 0.379 1.775 8
0312 pf 26 -0.876 -0.205 0.900 1
0312 pf 27 -0.368 0.774 0.857 7
0312 pf 28 -1.440 0.083 1.442 8
0312 pf 29 -0.961 -0.034 0.961 1
0312 pf 30 -0.813 -0.047 0.815 1
0312 pf 31 -1.701 -0.316 1.730 1
0312 pf 32 -1.516 -0.631 1.642 1
0312 pf 33 -1.697 0.486 1.765 8
0312 pf 34 -0.983 -0.334 1.038 1
0312 pf 35 0.015 0.745 0.745 6
0312 pf 36 -1.211 -1.169 1.683 1
0312 pf 37 -1.273 -0.296 1.307 1
0312 pf 38 -1.092 1.532 1.881 7
0312 pf 39 -0.772 -1.119 1.359 2
0312 pf 40 -2.059 1.279 2.424 8
0312 pf 41 -1.403 0.159 1.412 8
0312 pf 42 -0.293 0.488 0.570 7
0312 pf 43 -0.975 0.314 1.024 8
0312 pf 44 -1.309 -0.061 1.310 1
0312 pf 45 -1.330 -0.813 1.558 1
0312 pf 46 -0.769 0.469 0.901 8
0312 pf 47 -0.277 0.870 0.913 7
0312 pf 48 -0.194 0.788 0.811 7
0312 pf 49 -1.201 1.146 1.660 8
0312 pf 50 -0.820 0.131 0.831 8
0336 em 00 -0.705 -0.079 0.709 1
0336 cf 00 -0.588 -0.724 0.933 2
0336 pf 01 0.053 0.183 0.191 6
0336 pf 02 -0.962 0.633 1.152 8
0336 pf 03 -0.938 0.463 1.046 8
0336 pf 04 -0.110 -0.901 0.907 2
0336 pf 05 0.056 -0.660 0.663 3
0336 pf 06 -1.843 -0.548 1.923 1
0336 pf 07 -0.806 -0.294 0.858 1
0336 pf 08 -0.382 -0.205 0.434 1
0336 pf 09 -0.433 -0.506 0.666 2
0336 pf 10 -0.210 -0.880 0.904 2
0336 pf 11 -0.961 -0.838 1.275 1
0336 pf 12 -0.359 -0.511 0.625 2
0336 pf 13 -0.859 0.428 0.960 8
0336 pf 14 -0.249 -1.357 1.380 2
0336 pf 15 -0.598 0.016 0.598 8
0336 pf 16 -0.651 -0.317 0.724 1
0336 pf 17 -0.010 0.491 0.491 7
0336 pf 18 -0.241 -0.049 0.246 1
0336 pf 19 -1.906 -1.429 2.382 1
0336 pf 20 0.159 0.202 0.257 6
0336 pf 21 0.018 -0.426 0.427 3
0336 pf 22 -0.469 0.740 0.876 7
0336 pf 23 -0.165 1.229 1.240 7
0336 pf 24 -1.206 -0.714 1.401 1
0336 pf 25 -1.802 0.249 1.819 8
0336 pf 26 -1.064 -0.393 1.135 1
0336 pf 27 -0.310 0.704 0.769 7
0336 pf 28 -1.163 -0.280 1.196 1
0336 pf 29 -0.758 -0.070 0.762 1
0336 pf 30 -0.782 -0.003 0.782 1
0336 pf 31 -0.906 -0.690 1.139 1
0336 pf 32 -1.156 -0.847 1.434 1
0336 pf 33 -1.386 0.461 1.461 8
0336 pf 34 -0.699 -0.342 0.778 1
0336 pf 35 0.335 0.738 0.810 6
0336 pf 36 -1.176 -1.393 1.823 2
0336 pf 37 -1.052 -0.261 1.084 1
0336 pf 38 -1.443 1.214 1.886 8
0336 pf 39 -0.377 -1.240 1.296 2
0336 pf 40 -2.418 0.869 2.569 8
0336 pf 41 -1.049 0.004 1.049 8
0336 pf 42 -0.030 0.401 0.402 7
0336 pf 43 -1.160 0.356 1.214 8
0336 pf 44 -0.954 -0.387 1.030 1
0336 pf 45 -1.237 -1.064 1.632 1
0336 pf 46 0.045 0.449 0.451 6
0336 pf 47 0.169 0.953 0.968 6
0336 pf 48 -0.084 0.838 0.842 7
0336 pf 49 -1.004 1.268 1.618 7
0336 pf 50 -0.416 -0.130 0.436 1
0360 em 00 -0.480 -0.228 0.532 1
0360 cf 00 -0.480 -0.874 0.997 2
0360 pf 01 -0.188 -0.057 0.197 1
0360 pf 02 -1.085 0.307 1.128 8
0360 pf 03 -0.612 0.092 0.619 8
0360 pf 04 0.290 -0.523 0.598 3
0360 pf 05 0.468 -0.860 0.979 3
0360 pf 06 -1.263 -0.727 1.457 1
0360 pf 07 -0.613 -0.636 0.883 2
0360 pf 08 -0.440 -0.311 0.539 1
0360 pf 09 -0.438 -0.830 0.939 2
0360 pf 10 0.022 -0.749 0.749 3
0360 pf 11 -0.115 -0.942 0.949 2
0360 pf 12 0.113 -0.601 0.612 3
0360 pf 13 -0.467 0.301 0.555 8
0360 pf 14 -0.179 -1.390 1.402 2
0360 pf 15 -0.222 -0.023 0.223 1
0360 pf 16 -0.538 -0.547 0.767 2
0360 pf 17 0.520 0.512 0.730 5
0360 pf 18 0.124 -0.378 0.398 3
0360 pf 19 -1.473 -1.380 2.018 1
0360 pf 20 0.645 0.071 0.649 5
0360 pf 21 0.120 -0.593 0.605 3
0360 pf 22 -0.822 0.429 0.927 8
0360 pf 23 0.196 1.199 1.215 6
0360 pf 24 -0.502 -0.711 0.870 2
0360 pf 25 -1.651 0.005 1.651 8
0360 pf 26 -1.209 -1.041 1.595 1
0360 pf 27 -0.665 0.183 0.689 8
0360 pf 28 -0.959 -0.642 1.154 1
0360 pf 29 -0.303 -0.620 0.690 2
0360 pf 30 -0.495 -0.060 0.498 1
0360 pf 31 -0.202 -1.041 1.060 2
0360 pf 32 -0.882 -1.333 1.599 2
0360 pf 33 -1.116 0.509 1.226 8
0360 pf 34 -0.291 -0.428 0.518 2
0360 pf 35 0.161 0.819 0.834 6
0360 pf 36 -0.884 -1.327 1.594 2
0360 pf 37 -0.827 0.012 0.827 8
0360 pf 38 -1.498 1.213 1.928 8
0360 pf 39 -0.117 -1.395 1.400 2
0360 pf 40 -2.588 0.436 2.624 8
0360 pf 41 -0.891 -0.337 0.952 1
0360 pf 42 0.355 0.579 0.679 6
0360 pf 43 -1.350 0.482 1.434 8
0360 pf 44 -0.850 -0.801 1.168 1
0360 pf 45 -1.133 -1.262 1.696 2
0360 pf 46 0.394 0.236 0.459 5
0360 pf 47 0.406 0.913 0.999 6
0360 pf 48 0.097 0.855 0.861 6
0360 pf 49 -0.666 1.381 1.533 7
0360 pf 50 -0.057 -0.275 0.281 2
0384 em 00 -0.308 -0.298 0.428 1
0384 cf 00 -0.408 -1.172 1.241 2
0384 pf 01 -0.307 0.136 0.335 8
0384 pf 02 -1.289 -0.166 1.299 1
0384 pf 03 -0.006 0.011 0.013 7
0384 pf 04 0.239 -0.508 0.562 3
0384 pf 05 0.531 -0.864 1.014 3
0384 pf 06 -1.074 -0.729 1.298 1
0384 pf 07 -0.660 -0.599 0.891 1
0384 pf 08 -0.589 -0.438 0.733 1
0384 pf 09 -0.294 -1.011 1.053 2
0384 pf 10 0.225 -0.460 0.512 3
0384 pf 11 0.725 -0.965 1.207 3
0384 pf 12 0.757 -0.595 0.963 4
0384 pf 13 0.181 0.489 0.521 6
0384 pf 14 0.052 -1.062 1.063 3
0384 pf 15 -0.019 0.032 0.037 7
0384 pf 16 -0.369 -0.772 0.856 2
0384 pf 17 0.423 0.888 0.984 6
0384 pf 18 0.021 -0.506 0.507 3
0384 pf 19 -1.256 -1.319 1.821 2
0384 pf 20 1.028 0.117 1.034 5
0384 pf 21 0.409 -0.679 0.793 3
0384 pf 22 -0.680 0.571 0.888 8
0384 pf 23 0.509 1.098 1.211 6
0384 pf 24 -0.063 -0.894 0.896 2
0384 pf 25 -1.516 -0.473 1.588 1
0384 pf 26 -1.414 -1.365 1.965 1
0384 pf 27 -0.947 -0.024 0.947 1
0384 pf 28 -0.774 -0.730 1.064 1
0384 pf 29 0.149 -0.578 0.597 3
0384 pf 30 -0.605 -0.345 0.696 1
0384 pf 31 0.231 -1.229 1.250 3
0384 pf 32 -0.313 -1.299 1.336 2
0384 pf 33 -0.580 0.441 0.729 8
0384 pf 34 -0.207 -0.299 0.363 2
0384 pf 35 0.222 0.861 0.889 6
0384 pf 36 -0.336 -1.375 1.415 2
0384 pf 37 -0.502 -0.043 0.504 1
0384 pf 38 -1.524 1.164 1.918 8
0384 pf 39 -0.165 -1.423 1.432 2
0384 pf 40 -2.538 -0.074 2.539 1
0384 pf 41 -0.627 -0.398 0.742 1
0384 pf 42 0.477 0.638 0.797 6
0384 pf 43 -1.411 0.289 1.440 8
0384 pf 44 -0.717 -0.922 1.168 2
0384 pf 45 -1.131 -1.604 1.963 2
0384 pf 46 0.431 -0.093 0.441 4
0384 pf 47 0.410 0.855 0.948 6
0384 pf 48 0.015 0.734 0.734 6
0384 pf 49 -0.665 1.267 1.431 7
0384 pf 50 0.496 -0.236 0.550 4
0408 em 00 -0.211 -0.304 0.370 2
0408 cf 00 -0.543 -1.373 1.477 2
0408 pf 01 -0.286 0.176 0.336 8
0408 pf 02 -1.281 -0.428 1.351 1
0408 pf 03 0.370 -0.195 0.418 4
0408 pf 04 0.446 -0.343 0.562 4
0408 pf 05 0.433 -0.733 0.852 3
0408 pf 06 -0.637 -0.893 1.097 2
0408 pf 07 -0.653 -0.658 0.927 2
0408 pf 08 -0.660 -0.209 0.692 1
0408 pf 09 -0.176 -1.152 1.166 2
0408 pf 10 0.275 -0.259 0.377 4
0408 pf 11 1.005 -0.918 1.361 4
0408 pf 12 0.768 -0.316 0.830 4
0408 pf 13 0.573 0.506 0.765 5
0408 pf 14 0.084 -0.788 0.793 3
0408 pf 15 0.145 -0.146 0.206 3
0408 pf 16 -0.074 -0.942 0.945 2
0408 pf 17 0.197 1.129 1.146 6
0408 pf 18 0.015 -0.506 0.507 3
0408 pf 19 -0.860 -1.223 1.495 2
0408 pf 20 1.294 0.483 1.382 5
0408 pf 21 0.639 -0.507 0.816 4
0408 pf 22 -0.259 0.316 0.409 7
0408 pf 23 0.313 1.080 1.125 6
0408 pf 24 -0.057 -0.799 0.801 2
0408 pf 25 -1.351 -0.952 1.652 1
0408 pf 26 -1.193 -1.902 2.245 2
0408 pf 27 -1.099 0.073 1.102 8
0408 pf 28 -0.422 -0.452 0.618 2
0408 pf 29 0.404 -0.749 0.851 3
0408 pf 30 -0.390 -0.517 0.648 2
0408 pf 31 0.564 -1.043 1.186 3
0408 pf 32 0.256 -1.141 1.169 3
0408 pf 33 -0.420 0.569 0.707 7
0408 pf 34 -0.292 -0.216 0.363 1
0408 pf 35 0.092 0.833 0.838 6
0408 pf 36 0.039 -1.376 1.377 3
0408 pf 37 -0.564 0.154 0.585 8
0408 pf 38 -1.475 0.766 1.662 8
0408 pf 39 0.031 -1.309 1.309 3
0408 pf 40 -2.118 -0.433 2.161 1
0408 pf 41 -0.408 -0.234 0.470 1
0408 pf 42 0.535 0.677 0.863 6
0408 pf 43 -1.278 -0.015 1.278 1
0408 pf 44 -0.822 -1.065 1.345 2
0408 pf 45 -1.020 -1.903 2.160 2
0408 pf 46 -0.139 0.003 0.139 8
0408 pf 47 -0.074 0.741 0.745 7
0408 pf 48 -0.233 0.976 1.003 7
0408 pf 49 -1.031 1.077 1.491 7
0408 pf 50 0.827 0.189 0.849 5
0432 em 00 -0.107 -0.293 0.312 2
0432 cf 00 -0.770 -1.458 1.649 2
0432 pf 01 -0.179 0.173 0.249 8
0432 pf 02 -0.988 -0.470 1.094 1
0432 pf 03 0.723 -0.131 0.735 4
0432 pf 04 0.599 -0.353 0.695 4
0432 pf 05 0.400 -0.450 0.602 3
0432 pf 06 -0.301 -0.805 0.860 2
0432 pf 07 -0.737 -0.982 1.228 2
0432 pf 08 -0.912 -0.452 1.018 1
0432 pf 09 -0.102 -0.960 0.965 2
0432 pf 10 0.238 -0.235 0.335 4
0432 pf 11 1.026 -0.655 1.217 4
0432 pf 12 0.782 -0.427 0.891 4
0432 pf 13 0.762 0.588 0.963 5
0432 pf 14 -0.247 -0.817 0.854 2
0432 pf 15 0.491 -0.317 0.585 4
0432 pf 16 0.028 -1.011 1.011 3
0432 pf 17 -0.091 1.504 1.507 7
0432 pf 18 0.042 -0.528 0.530 3
0432 pf 19 -0.315 -1.357 1.393 2
0432 pf 20 1.499 0.547 1.596 5
0432 pf 21 0.723 -0.374 0.814 4
0432 pf 22 -0.128 0.320 0.345 7
0432 pf 23 0.031 1.168 1.169 6
0432 pf 24 0.242 -0.748 0.786 3
0432 pf 25 -1.002 -1.478 1.786 2
0432 pf 26 -0.889 -2.109 2.289 2
0432 pf 27 -0.856 0.068 0.859 8
0432 pf 28 0.022 -0.572 0.572 3
0432 pf 29 1.053 -0.229 1.078 4
0432 pf 30 -0.263 -0.573 0.630 2
0432 pf 31 0.819 -0.712 1.086 4
0432 pf 32 0.243 -0.777 0.814 3
0432 pf 33 -0.633 0.491 0.801 8
0432 pf 34 -0.853 -0.239 0.886 1
0432 pf 35 -0.237 0.779 0.814 7
0432 pf 36 0.002 -1.374 1.374 3
0432 pf 37 -0.591 0.486 0.765 8
0432 pf 38 -1.295 0.518 1.395 8
0432 pf 39 0.410 -1.016 1.096 3
0432 pf 40 -1.443 -0.491 1.524 1
0432 pf 41 0.015 -0.277 0.277 3
0432 pf 42 0.618 0.577 0.845 5
0432 pf 43 -0.673 -0.066 0.676 1
0432 pf 44 -0.455 -1.128 1.216 2
0432 pf 45 -0.572 -2.125 2.201 2
0432 pf 46 -0.578 -0.150 0.597 1
0432 pf 47 -0.358 0.615 0.712 7
0432 pf 48 -0.155 1.055 1.066 7
0432 pf 49 -1.249 0.959 1.575 8
0432 pf 50 0.785 0.616 0.998 5
0456 em 00 0.061 -0.283 0.289 3
0456 cf 00 -0.519 -1.314 1.413 2
0456 pf 01 -0.449 -0.227 0.503 1
0456 pf 02 -0.681 -0.635 0.931 1
0456 pf 03 1.158 0.100 1.163 5
0456 pf 04 0.707 -0.299 0.768 4
0456 pf 05 0.694 -0.358 0.781 4
0456 pf 06 -0.445 -0.962 1.060 2
0456 pf 07 -0.489 -1.039 1.148 2
0456 pf 08 -1.023 -0.554 1.163 1
0456 pf 09 -0.002 -0.934 0.934 2
0456 pf 10 0.381 -0.268 0.465 4
0456 pf 11 1.103 -0.027 1.104 4
0456 pf 12 0.949 -0.160 0.962 4
0456 pf 13 0.802 1.343 1.564 6
0456 pf 14 -0.467 -0.703 0.844 2
0456 pf 15 0.825 -0.510 0.970 4
0456 pf 16 0.067 -1.025 1.027 3
0456 pf 17 -0.079 1.805 1.807 7
0456 pf 18 0.333 -0.223 0.401 4
0456 pf 19 0.119 -1.226 1.232 3
0456 pf 20 1.879 0.964 2.112 5
0456 pf 21 0.829 -0.280 0.875 4
0456 pf 22 0.005 0.391 0.391 6
0456 pf 23 -0.069 1.329 1.331 7
0456 pf 24 0.429 -0.644 0.774 3
0456 pf 25 -0.510 -1.904 1.971 2
0456 pf 26 -0.568 -2.366 2.434 2
0456 pf 27 -0.717 0.049 0.719 8
0456 pf 28 0.372 -0.361 0.518 4
0456 pf 29 1.681 0.015 1.682 5
0456 pf 30 -0.088 -0.528 0.535 2
0456 pf 31 1.163 -0.339 1.211 4
0456 pf 32 0.393 -0.764 0.860 3
0456 pf 33 -0.523 0.318 0.612 8
0456 pf 34 -1.374 -0.126 1.379 1
0456 pf 35 -0.439 0.619 0.759 7
0456 pf 36 0.385 -1.575 1.621 3
0456 pf 37 -0.438 0.386 0.583 8
0456 pf 38 -1.130 0.301 1.169 8
0456 pf 39 0.643 -0.663 0.924 3
0456 pf 40 -0.777 -0.503 0.926 1
0456 pf 41 0.653 -0.263 0.704 4
0456 pf 42 0.547 0.604 0.815 6
0456 pf 43 -0.402 0.171 0.437 8
0456 pf 44 -0.233 -1.342 1.362 2
0456 pf 45 0.033 -2.184 2.184 3
0456 pf 46 -0.880 -0.556 1.041 1
0456 pf 47 -0.306 0.555 0.633 7
0456 pf 48 -0.276 0.614 0.673 7
0456 pf 49 -0.762 0.158 0.779 8
0456 pf 50 0.667 0.355 0.756 5
0480 em 00 0.202 -0.281 0.346 3
0480 cf 00 -0.122 -1.369 1.375 2
0480 pf 01 -0.458 -0.576 0.736 2
0480 pf 02 -0.310 -0.696 0.762 2
0480 pf 03 1.477 0.586 1.589 5
0480 pf 04 0.786 0.126 0.796 5
0480 pf 05 0.289 -0.454 0.539 3
0480 pf 06 -0.298 -0.896 0.944 2
0480 pf 07 -0.282 -1.214 1.247 2
0480 pf 08 -0.880 -0.656 1.098 1
0480 pf 09 0.018 -0.621 0.621 3
0480 pf 10 0.518 -0.484 0.709 4
0480 pf 11 1.178 0.505 1.282 5
0480 pf 12 0.926 -0.394 1.007 4
0480 pf 13 0.905 1.806 2.020 6
0480 pf 14 -0.968 -0.566 1.121 1
0480 pf 15 1.134 -0.404 1.204 4
0480 pf 16 0.094 -1.379 1.382 3
0480 pf 17 -0.065 1.594 1.595 7
0480 pf 18 0.353 -0.212 0.411 4
0480 pf 19 0.473 -1.280 1.365 3
0480 pf 20 1.902 1.387 2.354 5
0480 pf 21 0.722 0.024 0.723 5
0480 pf 22 0.209 0.597 0.633 6
0480 pf 23 0.426 1.634 1.689 6
0480 pf 24 0.608 -0.273 0.666 4
0480 pf 25 0.063 -2.118 2.119 3
0480 pf 26 -0.297 -2.538 2.555 2
0480 pf 27 -0.812 0.067 0.815 8
0480 pf 28 0.565 -0.208 0.602 4
0480 pf 29 2.501 0.095 2.503 5
0480 pf 30 0.220 -0.723 0.756 3
0480 pf 31 1.371 -0.096 1.375 4
0480 pf 32 0.640 -0.342 0.726 4
0480 pf 33 -0.254 0.264 0.366 7
0480 pf 34 -1.334 -0.403 1.394 1
0480 pf 35 -0.465 0.304 0.555 8
0480 pf 36 0.634 -1.523 1.649 3
0480 pf 37 -0.659 0.290 0.720 8
0480 pf 38 -0.876 0.000 0.876 8
0480 pf 39 0.658 -0.482 0.816 4
0480 pf 40 0.026 -0.351 0.352 3
0480 pf 41 0.979 -0.215 1.002 4
0480 pf 42 0.378 0.429 0.572 6
0480 pf 43 -0.090 0.286 0.300 7
0480 pf 44 -0.325 -1.772 1.801 2
0480 pf 45 0.432 -2.269 2.310 3
0480 pf 46 -0.694 -0.770 1.037 2
0480 pf 47 -0.524 0.336 0.622 8
0480 pf 48 -0.384 0.281 0.476 8
0480 pf 49 -0.721 -0.319 0.788 1
0480 pf 50 0.664 0.294 0.726 5
0504 em 00 0.320 -0.201 0.378 4
0504 cf 00 -0.031 -1.320 1.321 2
0504 pf 01 -0.476 -0.832 0.959 2
0504 pf 02 -0.248 -0.844 0.880 2
0504 pf 03 1.769 1.034 2.049 5
0504 pf 04 0.775 0.702 1.045 5
0504 pf 05 -0.190 -0.382 0.427 2
0504 pf 06 -0.058 -1.265 1.266 2
0504 pf 07 0.245 -1.462 1.482 3
0504 pf 08 -0.570 -0.569 0.805 1
0504 pf 09 0.421 -0.524 0.672 3
0504 pf 10 0.543 -0.657 0.853 3
0504 pf 11 1.059 0.857 1.362 5
0504 pf 12 0.866 -0.189 0.886 4
0504 pf 13 0.532 2.293 2.354 6
0504 pf 14 -0.915 -0.632 1.112 1
0504 pf 15 1.446 0.078 1.448 5
0504 pf 16 0.586 -1.333 1.456 3
0504 pf 17 -0.154 1.241 1.250 7
0504 pf 18 0.334 0.017 0.335 5
0504 pf 19 0.562 -0.974 1.125 3
0504 pf 20 1.355 1.777 2.234 6
0504 pf 21 0.671 -0.063 0.674 4
0504 pf 22 0.473 0.504 0.691 6
0504 pf 23 0.403 1.911 1.953 6
0504 pf 24 0.975 0.024 0.976 5
0504 pf 25 0.338 -2.169 2.195 3
0504 pf 26 0.181 -2.564 2.570 3
0504 pf 27 -0.895 0.164 0.910 8
0504 pf 28 0.498 -0.275 0.569 4
0504 pf 29 2.570 0.806 2.693 5
0504 pf 30 0.332 -0.512 0.610 3
0504 pf 31 1.826 0.289 1.849 5
0504 pf 32 0.750 0.086 0.755 5
0504 pf 33 0.130 0.326 0.351 6
0504 pf 34 -1.085 -0.812 1.355 1
0504 pf 35 -0.118 0.243 0.271 7
0504 pf 36 0.938 -1.180 1.507 3
0504 pf 37 -0.976 0.349 1.036 8
0504 pf 38 -0.745 -0.319 0.811 1
0504 pf 39 0.764 -0.340 0.836 4
0504 pf 40 0.448 -0.608 0.756 3
0504 pf 41 1.380 0.104 1.384 5
0504 pf 42 0.509 0.281 0.581 5
0504 pf 43 0.177 0.402 0.440 6
0504 pf 44 -0.377 -2.212 2.244 2
0504 pf 45 1.000 -1.922 2.167 3
0504 pf 46 -0.542 -1.250 1.363 2
0504 pf 47 -0.502 0.317 0.593 8
0504 pf 48 -0.310 0.428 0.529 7
0504 pf 49 -0.628 -0.529 0.821 1
0504 pf 50 0.429 0.860 0.961 6
0528 em 00 0.398 -0.102 0.411 4
0528 cf 00 0.086 -1.176 1.180 3
0528 pf 01 -0.178 -1.125 1.139 2
0528 pf 02 0.087 -0.900 0.904 3
0528 pf 03 1.307 1.533 2.014 6
0528 pf 04 0.742 0.932 1.192 6
0528 pf 05 -0.063 -0.142 0.155 2
0528 pf 06 0.224 -1.044 1.068 3
0528 pf 07 0.349 -1.775 1.809 3
0528 pf 08 -0.229 -0.311 0.387 2
0528 pf 09 0.642 0.042 0.644 5
0528 pf 10 0.863 -0.690 1.105 4
0528 pf 11 0.832 1.098 1.377 6
0528 pf 12 0.914 -0.175 0.931 4
0528 pf 13 0.390 2.555 2.585 6
0528 pf 14 -0.797 -0.857 1.170 2
0528 pf 15 1.633 0.407 1.683 5
0528 pf 16 0.829 -1.158 1.424 3
0528 pf 17 -0.366 1.148 1.205 7
0528 pf 18 0.083 -0.046 0.095 4
0528 pf 19 0.491 -1.094 1.199 3
0528 pf 20 0.976 1.930 2.162 6
0528 pf 21 0.376 0.314 0.490 5
0528 pf 22 0.499 0.386 0.631 5
0528 pf 23 0.166 2.077 2.083 6
0528 pf 24 0.979 0.080 0.982 5
0528 pf 25 0.470 -2.116 2.167 3
0528 pf 26 0.967 -2.293 2.488 3
0528 pf 27 -0.870 -0.267 0.910 1
0528 pf 28 0.506 -0.390 0.639 4
0528 pf 29 2.232 1.692 2.801 5
0528 pf 30 0.323 -0.294 0.437 4
0528 pf 31 1.925 0.736 2.061 5
0528 pf 32 0.720 0.502 0.878 5
0528 pf 33 0.282 0.233 0.366 5
0528 pf 34 -0.546 -1.015 1.152 2
0528 pf 35 -0.180 0.066 0.192 8
0528 pf 36 0.939 -1.033 1.396 3
0528 pf 37 -0.528 0.060 0.531 8
0528 pf 38 -0.356 -0.550 0.655 2
0528 pf 39 0.693 -0.183 0.717 4
0528 pf 40 0.642 -0.830 1.050 3
0528 pf 41 1.625 0.668 1.757 5
0528 pf 42 0.540 0.230 0.587 5
0528 pf 43 0.535 0.143 0.553 5
0528 pf 44 -0.118 -2.338 2.341 2
0528 pf 45 1.225 -1.493 1.931 3
0528 pf 46 -0.310 -1.004 1.051 2
0528 pf 47 -0.839 0.223 0.868 8
0528 pf 48 -0.070 0.383 0.389 7
0528 pf 49 -0.426 -0.395 0.581 1
0528 pf 50 0.197 1.583 1.595 6
0552 em 00 0.479 -0.037 0.480 4
0552 cf 00 0.415 -1.366 1.428 3
0552 pf 01 -0.449 -1.292 1.367 2
0552 pf 02 0.236 -1.229 1.252 3
0552 pf 03 0.834 1.865 2.044 6
0552 pf 04 0.864 1.270 1.536 6
0552 pf 05 0.564 -0.173 0.590 4
0552 pf 06 0.289 -0.796 0.846 3
0552 pf 07 0.387 -1.562 1.609 3
0552 pf 08 -0.162 -0.156 0.225 1
0552 pf 09 0.862 0.391 0.946 5
0552 pf 10 1.236 -0.713 1.426 4
0552 pf 11 0.589 1.289 1.417 6
0552 pf 12 0.957 -0.264 0.993 4
0552 pf 13 0.237 2.308 2.320 6
0552 pf 14 -0.104 -1.197 1.201 2
0552 pf 15 1.357 0.623 1.494 5
0552 pf 16 1.230 -1.068 1.629 4
0552 pf 17 -0.494 1.058 1.168 7
0552 pf 18 -0.216 -0.141 0.258 1
0552 pf 19 0.656 -1.060 1.246 3
0552 pf 20 0.743 1.943 2.080 6
0552 pf 21 0.224 0.513 0.560 6
0552 pf 22 0.477 0.216 0.523 5
0552 pf 23 0.306 2.364 2.384 6
0552 pf 24 0.955 0.255 0.989 5
0552 pf 25 0.803 -1.796 1.967 3
0552 pf 26 1.397 -1.942 2.393 3
0552 pf 27 -1.138 -0.462 1.228 1
0552 pf 28 0.732 -0.863 1.132 3
0552 pf 29 2.032 2.424 3.163 6
0552 pf 30 0.187 -0.120 0.222 4
0552 pf 31 1.776 1.226 2.159 5
0552 pf 32 0.815 0.981 1.276 6
0552 pf 33 0.436 0.236 0.496 5
0552 pf 34 -0.436 -1.129 1.210 2
0552 pf 35 0.119 -0.364 0.383 3
0552 pf 36 0.791 -0.558 0.968 4
0552 pf 37 -0.546 -0.451 0.708 1
0552 pf 38 -0.047 -0.676 0.678 2
0552 pf 39 0.512 -0.052 0.515 4
0552 pf 40 0.692 -0.769 1.034 3
0552 pf 41 1.363 1.287 1.875 5
0552 pf 42 0.666 0.134 0.680 5
0552 pf 43 0.996 -0.166 1.009 4
0552 pf 44 0.228 -2.470 2.481 3
0552 pf 45 1.343 -1.378 1.924 3
0552 pf 46 0.010 -0.625 0.625 3
0552 pf 47 -0.845 0.325 0.906 8
0552 pf 48 0.069 0.445 0.450 6
0552 pf 49 0.012 -0.417 0.417 3
0552 pf 50 0.481 1.695 1.762 6
0576 em 00 0.542 0.035 0.543 5
0576 cf 00 0.490 -1.502 1.580 3
0576 pf 01 -0.321 -1.325 1.364 2
0576 pf 02 0.121 -1.488 1.493 3
0576 pf 03 0.342 2.128 2.155 6
0576 pf 04 0.575 1.383 1.498 6
0576 pf 05 0.867 -0.067 0.869 4
0576 pf 06 0.719 -0.719 1.017 3
0576 pf 07 0.809 -1.406 1.622 3
0576 pf 08 0.056 -0.219 0.226 3
0576 pf 09 0.934 0.497 1.058 5
0576 pf 10 1.328 -0.460 1.405 4
0576 pf 11 0.579 0.988 1.145 6
0576 pf 12 1.278 -0.091 1.282 4
0576 pf 13 -0.139 1.953 1.958 7
0576 pf 14 0.299 -1.134 1.173 3
0576 pf 15 0.877 0.957 1.298 6
0576 pf 16 1.544 -1.088 1.888 4
0576 pf 17 -0.417 1.184 1.256 7
0576 pf 18 -0.099 -0.462 0.472 2
0576 pf 19 0.715 -0.818 1.087 3
0576 pf 20 0.489 1.519 1.596 6
0576 pf 21 0.286 0.788 0.838 6
0576 pf 22 0.885 0.244 0.918 5
0576 pf 23 0.109 2.514 2.516 6
0576 pf 24 1.016 0.360 1.078 5
0576 pf 25 0.781 -1.319 1.533 3
0576 pf 26 1.678 -1.820 2.476 3
0576 pf 27 -1.194 -0.561 1.319 1
0576 pf 28 0.856 -0.948 1.277 3
0576 pf 29 1.762 2.972 3.455 6
0576 pf 30 0.155 -0.424 0.451 3
0576 pf 31 1.259 1.784 2.183 6
0576 pf 32 0.463 1.519 1.588 6
0576 pf 33 0.605 0.640 0.881 6
0576 pf 34 -0.281 -0.865 0.910 2
0576 pf 35 0.470 -0.272 0.543 4
0576 pf 36 0.507 -0.130 0.523 4
0576 pf 37 -0.485 -0.612 0.781 2
0576 pf 38 0.309 -0.783 0.842 3
0576 pf 39 0.349 -0.046 0.352 4
0576 pf 40 0.768 -0.290 0.821 4
0576 pf 41 1.117 1.604 1.955 6
0576 pf 42 0.751 0.243 0.789 5
0576 pf 43 1.320 -0.163 1.330 4
0576 pf 44 0.636 -2.195 2.285 3
0576 pf 45 1.458 -1.686 2.229 3
0576 pf 46 0.031 -0.636 0.637 3
0576 pf 47 -0.702 -0.084 0.707 1
0576 pf 48 0.192 0.257 0.321 6
0576 pf 49 0.865 -0.277 0.908 4
0576 pf 50 0.574 1.830 1.918 6
0600 em 00 0.548 0.070 0.553 5
0600 cf 00 0.447 -1.645 1.705 3
0600 pf 01 0.173 -1.336 1.347 3
0600 pf 02 0.099 -1.620 1.623 3
0600 pf 03 -0.006 2.177 2.177 7
0600 pf 04 0.373 1.678 1.719 6
0600 pf 05 0.917 -0.001 0.917 4
0600 pf 06 0.901 -0.586 1.075 4
0600 pf 07 1.004 -1.248 1.602 3
0600 pf 08 0.649 -0.577 0.868 4
0600 pf 09 1.051 0.327 1.101 5
0600 pf 10 1.215 0.118 1.221 5
0600 pf 11 0.760 0.674 1.016 5
0600 pf 12 1.227 -0.018 1.227 4
0600 pf 13 -0.528 1.832 1.907 7
0600 pf 14 0.274 -0.959 0.998 3
0600 pf 15 0.588 1.266 1.396 6
0600 pf 16 1.867 -0.900 2.072 4
0600 pf 17 -0.479 1.098 1.198 7
0600 pf 18 -0.038 -0.787 0.788 2
0600 pf 19 0.438 -0.400 0.593 4
0600 pf 20 0.532 1.492 1.584 6
0600 pf 21 0.647 0.599 0.882 5
0600 pf 22 1.277 0.169 1.288 5
0600 pf 23 -0.526 2.441 2.497 7
0600 pf 24 1.094 0.076 1.097 5
0600 pf 25 0.554 -1.321 1.433 3
0600 pf 26 1.650 -1.693 2.364 3
0600 pf 27 -0.879 -0.800 1.188 1
0600 pf 28 1.025 -0.750 1.270 4
0600 pf 29 0.579 2.768 2.828 6
0600 pf 30 0.154 -0.257 0.300 3
0600 pf 31 0.602 1.852 1.948 6
0600 pf 32 -0.083 1.522 1.525 7
0600 pf 33 0.747 0.797 1.093 6
0600 pf 34 -0.317 -0.727 0.794 2
0600 pf 35 0.699 -0.037 0.700 4
0600 pf 36 0.671 0.192 0.698 5
0600 pf 37 -0.237 -0.456 0.514 2
0600 pf 38 0.596 -0.644 0.877 3
0600 pf 39 0.176 -0.147 0.229 4
0600 pf 40 0.704 -0.110 0.713 4
0600 pf 41 1.154 1.472 1.870 6
0600 pf 42 0.612 0.558 0.829 5
0600 pf 43 1.444 0.185 1.456 5
0600 pf 44 0.611 -1.732 1.836 3
0600 pf 45 1.617 -1.666 2.321 3
0600 pf 46 0.299 -0.589 0.661 3
0600 pf 47 -0.900 -0.494 1.026 1
0600 pf 48 0.326 0.183 0.374 5
0600 pf 49 1.549 -0.097 1.552 4
0600 pf 50 0.512 1.514 1.599 6
0624 em 00 0.475 0.126 0.492 5
0624 cf 00 0.246 -1.633 1.651 3
0624 pf 01 0.495 -1.506 1.585 3
0624 pf 02 -0.071 -1.694 1.696 2
0624 pf 03 -0.404 2.101 2.139 7
0624 pf 04 -0.037 2.212 2.212 7
0624 pf 05 0.751 -0.049 0.752 4
0624 pf 06 0.568 -0.074 0.572 4
0624 pf 07 1.310 -0.981 1.637 4
0624 pf 08 0.821 -0.753 1.114 4
0624 pf 09 1.182 -0.066 1.184 4
0624 pf 10 1.147 0.216 1.167 5
0624 pf 11 0.517 0.356 0.627 5
0624 pf 12 1.154 0.130 1.161 5
0624 pf 13 -1.023 1.598 1.897 7
0624 pf 14 0.290 -0.344 0.450 3
0624 pf 15 0.317 1.301 1.339 6
0624 pf 16 1.938 -0.657 2.046 4
0624 pf 17 -0.328 1.110 1.157 7
0624 pf 18 0.062 -0.977 0.979 3
0624 pf 19 0.286 -0.011 0.286 4
0624 pf 20 0.304 1.724 1.750 6
0624 pf 21 0.530 0.381 0.653 5
0624 pf 22 1.112 -0.059 1.114 4
0624 pf 23 -0.873 2.555 2.700 7
0624 pf 24 1.308 0.265 1.334 5
0624 pf 25 0.583 -1.303 1.428 3
0624 pf 26 1.567 -1.274 2.020 4
0624 pf 27 -0.501 -0.897 1.027 2
0624 pf 28 1.072 -0.799 1.338 4
0624 pf 29 -0.037 2.308 2.308 7
0624 pf 30 0.249 0.108 0.272 5
0624 pf 31 -0.095 1.613 1.616 7
0624 pf 32 -0.525 1.584 1.669 7
0624 pf 33 0.672 1.012 1.215 6
0624 pf 34 -0.276 -0.570 0.634 2
0624 pf 35 0.536 -0.052 0.539 4
0624 pf 36 0.620 0.170 0.643 5
0624 pf 37 0.195 -0.397 0.442 3
0624 pf 38 0.679 -0.553 0.876 4
0624 pf 39 -0.280 -0.069 0.289 1
0624 pf 40 0.209 -0.077 0.223 4
0624 pf 41 1.295 1.019 1.648 5
0624 pf 42 0.566 0.806 0.985 6
0624 pf 43 1.255 0.447 1.332 5
0624 pf 44 0.682 -1.112 1.305 3
0624 pf 45 1.698 -1.426 2.218 4
0624 pf 46 0.398 -0.287 0.490 4
0624 pf 47 -1.009 -0.696 1.226 1
0624 pf 48 0.431 -0.192 0.472 4
0624 pf 49 2.136 0.343 2.163 5
0624 pf 50 0.373 1.471 1.517 6
0648 em 00 0.409 0.131 0.429 5
0648 cf 00 0.193 -1.546 1.558 3
0648 pf 01 0.569 -1.427 1.537 3
0648 pf 02 0.358 -1.636 1.675 3
0648 pf 03 -0.808 1.704 1.886 7
0648 pf 04 -0.500 2.377 2.429 7
0648 pf 05 0.545 0.108 0.556 5
0648 pf 06 0.378 -0.063 0.383 4
0648 pf 07 1.647 -0.650 1.771 4
0648 pf 08 0.692 -0.847 1.093 3
0648 pf 09 1.303 -0.108 1.308 4
0648 pf 10 1.366 0.173 1.377 5
0648 pf 11 0.412 0.052 0.415 5
0648 pf 12 0.688 0.115 0.697 5
0648 pf 13 -1.272 0.992 1.613 8
0648 pf 14 0.208 -0.035 0.210 4
0648 pf 15 0.268 1.262 1.290 6
0648 pf 16 1.853 -0.669 1.970 4
0648 pf 17 -0.183 1.176 1.190 7
0648 pf 18 0.419 -1.085 1.163 3
0648 pf 19 0.125 0.183 0.222 6
0648 pf 20 0.012 1.889 1.889 6
0648 pf 21 -0.001 0.297 0.297 7
0648 pf 22 1.053 -0.154 1.065 4
0648 pf 23 -1.463 2.463 2.865 7
0648 pf 24 1.136 0.325 1.182 5
0648 pf 25 0.853 -1.379 1.622 3
0648 pf 26 1.313 -1.236 1.803 4
0648 pf 27 -0.137 -0.435 0.456 2
0648 pf 28 1.261 -0.725 1.454 4
0648 pf 29 -0.289 1.955 1.976 7
0648 pf 30 0.457 0.314 0.555 5
0648 pf 31 -0.254 1.306 1.330 7
0648 pf 32 -0.847 1.611 1.820 7
0648 pf 33 0.272 1.214 1.244 6
0648 pf 34 -0.378 -0.835 0.917 2
0648 pf 35 0.537 -0.026 0.538 4
0648 pf 36 0.438 -0.077 0.445 4
0648 pf 37 0.527 -0.447 0.691 4
0648 pf 38 0.752 -0.614 0.971 4
0648 pf 39 -0.414 0.021 0.414 8
0648 pf 40 -0.247 0.033 0.249 8
0648 pf 41 1.173 0.857 1.453 5
0648 pf 42 0.407 0.737 0.842 6
0648 pf 43 1.230 0.605 1.370 5
0648 pf 44 0.692 -0.971 1.192 3
0648 pf 45 1.641 -1.378 2.143 4
0648 pf 46 0.513 -0.143 0.533 4
0648 pf 47 -0.785 -0.923 1.211 2
0648 pf 48 0.969 -0.158 0.982 4
0648 pf 49 2.198 0.905 2.377 5
0648 pf 50 -0.027 1.420 1.421 7
0672 em 00 0.357 0.133 0.380 5
0672 cf 00 0.479 -1.602 1.672 3
0672 pf 01 0.381 -1.107 1.171 3
0672 pf 02 0.439 -1.707 1.763 3
0672 pf 03 -0.665 1.468 1.612 7
0672 pf 04 -0.984 1.906 2.145 7
0672 pf 05 0.531 0.402 0.666 5
0672 pf 06 0.301 -0.255 0.395 4
0672 pf 07 1.881 -0.552 1.960 4
0672 pf 08 0.701 -0.839 1.093 3
0672 pf 09 1.626 0.228 1.642 5
0672 pf 10 1.319 0.125 1.325 5
0672 pf 11 0.696 -0.187 0.721 4
0672 pf 12 0.699 0.141 0.714 5
0672 pf 13 -1.400 0.643 1.540 8
0672 pf 14 0.174 0.297 0.344 6
0672 pf 15 0.280 1.224 1.255 6
0672 pf 16 1.512 -0.680 1.657 4
0672 pf 17 -0.335 0.739 0.811 7
0672 pf 18 1.243 -0.826 1.493 4
0672 pf 19 -0.138 0.429 0.450 7
0672 pf 20 -0.431 1.893 1.942 7
0672 pf 21 -0.768 -0.037 0.769 1
0672 pf 22 1.359 0.132 1.365 5
0672 pf 23 -1.908 2.197 2.910 7
0672 pf 24 0.919 0.564 1.079 5
0672 pf 25 1.122 -1.305 1.721 3
0672 pf 26 1.086 -1.339 1.723 3
0672 pf 27 0.054 -0.334 0.338 3
0672 pf 28 1.367 -0.525 1.464 4
0672 pf 29 -0.173 1.419 1.429 7
0672 pf 30 0.773 0.511 0.927 5
0672 pf 31 -0.668 1.159 1.337 7
0672 pf 32 -0.884 1.668 1.888 7
0672 pf 33 -0.233 1.251 1.272 7
0672 pf 34 -0.323 -0.955 1.009 2
0672 pf 35 0.476 0.144 0.497 5
0672 pf 36 0.449 -0.072 0.455 4
0672 pf 37 0.316 -0.385 0.498 3
0672 pf 38 0.676 -0.656 0.942 4
0672 pf 39 -0.512 -0.315 0.601 1
0672 pf 40 -0.444 0.269 0.519 8
0672 pf 41 0.608 0.544 0.816 5
0672 pf 42 0.014 0.681 0.681 6
0672 pf 43 1.508 0.848 1.730 5
0672 pf 44 0.824 -0.919 1.234 3
0672 pf 45 1.543 -1.516 2.163 4
0672 pf 46 0.540 0.252 0.596 5
0672 pf 47 -0.487 -1.003 1.115 2
0672 pf 48 1.214 -0.000 1.214 4
0672 pf 49 1.598 1.335 2.082 5
0672 pf 50 -0.097 1.205 1.208 7
0696 em 00 0.314 0.089 0.326 5
0696 cf 00 0.691 -1.780 1.910 3
0696 pf 01 0.162 -0.959 0.972 3
0696 pf 02 0.729 -1.773 1.918 3
0696 pf 03 -0.195 1.343 1.357 7
0696 pf 04 -1.517 1.707 2.284 7
0696 pf 05 0.519 0.601 0.794 6
0696 pf 06 0.269 -0.536 0.600 3
0696 pf 07 2.143 -0.134 2.147 4
0696 pf 08 0.820 -1.298 1.535 3
0696 pf 09 1.712 -0.028 1.713 4
0696 pf 10 1.023 0.570 1.171 5
0696 pf 11 0.900 -0.235 0.930 4
0696 pf 12 0.820 0.061 0.822 5
0696 pf 13 -0.968 0.464 1.074 8
0696 pf 14 -0.016 0.097 0.098 7
0696 pf 15 0.123 1.126 1.133 6
0696 pf 16 1.111 -0.847 1.397 4
0696 pf 17 -0.212 0.172 0.273 8
0696 pf 18 1.900 -0.470 1.958 4
0696 pf 19 -0.207 0.405 0.455 7
0696 pf 20 -0.636 1.669 1.786 7
0696 pf 21 -0.987 0.178 1.002 8
0696 pf 22 1.787 0.035 1.787 5
0696 pf 23 -2.322 1.869 2.981 8
0696 pf 24 0.767 0.668 1.018 5
0696 pf 25 0.889 -1.060 1.383 3
0696 pf 26 0.834 -1.460 1.682 3
0696 pf 27 0.236 -0.496 0.549 3
0696 pf 28 1.421 -0.129 1.427 4
0696 pf 29 -0.340 1.113 1.164 7
0696 pf 30 0.814 0.737 1.098 5
0696 pf 31 -0.810 0.886 1.200 7
0696 pf 32 -0.613 1.410 1.537 7
0696 pf 33 -1.044 0.932 1.399 8
0696 pf 34 -0.175 -1.263 1.276 2
0696 pf 35 0.411 0.784 0.885 6
0696 pf 36 0.664 -0.387 0.768 4
0696 pf 37 -0.116 -0.187 0.220 2
0696 pf 38 0.523 -0.583 0.784 3
0696 pf 39 -0.539 -0.767 0.938 2
0696 pf 40 -0.369 -0.080 0.378 1
0696 pf 41 0.294 0.595 0.664 6
0696 pf 42 -0.222 0.893 0.920 7
0696 pf 43 1.511 0.830 1.723 5
0696 pf 44 0.670 -0.701 0.970 3
0696 pf 45 1.709 -1.498 2.273 4
0696 pf 46 0.262 0.597 0.652 6
0696 pf 47 -0.401 -1.266 1.328 2
0696 pf 48 1.078 0.159 1.090 5
0696 pf 49 1.062 1.458 1.804 6
0696 pf 50 -0.089 0.933 0.937 7
0720 em 00 0.236 0.068 0.246 5
0720 cf 00 0.640 -1.908 2.012 3
0720 pf 01 -0.067 -1.234 1.236 2
0720 pf 02 0.519 -2.234 2.293 3
0720 pf 03 -0.369 1.192 1.247 7
0720 pf 04 -2.187 1.689 2.763 8
0720 pf 05 0.281 0.648 0.706 6
0720 pf 06 -0.045 -0.234 0.239 2
0720 pf 07 2.002 -0.188 2.011 4
0720 pf 08 0.938 -1.513 1.780 3
0720 pf 09 1.424 -0.406 1.481 4
0720 pf 10 0.859 1.061 1.365 6
0720 pf 11 1.310 -0.011 1.310 4
0720 pf 12 0.897 0.263 0.935 5
0720 pf 13 -0.904 -0.056 0.906 1
0720 pf 14 0.009 -0.033 0.034 3
0720 pf 15 0.103 1.128 1.132 6
0720 pf 16 1.013 -0.859 1.328 4
0720 pf 17 0.094 -0.235 0.253 3
0720 pf 18 2.051 -0.200 2.061 4
0720 pf 19 -0.506 0.279 0.578 8
0720 pf 20 -1.193 1.552 1.957 7
0720 pf 21 -0.958 -0.048 0.960 1
0720 pf 22 1.672 0.002 1.672 5
0720 pf 23 -2.412 1.482 2.831 8
0720 pf 24 0.861 0.368 0.936 5
0720 pf 25 0.623 -1.063 1.232 3
0720 pf 26 0.804 -1.271 1.504 3
0720 pf 27 0.447 -0.427 0.618 4
0720 pf 28 1.509 0.170 1.519 5
0720 pf 29 -0.395 0.709 0.812 7
0720 pf 30 0.613 0.900 1.089 6
0720 pf 31 -1.054 0.758 1.298 8
0720 pf 32 -0.715 0.937 1.179 7
0720 pf 33 -1.466 0.602 1.584 8
0720 pf 34 0.115 -1.432 1.437 3
0720 pf 35 0.212 1.289 1.306 6
0720 pf 36 1.073 -0.242 1.100 4
0720 pf 37 -0.172 -0.021 0.174 1
0720 pf 38 0.015 -0.414 0.415 3
0720 pf 39 -0.632 -0.834 1.047 2
0720 pf 40 0.081 -0.304 0.315 3
0720 pf 41 0.204 0.516 0.554 6
0720 pf 42 -0.438 0.976 1.069 7
0720 pf 43 1.476 1.192 1.897 5
0720 pf 44 0.483 -0.232 0.536 4
0720 pf 45 2.067 -1.458 2.529 4
0720 pf 46 0.091 0.712 0.718 6
0720 pf 47 -0.224 -1.267 1.286 2
0720 pf 48 0.886 0.662 1.105 5
0720 pf 49 0.612 1.417 1.544 6
0720 pf 50 -0.050 0.953 0.954 7
0744 em 00 0.179 0.009 0.179 5
0744 cf 00 0.578 -2.079 2.158 3
0744 pf 01 -0.318 -1.353 1.390 2
0744 pf 02 0.302 -1.978 2.001 3
0744 pf 03 -0.647 1.348 1.495 7
0744 pf 04 -2.732 1.754 3.247 8
0744 pf 05 0.518 0.738 0.902 6
0744 pf 06 -0.194 -0.114 0.225 1
0744 pf 07 1.839 -0.206 1.851 4
0744 pf 08 1.053 -1.771 2.060 3
0744 pf 09 1.138 -0.804 1.393 4
0744 pf 10 0.344 1.039 1.095 6
0744 pf 11 1.637 0.248 1.656 5
0744 pf 12 0.986 0.243 1.015 5
0744 pf 13 -0.790 -0.426 0.897 1
0744 pf 14 0.202 -0.014 0.202 4
0744 pf 15 -0.063 1.051 1.053 7
0744 pf 16 0.896 -0.735 1.159 4
0744 pf 17 0.250 -0.597 0.648 3
0744 pf 18 1.394 -0.116 1.399 4
0744 pf 19 -0.568 -0.089 0.575 1
0744 pf 20 -0.937 1.019 1.384 7
0744 pf 21 -1.047 -0.128 1.055 1
0744 pf 22 1.661 -0.001 1.661 4
0744 pf 23 -2.453 1.317 2.784 8
0744 pf 24 1.012 -0.020 1.012 4
0744 pf 25 0.561 -0.945 1.099 3
0744 pf 26 1.044 -1.218 1.604 3
0744 pf 27 0.375 -0.580 0.691 3
0744 pf 28 1.412 0.487 1.493 5
0744 pf 29 -0.246 0.113 0.271 8
0744 pf 30 0.316 0.891 0.945 6
0744 pf 31 -1.009 0.475 1.116 8
0744 pf 32 -0.960 0.418 1.047 8
0744 pf 33 -1.443 0.081 1.445 8
0744 pf 34 0.503 -1.560 1.639 3
0744 pf 35 -0.172 1.451 1.461 7
0744 pf 36 1.274 -0.204 1.290 4
0744 pf 37 -0.212 -0.157 0.264 1
0744 pf 38 -0.306 -0.140 0.337 1
0744 pf 39 -0.665 -0.752 1.004 2
0744 pf 40 0.394 -0.234 0.459 4
0744 pf 41 -0.249 0.749 0.790 7
0744 pf 42 -0.244 0.914 0.946 7
0744 pf 43 1.393 1.537 2.074 6
0744 pf 44 0.026 -0.188 0.189 3
0744 pf 45 2.373 -1.403 2.757 4
0744 pf 46 0.108 0.544 0.555 6
0744 pf 47 0.256 -1.404 1.427 3
0744 pf 48 0.621 1.022 1.196 6
0744 pf 49 0.422 1.184 1.257 6
0744 pf 50 -0.250 0.945 0.977 7
0768 em 00 0.135 -0.109 0.173 4
0768 cf 00 0.562 -2.105 2.179 3
0768 pf 01 -0.651 -1.794 1.909 2
0768 pf 02 0.352 -1.461 1.503 3
0768 pf 03 -1.072 1.085 1.525 7
0768 pf 04 -2.765 1.704 3.248 8
0768 pf 05 0.537 0.554 0.771 6
0768 pf 06 -0.322 -0.014 0.322 1
0768 pf 07 1.529 -0.395 1.579 4
0768 pf 08 1.085 -1.861 2.154 3
0768 pf 09 1.232 -1.083 1.641 4
0768 pf 10 0.131 1.053 1.061 6
0768 pf 11 1.382 0.806 1.599 5
0768 pf 12 1.070 0.074 1.073 5
0768 pf 13 -0.495 -0.634 0.804 2
0768 pf 14 -0.015 -0.335 0.335 2
0768 pf 15 -0.210 0.985 1.007 7
0768 pf 16 1.019 -0.757 1.269 4
0768 pf 17 0.363 -0.780 0.861 3
0768 pf 18 0.952 -0.083 0.955 4
0768 pf 19 -0.675 -0.422 0.796 1
0768 pf 20 -0.919 0.661 1.132 8
0768 pf 21 -0.615 -0.520 0.806 1
0768 pf 22 1.460 0.098 1.463 5
0768 pf 23 -2.512 0.785 2.632 8
0768 pf 24 0.994 -0.007 0.994 4
0768 pf 25 0.266 -0.817 0.859 3
0768 pf 26 1.401 -1.054 1.753 4
0768 pf 27 0.482 -0.764 0.903 3
0768 pf 28 0.990 0.806 1.277 5
0768 pf 29 0.200 -0.500 0.538 3
0768 pf 30 -0.075 0.568 0.573 7
0768 pf 31 -1.029 0.349 1.086 8
0768 pf 32 -0.814 -0.005 0.814 1
0768 pf 33 -1.200 -0.351 1.251 1
0768 pf 34 0.516 -1.721 1.797 3
0768 pf 35 -0.790 1.337 1.553 7
0768 pf 36 1.510 0.067 1.512 5
0768 pf 37 -0.628 -0.408 0.749 1
0768 pf 38 -0.359 -0.177 0.400 1
0768 pf 39 -0.080 -0.745 0.750 2
0768 pf 40 0.667 -0.327 0.743 4
0768 pf 41 -0.228 0.679 0.716 7
0768 pf 42 -0.154 0.434 0.460 7
0768 pf 43 1.106 1.796 2.109 6
0768 pf 44 -0.443 -0.165 0.473 1
0768 pf 45 2.549 -1.272 2.849 4
0768 pf 46 0.123 0.407 0.425 6
0768 pf 47 0.368 -1.841 1.877 3
0768 pf 48 0.523 1.261 1.365 6
0768 pf 49 0.140 0.683 0.697 6
0768 pf 50 -0.254 0.576 0.629 7
0792 em 00 0.013 -0.182 0.183 3
0792 cf 00 0.640 -2.099 2.194 3
0792 pf 01 -1.070 -2.471 2.693 2
0792 pf 02 0.228 -0.938 0.966 3
0792 pf 03 -1.363 0.741 1.551 8
0792 pf 04 -2.574 1.453 2.956 8
0792 pf 05 0.156 0.304 0.342 6
0792 pf 06 -0.781 0.008 0.781 8
0792 pf 07 1.424 -0.114 1.428 4
0792 pf 08 0.829 -1.732 1.920 3
0792 pf 09 1.138 -1.303 1.730 3
0792 pf 10 0.275 1.145 1.177 6
0792 pf 11 0.787 1.060 1.320 6
0792 pf 12 1.144 -0.033 1.145 4
0792 pf 13 -0.215 -0.726 0.757 2
0792 pf 14 -0.612 -0.736 0.957 2
0792 pf 15 -0.467 0.902 1.016 7
0792 pf 16 1.210 -0.377 1.267 4
0792 pf 17 0.478 -0.916 1.033 3
0792 pf 18 0.689 0.167 0.709 5
0792 pf 19 -0.639 -0.477 0.797 1
0792 pf 20 -1.005 0.451 1.101 8
0792 pf 21 -0.527 -0.898 1.041 2
0792 pf 22 1.265 0.399 1.326 5
0792 pf 23 -2.394 0.314 2.415 8
0792 pf 24 0.843 0.300 0.895 5
0792 pf 25 0.208 -0.626 0.660 3
0792 pf 26 1.581 -1.067 1.907 4
0792 pf 27 0.678 -0.669 0.953 4
0792 pf 28 0.585 1.030 1.184 6
0792 pf 29 0.103 -0.785 0.792 3
0792 pf 30 -0.417 0.222 0.472 8
0792 pf 31 -1.030 0.201 1.049 8
0792 pf 32 -0.741 -0.060 0.743 1
0792 pf 33 -1.244 -0.474 1.331 1
0792 pf 34 0.450 -1.625 1.686 3
0792 pf 35 -1.731 0.996 1.997 8
0792 pf 36 1.341 0.119 1.347 5
0792 pf 37 -1.078 -0.369 1.140 1
0792 pf 38 -0.204 -0.383 0.434 2
0792 pf 39 0.374 -1.079 1.142 3
0792 pf 40 0.704 -0.616 0.936 4
0792 pf 41 -0.529 0.641 0.831 7
0792 pf 42 -0.172 -0.016 0.173 1
0792 pf 43 0.676 1.538 1.680 6
0792 pf 44 -0.740 0.054 0.742 8
0792 pf 45 2.547 -1.005 2.738 4
0792 pf 46 0.044 0.205 0.210 6
0792 pf 47 0.074 -1.962 1.963 3
0792 pf 48 0.491 1.317 1.406 6
0792 pf 49 -0.104 0.479 0.490 7
0792 pf 50 -0.311 0.209 0.375 8
0816 em 00 -0.019 -0.178 0.179 2
0816 cf 00 0.756 -1.833 1.983 3
0816 pf 01 -1.011 -2.735 2.916 2
0816 pf 02 0.212 -0.774 0.802 3
0816 pf 03 -1.352 0.368 1.401 8
0816 pf 04 -2.309 1.427 2.714 8
0816 pf 05 0.220 0.562 0.604 6
0816 pf 06 -0.943 -0.337 1.002 1
0816 pf 07 1.175 -0.091 1.179 4
0816 pf 08 0.992 -1.580 1.865 3
0816 pf 09 1.003 -1.202 1.565 3
0816 pf 10 0.458 1.103 1.194 6
0816 pf 11 0.556 1.277 1.393 6
0816 pf 12 1.258 0.187 1.272 5
0816 pf 13 0.188 -0.720 0.744 3
0816 pf 14 -0.679 -0.761 1.020 2
0816 pf 15 -0.508 0.703 0.867 7
0816 pf 16 1.062 -0.037 1.063 4
0816 pf 17 0.590 -0.475 0.757 4
0816 pf 18 0.377 0.441 0.581 6
0816 pf 19 -0.200 -0.447 0.490 2
0816 pf 20 -0.744 0.236 0.780 8
0816 pf 21 -0.303 -1.258 1.294 2
0816 pf 22 1.101 0.754 1.334 5
0816 pf 23 -2.232 0.340 2.258 8
0816 pf 24 0.800 0.624 1.015 5
0816 pf 25 -0.139 -0.264 0.298 2
0816 pf 26 1.545 -0.772 1.727 4
0816 pf 27 0.378 -0.556 0.672 3
0816 pf 28 0.535 1.233 1.344 6
0816 pf 29 0.014 -0.675 0.675 3
0816 pf 30 -0.732 -0.173 0.752 1
0816 pf 31 -1.163 -0.066 1.165 1
0816 pf 32 -0.939 -0.007 0.939 1
0816 pf 33 -0.925 -0.528 1.065 1
0816 pf 34 0.635 -1.777 1.887 3
0816 pf 35 -2.214 0.527 2.276 8
0816 pf 36 1.264 0.343 1.310 5
0816 pf 37 -1.560 -0.321 1.592 1
0816 pf 38 -0.206 -0.689 0.719 2
0816 pf 39 0.392 -1.040 1.112 3
0816 pf 40 0.625 -0.790 1.008 3
0816 pf 41 -0.730 0.577 0.931 8
0816 pf 42 0.426 -0.219 0.479 4
0816 pf 43 0.587 1.786 1.880 6
0816 pf 44 -0.990 0.037 0.991 8
0816 pf 45 2.090 -0.640 2.186 4
0816 pf 46 0.196 -0.296 0.355 3
0816 pf 47 -0.158 -1.776 1.783 2
0816 pf 48 0.418 1.243 1.311 6
0816 pf 49 -0.095 0.183 0.206 7
0816 pf 50 -0.347 -0.104 0.362 1
0840 em 00 0.061 -0.164 0.175 3
0840 cf 00 0.703 -1.509 1.664 3
0840 pf 01 -0.590 -2.550 2.618 2
0840 pf 02 0.131 -0.544 0.560 3
0840 pf 03 -1.273 -0.338 1.318 1
0840 pf 04 -1.662 0.849 1.867 8
0840 pf 05 0.393 0.403 0.563 6
0840 pf 06 -0.778 -0.379 0.865 1
0840 pf 07 1.207 -0.108 1.212 4
0840 pf 08 1.050 -1.456 1.796 3
0840 pf 09 0.763 -1.157 1.386 3
0840 pf 10 0.598 1.063 1.219 6
0840 pf 11 0.569 1.389 1.501 6
0840 pf 12 1.165 0.468 1.256 5
0840 pf 13 0.457 -0.635 0.782 3
0840 pf 14 -0.691 -0.875 1.115 2
0840 pf 15 -0.580 0.875 1.050 7
0840 pf 16 1.051 0.035 1.051 5
0840 pf 17 0.892 -0.131 0.901 4
0840 pf 18 0.086 0.490 0.498 6
0840 pf 19 -0.123 -0.256 0.284 2
0840 pf 20 -0.437 -0.179 0.472 1
0840 pf 21 -0.214 -1.508 1.523 2
0840 pf 22 0.990 1.666 1.938 6
0840 pf 23 -1.921 0.277 1.940 8
0840 pf 24 0.637 0.588 0.867 5
0840 pf 25 -0.449 -0.346 0.567 1
0840 pf 26 1.612 -0.279 1.636 4
0840 pf 27 0.437 -0.185 0.474 4
0840 pf 28 0.193 1.455 1.468 6
0840 pf 29 0.033 -0.715 0.715 3
0840 pf 30 -0.310 -0.460 0.555 2
0840 pf 31 -0.980 -0.324 1.032 1
0840 pf 32 -1.037 -0.323 1.086 1
0840 pf 33 -0.669 -0.727 0.988 2
0840 pf 34 1.279 -1.702 2.129 3
0840 pf 35 -1.696 0.111 1.700 8
0840 pf 36 1.170 0.229 1.192 5
0840 pf 37 -1.729 -0.469 1.791 1
0840 pf 38 -0.055 -0.765 0.767 2
0840 pf 39 0.785 -1.007 1.277 3
0840 pf 40 0.884 -0.708 1.133 4
0840 pf 41 -0.994 0.689 1.209 8
0840 pf 42 0.817 -0.107 0.824 4
0840 pf 43 0.488 1.852 1.915 6
0840 pf 44 -0.941 -0.015 0.941 1
0840 pf 45 1.497 -0.226 1.514 4
0840 pf 46 0.175 -0.566 0.592 3
0840 pf 47 0.187 -1.469 1.481 3
0840 pf 48 0.561 1.316 1.431 6
0840 pf 49 0.038 0.012 0.040 5
0840 pf 50 -0.247 -0.110 0.270 1
0864 em 00 0.135 -0.203 0.244 3
0864 cf 00 0.586 -1.362 1.483 3
0864 pf 01 -0.221 -2.787 2.796 2
0864 pf 02 0.027 -0.763 0.764 3
0864 pf 03 -0.898 -1.046 1.379 2
0864 pf 04 -1.163 0.411 1.234 8
0864 pf 05 0.148 0.037 0.153 5
0864 pf 06 -0.730 -0.455 0.861 1
0864 pf 07 1.349 0.152 1.358 5
0864 pf 08 1.008 -1.572 1.868 3
0864 pf 09 0.499 -1.269 1.364 3
0864 pf 10 0.201 1.120 1.138 6
0864 pf 11 0.752 1.319 1.519 6
0864 pf 12 0.818 0.308 0.874 5
0864 pf 13 0.841 -0.491 0.974 4
0864 pf 14 -0.803 -0.982 1.269 2
0864 pf 15 -0.533 1.164 1.280 7
0864 pf 16 1.191 -0.127 1.198 4
0864 pf 17 1.399 0.315 1.434 5
0864 pf 18 -0.064 0.340 0.346 7
0864 pf 19 -0.212 -0.334 0.396 2
0864 pf 20 0.245 -0.439 0.503 3
0864 pf 21 0.305 -1.428 1.460 3
0864 pf 22 0.759 1.989 2.129 6
0864 pf 23 -1.752 0.194 1.762 8
0864 pf 24 0.740 0.567 0.932 5
0864 pf 25 -0.345 -0.542 0.642 2
0864 pf 26 1.916 0.353 1.948 5
0864 pf 27 0.472 0.091 0.481 5
0864 pf 28 -0.375 1.331 1.383 7
0864 pf 29 0.057 -0.759 0.762 3
0864 pf 30 -0.095 -0.641 0.648 2
0864 pf 31 -0.904 -0.319 0.958 1
0864 pf 32 -0.938 -0.857 1.271 1
0864 pf 33 -0.371 -0.779 0.863 2
0864 pf 34 1.666 -1.474 2.225 4
0864 pf 35 -1.126 -0.557 1.256 1
0864 pf 36 0.890 0.368 0.963 5
0864 pf 37 -1.615 -1.065 1.935 1
0864 pf 38 -0.101 -0.778 0.784 2
0864 pf 39 0.830 -0.917 1.237 3
0864 pf 40 0.906 -0.811 1.216 4
0864 pf 41 -0.894 0.851 1.235 8
0864 pf 42 0.847 -0.258 0.886 4
0864 pf 43 0.347 2.124 2.153 6
0864 pf 44 -1.014 -0.069 1.017 1
0864 pf 45 0.880 0.009 0.880 5
0864 pf 46 0.220 -0.598 0.637 3
0864 pf 47 0.560 -1.055 1.194 3
0864 pf 48 0.783 1.623 1.802 6
0864 pf 49 0.417 -0.185 0.457 4
0864 pf 50 -0.310 -0.164 0.351 1
0888 em 00 0.213 -0.240 0.321 3
0888 cf 00 0.654 -1.016 1.209 3
0888 pf 01 0.177 -2.962 2.967 3
0888 pf 02 0.288 -0.820 0.869 3
0888 pf 03 -0.560 -1.011 1.156 2
0888 pf 04 -0.948 0.324 1.002 8
0888 pf 05 -0.199 -0.194 0.278 1
0888 pf 06 -0.455 -0.482 0.663 2
0888 pf 07 1.480 0.162 1.489 5
0888 pf 08 1.291 -1.356 1.872 3
0888 pf 09 0.338 -1.730 1.763 3
0888 pf 10 0.257 1.224 1.251 6
0888 pf 11 0.604 1.411 1.534 6
0888 pf 12 0.813 -0.037 0.814 4
0888 pf 13 0.803 -0.663 1.042 4
0888 pf 14 -1.129 -1.091 1.570 1
0888 pf 15 -0.492 1.066 1.174 7
0888 pf 16 1.394 -0.470 1.471 4
0888 pf 17 1.949 0.561 2.028 5
0888 pf 18 0.321 -0.290 0.433 4
0888 pf 19 -0.210 -0.210 0.296 2
0888 pf 20 0.795 -0.161 0.811 4
0888 pf 21 0.714 -1.608 1.760 3
0888 pf 22 0.048 1.848 1.848 6
0888 pf 23 -1.778 -0.205 1.790 1
0888 pf 24 0.639 0.279 0.697 5
0888 pf 25 -0.465 -0.576 0.740 2
0888 pf 26 2.024 0.735 2.153 5
0888 pf 27 0.469 0.445 0.646 5
0888 pf 28 -0.834 1.271 1.520 7
0888 pf 29 0.588 -0.817 1.007 3
0888 pf 30 0.270 -0.858 0.900 3
0888 pf 31 -0.849 -0.228 0.879 1
0888 pf 32 -0.759 -0.836 1.129 2
0888 pf 33 -0.454 -0.782 0.904 2
0888 pf 34 1.768 -1.298 2.193 4
0888 pf 35 -0.696 -0.778 1.044 2
0888 pf 36 0.661 0.466 0.809 5
0888 pf 37 -1.278 -1.799 2.207 2
0888 pf 38 -0.182 -0.823 0.843 2
0888 pf 39 0.945 -1.132 1.475 3
0888 pf 40 1.142 -0.683 1.330 4
0888 pf 41 -0.787 0.941 1.226 7
0888 pf 42 0.578 0.059 0.581 5
0888 pf 43 0.374 2.538 2.566 6
0888 pf 44 -0.779 -0.146 0.793 1
0888 pf 45 0.612 0.122 0.624 5
0888 pf 46 0.403 -0.826 0.919 3
0888 pf 47 0.302 -0.835 0.888 3
0888 pf 48 0.705 1.614 1.761 6
0888 pf 49 0.826 -0.030 0.827 4
0888 pf 50 -0.244 -0.413 0.480 2
0912 em 00 0.265 -0.194 0.328 4
0912 cf 00 0.859 -0.702 1.109 4
0912 pf 01 0.427 -2.939 2.970 3
0912 pf 02 0.422 -0.623 0.753 3
0912 pf 03 -0.232 -0.789 0.823 2
0912 pf 04 -0.878 0.130 0.888 8
0912 pf 05 -0.164 -0.098 0.191 1
0912 pf 06 -0.333 -0.393 0.515 2
0912 pf 07 1.265 0.434 1.338 5
0912 pf 08 1.368 -1.296 1.884 4
0912 pf 09 0.169 -2.077 2.084 3
0912 pf 10 0.305 1.419 1.451 6
0912 pf 11 0.497 1.511 1.591 6
0912 pf 12 0.998 0.044 0.999 5
0912 pf 13 0.551 -0.693 0.885 3
0912 pf 14 -1.298 -1.144 1.730 1
0912 pf 15 -0.149 0.953 0.964 7
0912 pf 16 1.179 -0.525 1.291 4
0912 pf 17 1.811 1.149 2.145 5
0912 pf 18 0.571 -0.435 0.718 4
0912 pf 19 0.029 -0.541 0.542 3
0912 pf 20 1.209 -0.138 1.217 4
0912 pf 21 0.792 -1.460 1.661 3
0912 pf 22 -0.702 1.784 1.917 7
0912 pf 23 -1.707 -0.165 1.715 1
0912 pf 24 0.503 0.511 0.717 6
0912 pf 25 -0.580 -0.646 0.868 2
0912 pf 26 1.947 0.954 2.168 5
0912 pf 27 0.444 0.425 0.614 5
0912 pf 28 -0.693 1.083 1.286 7
0912 pf 29 0.929 -0.307 0.979 4
0912 pf 30 0.373 -0.723 0.814 3
0912 pf 31 -0.751 -0.274 0.800 1
0912 pf 32 -0.894 -0.920 1.284 2
0912 pf 33 -0.366 -0.717 0.805 2
0912 pf 34 1.958 -0.550 2.033 4
0912 pf 35 -0.272 -0.948 0.986 2
0912 pf 36 0.215 0.573 0.612 6
0912 pf 37 -0.669 -2.269 2.365 2
0912 pf 38 0.216 -0.833 0.861 3
0912 pf 39 0.785 -1.275 1.497 3
0912 pf 40 1.208 -0.749 1.422 4
0912 pf 41 -0.463 0.618 0.772 7
0912 pf 42 0.530 0.362 0.642 5
0912 pf 43 0.104 2.633 2.635 6
0912 pf 44 -0.623 -0.071 0.627 1
0912 pf 45 0.507 -0.031 0.508 4
0912 pf 46 0.337 -0.826 0.892 3
0912 pf 47 0.387 -0.652 0.759 3
0912 pf 48 0.496 1.462 1.544 6
0912 pf 49 1.176 0.573 1.308 5
0912 pf 50 0.049 -0.563 0.565 3
0936 em 00 0.296 -0.193 0.353 4
0936 cf 00 1.057 -0.693 1.264 4
0936 pf 01 0.741 -2.876 2.970 3
0936 pf 02 0.382 -0.768 0.858 3
0936 pf 03 0.388 -0.703 0.803 3
0936 pf 04 -0.935 -0.172 0.950 1
0936 pf 05 -0.411 -0.072 0.417 1
0936 pf 06 -0.432 -0.369 0.568 1
0936 pf 07 1.025 0.833 1.321 5
0936 pf 08 1.290 -0.934 1.593 4
0936 pf 09 0.506 -2.523 2.574 3
0936 pf 10 0.154 1.556 1.564 6
0936 pf 11 0.358 1.306 1.354 6
0936 pf 12 1.146 0.184 1.160 5
0936 pf 13 0.692 -0.490 0.848 4
0936 pf 14 -1.129 -1.400 1.798 2
0936 pf 15 0.318 1.158 1.201 6
0936 pf 16 1.465 -0.338 1.503 4
0936 pf 17 1.523 1.097 1.877 5
0936 pf 18 0.725 -0.596 0.938 4
0936 pf 19 0.055 -0.879 0.881 3
0936 pf 20 1.295 -0.214 1.313 4
0936 pf 21 0.819 -1.253 1.497 3
0936 pf 22 -1.063 1.378 1.740 7
0936 pf 23 -1.510 0.209 1.525 8
0936 pf 24 0.489 0.628 0.796 6
0936 pf 25 -0.536 -1.092 1.216 2
0936 pf 26 1.447 1.356 1.983 5
0936 pf 27 0.160 0.368 0.401 6
0936 pf 28 -0.515 0.914 1.049 7
0936 pf 29 1.133 -0.080 1.136 4
0936 pf 30 0.513 -0.624 0.808 3
0936 pf 31 -0.982 -0.412 1.065 1
0936 pf 32 -0.979 -0.834 1.286 1
0936 pf 33 -0.282 -0.991 1.030 2
0936 pf 34 1.836 -0.039 1.837 4
0936 pf 35 0.211 -0.947 0.970 3
0936 pf 36 -0.042 0.595 0.596 7
0936 pf 37 -0.019 -2.322 2.322 2
0936 pf 38 0.210 -0.709 0.740 3
0936 pf 39 0.770 -1.239 1.459 3
0936 pf 40 1.619 -0.763 1.790 4
0936 pf 41 -0.550 0.364 0.660 8
0936 pf 42 0.387 0.627 0.737 6
0936 pf 43 -0.678 2.212 2.313 7
0936 pf 44 -0.655 -0.367 0.751 1
0936 pf 45 0.232 -0.330 0.403 3
0936 pf 46 0.604 -0.581 0.838 4
0936 pf 47 0.607 -0.553 0.821 4
0936 pf 48 0.188 1.433 1.445 6
0936 pf 49 1.314 0.936 1.613 5
0936 pf 50 0.388 -0.729 0.826 3
0960 em 00 0.382 -0.237 0.449 4
0960 cf 00 1.287 -0.623 1.430 4
0960 pf 01 1.181 -2.779 3.019 3
0960 pf 02 0.245 -0.702 0.744 3
0960 pf 03 0.689 -0.563 0.890 4
0960 pf 04 -1.004 -0.604 1.171 1
0960 pf 05 -0.096 -0.043 0.106 1
0960 pf 06 -0.262 -0.269 0.376 2
0960 pf 07 1.148 0.990 1.516 5
0960 pf 08 1.335 -1.267 1.841 4
0960 pf 09 1.089 -2.295 2.541 3
0960 pf 10 0.248 1.731 1.748 6
0960 pf 11 0.294 1.053 1.093 6
0960 pf 12 1.426 0.277 1.452 5
0960 pf 13 0.937 -0.355 1.002 4
0960 pf 14 -0.830 -1.774 1.959 2
0960 pf 15 0.161 1.288 1.298 6
0960 pf 16 1.593 -0.025 1.593 4
0960 pf 17 1.435 1.021 1.761 5
0960 pf 18 0.877 -1.075 1.387 3
0960 pf 19 0.181 -1.171 1.185 3
0960 pf 20 1.055 -0.439 1.142 4
0960 pf 21 1.010 -0.949 1.386 4
0960 pf 22 -1.730 0.923 1.961 8
0960 pf 23 -1.504 0.477 1.578 8
0960 pf 24 0.710 0.525 0.883 5
0960 pf 25 -0.216 -1.206 1.226 2
0960 pf 26 1.048 1.548 1.869 6
0960 pf 27 0.309 0.274 0.413 5
0960 pf 28 -0.164 0.395 0.427 7
0960 pf 29 1.199 -0.053 1.200 4
0960 pf 30 0.873 -0.781 1.171 4
0960 pf 31 -0.970 -0.528 1.104 1
0960 pf 32 -0.896 -0.698 1.136 1
0960 pf 33 -0.318 -1.374 1.410 2
0960 pf 34 1.786 0.228 1.801 5
0960 pf 35 0.601 -1.038 1.200 3
0960 pf 36 -0.223 0.371 0.433 7
0960 pf 37 0.339 -2.445 2.469 3
0960 pf 38 0.210 -0.666 0.698 3
0960 pf 39 0.851 -1.143 1.425 3
0960 pf 40 1.781 -0.704 1.915 4
0960 pf 41 -0.474 0.399 0.620 8
0960 pf 42 0.285 0.772 0.823 6
0960 pf 43 -1.258 1.528 1.979 7
0960 pf 44 -0.179 -0.901 0.919 2
0960 pf 45 0.220 -0.321 0.389 3
0960 pf 46 0.851 -0.503 0.989 4
0960 pf 47 0.430 -0.273 0.509 4
0960 pf 48 -0.024 1.271 1.271 7
0960 pf 49 1.347 1.145 1.768 5
0960 pf 50 0.724 -0.740 1.035 3
0984 em 00 0.426 -0.276 0.508 4
0984 cf 00 1.317 -0.492 1.406 4
0984 pf 01 1.555 -2.641 3.064 3
0984 pf 02 0.313 -0.428 0.531 3
0984 pf 03 0.776 -0.544 0.948 4
0984 pf 04 -1.093 -0.909 1.422 1
0984 pf 05 0.017 -0.153 0.154 3
0984 pf 06 -0.164 -0.154 0.224 1
0984 pf 07 1.354 0.979 1.671 5
0984 pf 08 1.724 -1.132 2.062 4
0984 pf 09 1.407 -2.157 2.575 3
0984 pf 10 0.326 1.591 1.624 6
0984 pf 11 0.233 1.322 1.342 6
0984 pf 12 1.756 0.238 1.772 5
0984 pf 13 1.025 -0.179 1.040 4
0984 pf 14 -0.826 -1.751 1.936 2
0984 pf 15 0.064 1.684 1.686 6
0984 pf 16 1.053 0.203 1.072 5
0984 pf 17 1.011 0.767 1.269 5
0984 pf 18 1.376 -1.231 1.847 4
0984 pf 19 0.348 -1.171 1.222 3
0984 pf 20 0.796 -0.658 1.033 4
0984 pf 21 1.164 -0.888 1.464 4
0984 pf 22 -2.122 0.485 2.177 8
0984 pf 23 -1.714 0.028 1.715 8
0984 pf 24 0.640 0.438 0.776 5
0984 pf 25 0.112 -1.372 1.377 3
0984 pf 26 0.914 1.651 1.887 6
0984 pf 27 0.094 0.378 0.390 6
0984 pf 28 0.219 0.073 0.231 5
0984 pf 29 1.394 0.055 1.395 5
0984 pf 30 0.786 -0.789 1.114 3
0984 pf 31 -1.003 -0.784 1.273 1
0984 pf 32 -0.645 -0.685 0.941 2
0984 pf 33 -0.530 -1.666 1.749 2
0984 pf 34 1.676 0.294 1.702 5
0984 pf 35 0.713 -0.901 1.149 3
0984 pf 36 -0.173 -0.058 0.182 1
0984 pf 37 0.604 -2.841 2.904 3
0984 pf 38 0.429 -0.840 0.943 3
0984 pf 39 0.952 -0.879 1.295 4
0984 pf 40 1.341 -0.954 1.646 4
0984 pf 41 -0.082 0.325 0.335 7
0984 pf 42 0.062 0.630 0.633 6
0984 pf 43 -1.681 1.225 2.080 8
0984 pf 44 0.777 -1.155 1.392 3
0984 pf 45 0.359 -0.408 0.543 3
0984 pf 46 1.263 -0.063 1.264 4
0984 pf 47 0.283 -0.528 0.599 3
0984 pf 48 -0.323 1.343 1.381 7
0984 pf 49 1.235 1.481 1.928 6
0984 pf 50 0.820 -0.824 1.163 3
1008 em 00 0.403 -0.304 0.504 4
1008 cf 00 1.063 -0.434 1.149 4
1008 pf 01 1.515 -2.485 2.911 3
1008 pf 02 0.095 -0.447 0.457 3
1008 pf 03 0.760 -0.827 1.123 3
1008 pf 04 -1.076 -1.070 1.517 1
1008 pf 05 -0.091 -0.432 0.442 2
1008 pf 06 -0.010 -0.264 0.264 2
1008 pf 07 1.220 1.184 1.700 5
1008 pf 08 2.097 -1.098 2.367 4
1008 pf 09 0.959 -2.139 2.344 3
1008 pf 10 0.077 1.575 1.577 6
1008 pf 11 0.026 1.427 1.427 6
1008 pf 12 2.102 0.716 2.221 5
1008 pf 13 0.997 -0.124 1.005 4
1008 pf 14 -1.037 -1.686 1.980 2
1008 pf 15 -0.214 1.891 1.903 7
1008 pf 16 0.556 0.503 0.750 5
1008 pf 17 0.433 0.558 0.706 6
1008 pf 18 1.569 -1.387 2.094 4
1008 pf 19 0.921 -1.414 1.688 3
1008 pf 20 0.827 -0.736 1.107 4
1008 pf 21 1.085 -0.869 1.390 4
1008 pf 22 -2.143 -0.024 2.143 1
1008 pf 23 -2.059 -0.260 2.075 1
1008 pf 24 0.482 0.555 0.735 6
1008 pf 25 0.084 -1.516 1.518 3
1008 pf 26 0.878 1.692 1.906 6
1008 pf 27 -0.018 0.612 0.612 7
1008 pf 28 0.503 -0.230 0.554 4
1008 pf 29 1.489 0.154 1.497 5
1008 pf 30 0.660 -0.762 1.008 3
1008 pf 31 -0.823 -1.113 1.385 2
1008 pf 32 0.021 -0.955 0.955 3
1008 pf 33 -0.509 -1.625 1.703 2
1008 pf 34 1.455 0.375 1.502 5
1008 pf 35 0.782 -0.574 0.970 4
1008 pf 36 -0.097 -0.433 0.444 2
1008 pf 37 0.755 -2.940 3.035 3
1008 pf 38 0.810 -0.942 1.242 3
1008 pf 39 1.304 -1.107 1.710 4
1008 pf 40 0.808 -1.030 1.309 3
1008 pf 41 -0.111 0.274 0.295 7
1008 pf 42 0.122 0.711 0.721 6
1008 pf 43 -2.163 0.939 2.358 8
1008 pf 44 1.253 -1.185 1.725 4
1008 pf 45 0.480 -0.442 0.653 4
1008 pf 46 1.521 0.210 1.535 5
1008 pf 47 0.190 -0.529 0.562 3
1008 pf 48 -0.251 1.639 1.658 7
1008 pf 49 0.785 1.586 1.769 6
1008 pf 50 0.814 -0.765 1.117 4
1032 em 00 0.432 -0.307 0.530 4
1032 cf 00 0.563 -0.478 0.738 4
1032 pf 01 1.593 -2.188 2.706 3
1032 pf 02 -0.030 -0.475 0.476 2
1032 pf 03 0.963 -1.086 1.451 3
1032 pf 04 -0.811 -1.128 1.389 2
1032 pf 05 -0.168 -0.701 0.720 2
1032 pf 06 0.327 -0.368 0.492 3
1032 pf 07 1.329 1.371 1.909 6
1032 pf 08 2.258 -0.716 2.368 4
1032 pf 09 0.975 -1.943 2.174 3
1032 pf 10 -0.053 1.570 1.571 7
1032 pf 11 -0.072 1.310 1.312 7
1032 pf 12 2.258 0.930 2.442 5
1032 pf 13 0.991 0.009 0.991 5
1032 pf 14 -1.129 -1.791 2.117 2
1032 pf 15 -0.333 1.799 1.830 7
1032 pf 16 0.375 0.254 0.453 5
1032 pf 17 -0.059 0.632 0.635 7
1032 pf 18 1.891 -1.079 2.177 4
1032 pf 19 0.842 -1.173 1.444 3
1032 pf 20 0.770 -0.346 0.845 4
1032 pf 21 0.991 -0.849 1.305 4
1032 pf 22 -1.905 -0.552 1.983 1
1032 pf 23 -2.038 -0.511 2.102 1
1032 pf 24 0.513 1.075 1.191 6
1032 pf 25 -0.331 -1.791 1.821 2
1032 pf 26 0.866 1.413 1.657 6
1032 pf 27 0.063 0.403 0.408 6
1032 pf 28 0.562 -0.670 0.875 3
1032 pf 29 1.651 0.628 1.767 5
1032 pf 30 0.467 -0.343 0.579 4
1032 pf 31 -0.464 -1.404 1.479 2
1032 pf 32 0.383 -1.129 1.192 3
1032 pf 33 -0.092 -1.678 1.681 2
1032 pf 34 1.138 0.303 1.177 5
1032 pf 35 1.045 -0.768 1.296 4
1032 pf 36 -0.232 -0.577 0.622 2
1032 pf 37 1.108 -2.876 3.082 3
1032 pf 38 1.157 -0.977 1.515 4
1032 pf 39 1.667 -1.255 2.087 4
1032 pf 40 0.606 -1.114 1.268 3
1032 pf 41 -0.091 0.365 0.377 7
1032 pf 42 0.216 0.647 0.682 6
1032 pf 43 -2.429 0.374 2.457 8
1032 pf 44 1.415 -0.843 1.647 4
1032 pf 45 0.540 -0.403 0.674 4
1032 pf 46 1.442 0.574 1.552 5
1032 pf 47 0.185 -0.731 0.754 3
1032 pf 48 -0.030 1.585 1.585 7
1032 pf 49 0.635 1.574 1.697 6
1032 pf 50 0.772 -0.297 0.828 4
1056 em 00 0.453 -0.224 0.505 4
1056 cf 00 -0.023 -0.746 0.746 2
1056 pf 01 1.382 -1.322 1.912 4
1056 pf 02 -0.090 -0.176 0.197 2
1056 pf 03 1.177 -0.817 1.433 4
1056 pf 04 -0.660 -1.199 1.369 2
1056 pf 05 -0.404 -0.752 0.854 2
1056 pf 06 0.562 -0.445 0.717 4
1056 pf 07 1.636 1.363 2.129 5
1056 pf 08 2.256 -0.557 2.324 4
1056 pf 09 1.006 -1.741 2.011 3
1056 pf 10 0.193 1.732 1.742 6
1056 pf 11 -0.051 1.582 1.582 7
1056 pf 12 2.164 1.555 2.665 5
1056 pf 13 0.861 0.164 0.876 5
1056 pf 14 -0.914 -1.622 1.862 2
1056 pf 15 -0.715 1.736 1.878 7
1056 pf 16 0.229 0.174 0.287 5
1056 pf 17 -0.291 0.736 0.791 7
1056 pf 18 1.681 -0.830 1.875 4
1056 pf 19 0.894 -1.014 1.352 3
1056 pf 20 0.680 -0.100 0.688 4
1056 pf 21 0.778 -1.010 1.274 3
1056 pf 22 -1.297 -0.540 1.405 1
1056 pf 23 -1.961 -0.616 2.055 1
1056 pf 24 0.038 1.371 1.372 6
1056 pf 25 -0.274 -1.679 1.701 2
1056 pf 26 1.411 1.477 2.042 6
1056 pf 27 -0.149 0.050 0.157 8
1056 pf 28 0.432 -0.639 0.771 3
1056 pf 29 1.507 0.931 1.771 5
1056 pf 30 0.594 -0.174 0.619 4
1056 pf 31 0.145 -1.450 1.457 3
1056 pf 32 0.557 -1.169 1.295 3
1056 pf 33 -0.075 -1.646 1.647 2
1056 pf 34 0.766 0.183 0.788 5
1056 pf 35 1.175 -0.744 1.390 4
1056 pf 36 -0.405 -0.416 0.580 2
1056 pf 37 1.003 -2.867 3.037 3
1056 pf 38 1.194 -0.965 1.536 4
1056 pf 39 1.902 -1.212 2.255 4
1056 pf 40 0.847 -1.362 1.604 3
1056 pf 41 -0.199 0.542 0.577 7
1056 pf 42 0.232 0.737 0.772 6
1056 pf 43 -2.274 -0.068 2.275 1
1056 pf 44 1.656 -0.734 1.811 4
1056 pf 45 1.024 -0.256 1.055 4
1056 pf 46 1.100 0.890 1.415 5
1056 pf 47 0.307 -0.989 1.036 3
1056 pf 48 0.468 1.745 1.807 6
1056 pf 49 0.473 1.664 1.730 6
1056 pf 50 0.772 0.034 0.773 5
1080 em 00 0.428 -0.187 0.467 4
1080 cf 00 -0.541 -0.930 1.076 2
1080 pf 01 1.544 -0.829 1.752 4
1080 pf 02 -0.318 -0.235 0.395 1
1080 pf 03 1.445 -0.574 1.555 4
1080 pf 04 -0.381 -1.210 1.269 2
1080 pf 05 -0.361 -0.736 0.820 2
1080 pf 06 0.852 -0.358 0.924 4
1080 pf 07 1.917 1.265 2.297 5
1080 pf 08 2.364 -0.257 2.378 4
1080 pf 09 0.670 -1.794 1.915 3
1080 pf 10 0.204 1.752 1.764 6
1080 pf 11 -0.316 2.131 2.155 7
1080 pf 12 2.083 1.875 2.803 5
1080 pf 13 0.260 0.282 0.383 6
1080 pf 14 -0.731 -1.676 1.829 2
1080 pf 15 -1.304 1.595 2.060 7
1080 pf 16 0.093 0.082 0.124 5
1080 pf 17 -0.604 0.699 0.924 7
1080 pf 18 1.310 -0.530 1.413 4
1080 pf 19 0.939 -0.894 1.297 4
1080 pf 20 0.292 0.280 0.405 5
1080 pf 21 1.032 -0.993 1.433 4
1080 pf 22 -0.667 -0.632 0.919 1
1080 pf 23 -1.564 -0.719 1.721 1
1080 pf 24 -0.553 1.327 1.438 7
1080 pf 25 0.022 -1.598 1.599 3
1080 pf 26 1.708 1.879 2.539 6
1080 pf 27 -0.120 -0.137 0.183 2
1080 pf 28 0.266 -0.841 0.882 3
1080 pf 29 1.112 1.171 1.615 6
1080 pf 30 0.573 -0.426 0.714 4
1080 pf 31 0.548 -1.537 1.632 3
1080 pf 32 0.479 -1.274 1.361 3
1080 pf 33 -0.107 -1.716 1.719 2
1080 pf 34 0.407 0.530 0.668 6
1080 pf 35 1.001 -0.866 1.323 4
1080 pf 36 -0.529 -0.430 0.682 1
1080 pf 37 1.182 -2.921 3.151 3
1080 pf 38 0.933 -1.000 1.368 3
1080 pf 39 1.762 -1.008 2.030 4
1080 pf 40 1.033 -1.496 1.818 3
1080 pf 41 -0.004 0.419 0.419 7
1080 pf 42 0.407 0.542 0.678 6
1080 pf 43 -1.993 -0.616 2.086 1
1080 pf 44 2.029 -0.535 2.098 4
1080 pf 45 1.192 -0.076 1.194 4
1080 pf 46 0.573 1.128 1.265 6
1080 pf 47 0.027 -1.260 1.260 3
1080 pf 48 0.503 1.912 1.977 6
1080 pf 49 0.534 1.603 1.689 6
1080 pf 50 0.690 0.252 0.735 5
1104 em 00 0.443 -0.184 0.480 4
1104 cf 00 -0.725 -1.267 1.460 2
1104 pf 01 1.669 -0.176 1.678 4
1104 pf 02 -0.483 -0.116 0.497 1
1104 pf 03 1.568 -0.372 1.611 4
1104 pf 04 -0.020 -1.057 1.057 2
1104 pf 05 -0.342 -0.982 1.040 2
1104 pf 06 0.906 -0.459 1.016 4
1104 pf 07 1.775 1.275 2.185 5
1104 pf 08 2.399 -0.148 2.404 4
1104 pf 09 0.447 -1.646 1.706 3
1104 pf 10 0.249 1.822 1.839 6
1104 pf 11 -0.473 2.210 2.260 7
1104 pf 12 1.829 1.615 2.440 5
1104 pf 13 0.078 0.388 0.395 6
1104 pf 14 -0.411 -1.670 1.719 2
1104 pf 15 -1.425 1.023 1.754 8
1104 pf 16 0.096 0.147 0.176 6
1104 pf 17 -0.728 0.761 1.053 7
1104 pf 18 1.237 -0.457 1.319 4
1104 pf 19 0.964 -0.917 1.330 4
1104 pf 20 0.006 0.206 0.206 6
1104 pf 21 1.334 -1.257 1.833 4
1104 pf 22 0.120 -0.450 0.466 3
1104 pf 23 -1.454 -1.466 2.065 2
1104 pf 24 -1.237 1.300 1.794 7
1104 pf 25 0.431 -1.679 1.733 3
1104 pf 26 1.760 2.012 2.673 6
1104 pf 27 0.278 -0.078 0.288 4
1104 pf 28 0.045 -0.838 0.839 3
1104 pf 29 0.687 1.233 1.411 6
1104 pf 30 0.304 -0.891 0.941 3
1104 pf 31 1.112 -1.675 2.010 3
1104 pf 32 0.209 -1.435 1.451 3
1104 pf 33 -0.231 -1.751 1.766 2
1104 pf 34 0.080 0.372 0.380 6
1104 pf 35 0.721 -1.003 1.235 3
1104 pf 36 -0.516 -0.368 0.633 1
1104 pf 37 1.487 -2.755 3.131 3
1104 pf 38 0.788 -0.572 0.973 4
1104 pf 39 1.879 -0.843 2.059 4
1104 pf 40 1.217 -1.357 1.822 3
1104 pf 41 0.541 0.325 0.631 5
1104 pf 42 0.453 0.272 0.528 5
1104 pf 43 -1.903 -0.987 2.144 1
1104 pf 44 2.370 -0.215 2.380 4
1104 pf 45 1.131 0.387 1.196 5
1104 pf 46 0.416 1.024 1.105 6
1104 pf 47 0.058 -1.037 1.039 3
1104 pf 48 0.409 1.835 1.880 6
1104 pf 49 0.783 1.815 1.976 6
1104 pf 50 0.690 0.522 0.866 5
