ecmf prod rt 2020120300 51 046
0024 em 00 0.885 -0.187 0.904 4
0024 cf 00 0.824 -0.193 0.846 4
0024 pf 01 0.848 -0.105 0.855 4
0024 pf 02 0.846 -0.121 0.855 4
0024 pf 03 0.861 -0.168 0.877 4
0024 pf 04 1.041 -0.273 1.076 4
0024 pf 05 0.959 -0.170 0.974 4
0024 pf 06 0.893 -0.172 0.910 4
0024 pf 07 0.888 -0.337 0.949 4
0024 pf 08 0.888 -0.257 0.925 4
0024 pf 09 0.954 -0.012 0.954 4
0024 pf 10 0.864 -0.175 0.882 4
0024 pf 11 0.823 -0.202 0.847 4
0024 pf 12 0.898 -0.260 0.935 4
0024 pf 13 0.889 -0.074 0.892 4
0024 pf 14 0.899 -0.290 0.945 4
0024 pf 15 0.865 -0.203 0.889 4
0024 pf 16 0.828 -0.083 0.832 4
0024 pf 17 0.777 -0.183 0.798 4
0024 pf 18 0.848 -0.089 0.853 4
0024 pf 19 0.927 -0.221 0.953 4
0024 pf 20 0.914 -0.369 0.985 4
0024 pf 21 0.935 -0.098 0.940 4
0024 pf 22 0.865 -0.335 0.928 4
0024 pf 23 0.840 -0.291 0.889 4
0024 pf 24 0.877 -0.176 0.895 4
0024 pf 25 0.867 -0.262 0.906 4
0024 pf 26 0.940 -0.142 0.950 4
0024 pf 27 0.834 -0.353 0.906 4
0024 pf 28 0.809 -0.284 0.857 4
0024 pf 29 0.812 -0.104 0.819 4
0024 pf 30 0.913 -0.136 0.923 4
0024 pf 31 0.939 -0.167 0.954 4
0024 pf 32 0.913 -0.199 0.934 4
0024 pf 33 0.990 -0.118 0.997 4
0024 pf 34 0.953 -0.215 0.977 4
0024 pf 35 0.931 -0.182 0.948 4
0024 pf 36 0.932 -0.142 0.943 4
0024 pf 37 0.846 -0.080 0.850 4
0024 pf 38 0.809 -0.077 0.813 4
0024 pf 39 0.974 -0.175 0.990 4
0024 pf 40 0.781 -0.256 0.821 4
0024 pf 41 0.994 -0.175 1.010 4
0024 pf 42 0.813 -0.306 0.869 4
0024 pf 43 0.885 -0.169 0.901 4
0024 pf 44 0.914 -0.129 0.923 4
0024 pf 45 0.763 -0.126 0.774 4
0024 pf 46 0.874 -0.356 0.943 4
0024 pf 47 0.861 -0.036 0.862 4
0024 pf 48 0.884 -0.193 0.905 4
0024 pf 49 0.939 -0.137 0.949 4
0024 pf 50 0.750 -0.257 0.793 4
0048 em 00 1.056 -0.077 1.059 4
0048 cf 00 1.007 -0.109 1.013 4
0048 pf 01 1.024 -0.035 1.025 4
0048 pf 02 0.799 -0.166 0.816 4
0048 pf 03 1.086 -0.042 1.087 4
0048 pf 04 1.325 -0.111 1.330 4
0048 pf 05 1.074 0.193 1.092 5
0048 pf 06 0.941 0.064 0.944 5
0048 pf 07 1.148 -0.224 1.170 4
0048 pf 08 1.100 -0.216 1.121 4
0048 pf 09 1.212 0.015 1.212 5
0048 pf 10 1.074 0.125 1.081 5
0048 pf 11 0.793 -0.230 0.826 4
0048 pf 12 1.220 -0.114 1.225 4
0048 pf 13 1.104 0.191 1.121 5
0048 pf 14 0.897 -0.229 0.925 4
0048 pf 15 1.067 -0.141 1.076 4
0048 pf 16 1.079 -0.021 1.080 4
0048 pf 17 0.984 -0.046 0.985 4
0048 pf 18 0.897 -0.020 0.897 4
0048 pf 19 1.094 -0.096 1.098 4
0048 pf 20 1.175 -0.231 1.197 4
0048 pf 21 1.090 0.177 1.105 5
0048 pf 22 1.102 -0.375 1.164 4
0048 pf 23 1.011 -0.050 1.012 4
0048 pf 24 1.102 -0.021 1.102 4
0048 pf 25 1.239 -0.234 1.261 4
0048 pf 26 1.162 -0.073 1.164 4
0048 pf 27 0.957 -0.355 1.021 4
0048 pf 28 0.974 -0.280 1.013 4
0048 pf 29 0.903 -0.068 0.906 4
0048 pf 30 1.094 -0.114 1.100 4
0048 pf 31 1.225 0.106 1.230 5
0048 pf 32 1.021 -0.079 1.024 4
0048 pf 33 1.201 -0.109 1.206 4
0048 pf 34 1.198 -0.104 1.203 4
0048 pf 35 1.005 0.033 1.005 5
0048 pf 36 1.051 -0.058 1.053 4
0048 pf 37 0.765 0.176 0.786 5
0048 pf 38 0.928 -0.036 0.929 4
0048 pf 39 1.215 -0.049 1.216 4
0048 pf 40 1.016 -0.294 1.058 4
0048 pf 41 1.198 0.262 1.226 5
0048 pf 42 0.927 -0.297 0.973 4
0048 pf 43 1.123 -0.174 1.136 4
0048 pf 44 1.058 -0.158 1.070 4
0048 pf 45 0.756 0.053 0.758 5
0048 pf 46 1.216 -0.355 1.267 4
0048 pf 47 1.009 0.107 1.015 5
0048 pf 48 1.073 -0.131 1.081 4
0048 pf 49 1.034 -0.074 1.037 4
0048 pf 50 0.944 -0.147 0.956 4
0072 em 00 0.897 -0.070 0.900 4
0072 cf 00 0.824 -0.163 0.840 4
0072 pf 01 0.666 0.070 0.670 5
0072 pf 02 0.757 -0.038 0.758 4
0072 pf 03 0.868 -0.048 0.870 4
0072 pf 04 1.293 0.001 1.293 5
0072 pf 05 0.856 0.216 0.882 5
0072 pf 06 0.693 0.035 0.694 5
0072 pf 07 0.868 -0.281 0.912 4
0072 pf 08 1.159 -0.243 1.184 4
0072 pf 09 1.099 0.045 1.100 5
0072 pf 10 0.893 0.162 0.907 5
0072 pf 11 0.517 -0.359 0.630 4
0072 pf 12 1.073 -0.066 1.075 4
0072 pf 13 0.836 0.196 0.858 5
0072 pf 14 0.626 -0.315 0.701 4
0072 pf 15 0.847 -0.077 0.851 4
0072 pf 16 0.935 -0.121 0.943 4
0072 pf 17 0.929 -0.061 0.931 4
0072 pf 18 0.656 -0.144 0.672 4
0072 pf 19 0.935 -0.105 0.941 4
0072 pf 20 1.172 -0.121 1.178 4
0072 pf 21 0.934 0.148 0.946 5
0072 pf 22 1.000 -0.233 1.027 4
0072 pf 23 0.709 0.030 0.710 5
0072 pf 24 0.912 0.026 0.913 5
0072 pf 25 1.203 -0.333 1.248 4
0072 pf 26 1.177 -0.114 1.183 4
0072 pf 27 1.001 -0.563 1.149 4
0072 pf 28 0.959 -0.531 1.096 4
0072 pf 29 0.780 0.071 0.783 5
0072 pf 30 0.944 -0.094 0.949 4
0072 pf 31 0.769 0.059 0.771 5
0072 pf 32 0.910 0.108 0.916 5
0072 pf 33 0.948 0.117 0.956 5
0072 pf 34 1.225 0.085 1.228 5
0072 pf 35 0.823 0.057 0.825 5
0072 pf 36 0.889 -0.097 0.894 4
0072 pf 37 0.428 0.137 0.450 5
0072 pf 38 0.760 0.019 0.760 5
0072 pf 39 0.891 -0.110 0.898 4
0072 pf 40 0.934 -0.344 0.995 4
0072 pf 41 1.096 0.460 1.189 5
0072 pf 42 0.831 -0.340 0.898 4
0072 pf 43 0.993 -0.187 1.010 4
0072 pf 44 0.899 -0.172 0.916 4
0072 pf 45 0.418 0.026 0.418 5
0072 pf 46 1.282 -0.239 1.304 4
0072 pf 47 1.033 0.066 1.036 5
0072 pf 48 0.909 -0.098 0.915 4
0072 pf 49 0.935 -0.088 0.939 4
0072 pf 50 0.739 -0.188 0.763 4
0096 em 00 0.824 0.010 0.824 5
0096 cf 00 0.719 -0.086 0.724 4
0096 pf 01 0.373 0.218 0.432 5
0096 pf 02 0.837 0.130 0.847 5
0096 pf 03 0.410 -0.155 0.438 4
0096 pf 04 1.474 0.231 1.492 5
0096 pf 05 0.652 0.386 0.758 5
0096 pf 06 0.415 0.058 0.419 5
0096 pf 07 1.029 -0.049 1.030 4
0096 pf 08 1.276 -0.067 1.278 4
0096 pf 09 1.028 -0.047 1.029 4
0096 pf 10 0.682 0.155 0.699 5
0096 pf 11 0.484 -0.511 0.704 3
0096 pf 12 0.974 0.018 0.974 5
0096 pf 13 0.690 0.384 0.789 5
0096 pf 14 0.814 -0.236 0.847 4
0096 pf 15 0.654 0.007 0.654 5
0096 pf 16 0.873 -0.122 0.881 4
0096 pf 17 1.120 -0.095 1.124 4
0096 pf 18 0.676 -0.068 0.679 4
0096 pf 19 0.834 0.098 0.840 5
0096 pf 20 1.239 0.124 1.246 5
0096 pf 21 0.814 0.394 0.904 5
0096 pf 22 1.036 -0.284 1.075 4
0096 pf 23 0.472 -0.025 0.473 4
0096 pf 24 0.809 0.145 0.822 5
0096 pf 25 1.237 -0.287 1.270 4
0096 pf 26 1.166 -0.030 1.166 4
0096 pf 27 1.190 -0.358 1.243 4
0096 pf 28 1.008 -0.484 1.118 4
0096 pf 29 0.583 0.182 0.611 5
0096 pf 30 0.715 0.005 0.715 5
0096 pf 31 0.904 0.097 0.909 5
0096 pf 32 0.753 0.223 0.785 5
0096 pf 33 0.743 0.264 0.789 5
0096 pf 34 1.117 0.194 1.134 5
0096 pf 35 0.585 0.135 0.600 5
0096 pf 36 0.732 0.017 0.732 5
0096 pf 37 0.176 0.219 0.281 6
0096 pf 38 0.625 -0.035 0.626 4
0096 pf 39 0.747 0.058 0.749 5
0096 pf 40 0.972 -0.450 1.071 4
0096 pf 41 0.967 0.714 1.202 5
0096 pf 42 0.769 -0.459 0.895 4
0096 pf 43 1.062 -0.014 1.062 4
0096 pf 44 0.928 -0.100 0.933 4
0096 pf 45 0.129 -0.037 0.134 4
0096 pf 46 1.228 -0.362 1.280 4
0096 pf 47 0.949 0.254 0.982 5
0096 pf 48 0.925 0.053 0.927 5
0096 pf 49 0.811 -0.010 0.811 4
0096 pf 50 0.714 0.046 0.716 5
0120 em 00 0.856 0.112 0.864 5
0120 cf 00 0.779 0.018 0.779 5
0120 pf 01 0.152 0.307 0.343 6
0120 pf 02 0.661 0.368 0.757 5
0120 pf 03 0.544 -0.047 0.546 4
0120 pf 04 1.502 0.464 1.572 5
0120 pf 05 0.453 0.634 0.779 6
0120 pf 06 0.466 0.077 0.472 5
0120 pf 07 1.077 -0.173 1.091 4
0120 pf 08 1.395 0.071 1.397 5
0120 pf 09 0.979 -0.052 0.980 4
0120 pf 10 0.420 0.173 0.454 5
0120 pf 11 0.562 -0.584 0.811 3
0120 pf 12 1.039 0.158 1.051 5
0120 pf 13 0.656 0.275 0.711 5
0120 pf 14 1.086 0.123 1.093 5
0120 pf 15 0.699 -0.111 0.707 4
0120 pf 16 0.994 -0.141 1.004 4
0120 pf 17 1.019 0.126 1.027 5
0120 pf 18 0.540 0.171 0.566 5
0120 pf 19 0.865 0.121 0.873 5
0120 pf 20 1.141 0.423 1.217 5
0120 pf 21 0.801 0.533 0.962 5
0120 pf 22 1.007 -0.282 1.046 4
0120 pf 23 0.381 -0.082 0.390 4
0120 pf 24 0.944 0.493 1.065 5
0120 pf 25 1.644 0.013 1.644 5
0120 pf 26 1.203 0.053 1.204 5
0120 pf 27 1.321 -0.154 1.330 4
0120 pf 28 1.438 -0.204 1.452 4
0120 pf 29 0.462 0.247 0.524 5
0120 pf 30 0.956 -0.067 0.958 4
0120 pf 31 1.025 0.199 1.044 5
0120 pf 32 0.768 0.458 0.894 5
0120 pf 33 0.499 0.468 0.684 5
0120 pf 34 1.151 0.359 1.206 5
0120 pf 35 0.457 0.247 0.519 5
0120 pf 36 0.781 0.117 0.790 5
0120 pf 37 0.283 0.264 0.387 5
0120 pf 38 1.048 0.194 1.066 5
0120 pf 39 0.724 0.008 0.724 5
0120 pf 40 1.212 -0.422 1.283 4
0120 pf 41 0.876 0.842 1.215 5
0120 pf 42 0.766 -0.575 0.958 4
0120 pf 43 1.072 -0.014 1.072 4
0120 pf 44 0.878 -0.057 0.880 4
0120 pf 45 0.310 -0.051 0.314 4
0120 pf 46 1.284 -0.178 1.296 4
0120 pf 47 0.725 0.452 0.854 5
0120 pf 48 1.064 0.041 1.064 5
0120 pf 49 0.774 0.171 0.792 5
0120 pf 50 0.780 0.207 0.807 5
0144 em 00 0.928 0.321 0.982 5
0144 cf 00 0.804 0.219 0.833 5
0144 pf 01 0.128 0.377 0.399 6
0144 pf 02 0.620 0.428 0.753 5
0144 pf 03 0.615 0.360 0.712 5
0144 pf 04 1.682 0.794 1.860 5
0144 pf 05 0.263 0.995 1.030 6
0144 pf 06 0.507 0.126 0.522 5
0144 pf 07 1.350 0.055 1.351 5
0144 pf 08 1.280 0.320 1.319 5
0144 pf 09 1.062 0.157 1.074 5
0144 pf 10 0.371 0.238 0.440 5
0144 pf 11 0.855 -0.585 1.036 4
0144 pf 12 1.121 0.300 1.160 5
0144 pf 13 0.998 0.470 1.103 5
0144 pf 14 1.126 0.446 1.211 5
0144 pf 15 0.940 -0.178 0.957 4
0144 pf 16 1.252 0.341 1.297 5
0144 pf 17 1.056 0.107 1.062 5
0144 pf 18 0.679 0.149 0.695 5
0144 pf 19 0.890 0.509 1.025 5
0144 pf 20 1.133 0.759 1.364 5
0144 pf 21 0.767 0.492 0.911 5
0144 pf 22 1.106 -0.055 1.108 4
0144 pf 23 0.468 -0.091 0.477 4
0144 pf 24 1.037 0.671 1.235 5
0144 pf 25 1.744 0.331 1.775 5
0144 pf 26 1.160 0.245 1.185 5
0144 pf 27 1.190 0.250 1.216 5
0144 pf 28 1.681 0.276 1.703 5
0144 pf 29 0.516 0.280 0.587 5
0144 pf 30 0.878 0.106 0.885 5
0144 pf 31 1.019 0.528 1.148 5
0144 pf 32 0.734 0.893 1.156 6
0144 pf 33 0.757 0.605 0.969 5
0144 pf 34 1.152 0.813 1.410 5
0144 pf 35 0.620 0.554 0.832 5
0144 pf 36 0.753 0.238 0.790 5
0144 pf 37 0.235 0.402 0.466 6
0144 pf 38 1.069 0.378 1.134 5
0144 pf 39 0.849 0.104 0.855 5
0144 pf 40 1.468 0.026 1.468 5
0144 pf 41 0.835 1.128 1.404 6
0144 pf 42 0.825 -0.383 0.910 4
0144 pf 43 1.196 0.166 1.208 5
0144 pf 44 1.105 0.116 1.111 5
0144 pf 45 0.650 0.016 0.651 5
0144 pf 46 1.236 0.088 1.239 5
0144 pf 47 0.704 0.720 1.007 6
0144 pf 48 0.943 0.097 0.948 5
0144 pf 49 0.854 0.321 0.912 5
0144 pf 50 0.927 0.668 1.143 5
0168 em 00 1.099 0.417 1.176 5
0168 cf 00 0.913 0.257 0.949 5
0168 pf 01 0.415 0.469 0.626 6
0168 pf 02 0.550 0.298 0.626 5
0168 pf 03 0.869 0.510 1.008 5
0168 pf 04 2.147 1.053 2.391 5
0168 pf 05 0.409 0.708 0.818 6
0168 pf 06 0.898 0.106 0.905 5
0168 pf 07 1.602 0.442 1.662 5
0168 pf 08 1.097 0.382 1.161 5
0168 pf 09 1.099 0.344 1.151 5
0168 pf 10 0.467 0.301 0.556 5
0168 pf 11 1.276 -0.308 1.313 4
0168 pf 12 1.171 0.622 1.326 5
0168 pf 13 1.523 0.441 1.585 5
0168 pf 14 1.137 0.380 1.199 5
0168 pf 15 1.081 -0.467 1.177 4
0168 pf 16 1.304 0.493 1.394 5
0168 pf 17 1.076 0.069 1.078 5
0168 pf 18 0.953 0.240 0.983 5
0168 pf 19 0.970 0.575 1.127 5
0168 pf 20 1.388 1.106 1.774 5
0168 pf 21 0.930 0.427 1.023 5
0168 pf 22 1.272 0.278 1.302 5
0168 pf 23 0.716 -0.014 0.716 4
0168 pf 24 1.155 0.930 1.483 5
0168 pf 25 2.160 0.648 2.255 5
0168 pf 26 1.318 0.161 1.328 5
0168 pf 27 1.260 0.634 1.411 5
0168 pf 28 1.849 0.718 1.983 5
0168 pf 29 0.785 0.370 0.868 5
0168 pf 30 1.096 0.326 1.144 5
0168 pf 31 0.938 0.582 1.104 5
0168 pf 32 0.835 0.868 1.204 6
0168 pf 33 1.051 0.635 1.228 5
0168 pf 34 1.336 0.612 1.470 5
0168 pf 35 0.750 0.676 1.009 5
0168 pf 36 0.893 0.254 0.929 5
0168 pf 37 0.391 0.580 0.699 6
0168 pf 38 1.159 0.444 1.241 5
0168 pf 39 0.933 0.125 0.941 5
0168 pf 40 1.866 0.369 1.903 5
0168 pf 41 0.606 1.174 1.321 6
0168 pf 42 0.994 -0.276 1.031 4
0168 pf 43 1.208 0.186 1.222 5
0168 pf 44 1.429 0.256 1.452 5
0168 pf 45 1.046 0.024 1.046 5
0168 pf 46 1.215 0.199 1.231 5
0168 pf 47 1.092 0.705 1.300 5
0168 pf 48 1.117 0.146 1.126 5
0168 pf 49 1.072 0.366 1.132 5
0168 pf 50 1.013 0.840 1.316 5
0192 em 00 1.259 0.514 1.360 5
0192 cf 00 1.203 0.373 1.259 5
0192 pf 01 0.724 0.553 0.911 5
0192 pf 02 0.487 0.140 0.507 5
0192 pf 03 0.883 0.672 1.109 5
0192 pf 04 2.299 1.209 2.598 5
0192 pf 05 0.537 0.690 0.874 6
0192 pf 06 1.246 0.065 1.248 5
0192 pf 07 1.708 0.545 1.793 5
0192 pf 08 1.262 0.320 1.302 5
0192 pf 09 1.346 0.361 1.394 5
0192 pf 10 0.779 0.542 0.948 5
0192 pf 11 1.626 -0.030 1.626 4
0192 pf 12 1.172 0.782 1.408 5
0192 pf 13 1.976 0.743 2.111 5
0192 pf 14 1.340 0.487 1.426 5
0192 pf 15 1.356 -0.414 1.417 4
0192 pf 16 1.421 0.657 1.566 5
0192 pf 17 1.182 0.255 1.209 5
0192 pf 18 1.029 0.377 1.096 5
0192 pf 19 0.961 0.582 1.123 5
0192 pf 20 1.417 1.191 1.851 5
0192 pf 21 1.184 0.640 1.346 5
0192 pf 22 1.375 0.364 1.422 5
0192 pf 23 1.081 0.219 1.103 5
0192 pf 24 1.184 0.863 1.465 5
0192 pf 25 2.168 0.901 2.347 5
0192 pf 26 1.469 0.262 1.492 5
0192 pf 27 1.334 0.908 1.614 5
0192 pf 28 2.166 1.004 2.388 5
0192 pf 29 1.204 0.270 1.234 5
0192 pf 30 1.123 0.357 1.179 5
0192 pf 31 1.248 0.797 1.480 5
0192 pf 32 0.620 0.760 0.981 6
0192 pf 33 1.362 0.708 1.535 5
0192 pf 34 1.428 0.571 1.538 5
0192 pf 35 0.971 0.697 1.195 5
0192 pf 36 0.932 0.646 1.134 5
0192 pf 37 0.408 0.609 0.734 6
0192 pf 38 1.304 0.349 1.350 5
0192 pf 39 1.111 0.130 1.119 5
0192 pf 40 1.900 0.478 1.959 5
0192 pf 41 0.751 1.417 1.603 6
0192 pf 42 1.085 -0.224 1.108 4
0192 pf 43 1.186 0.325 1.230 5
0192 pf 44 1.531 0.356 1.572 5
0192 pf 45 1.211 0.055 1.212 5
0192 pf 46 1.407 0.268 1.433 5
0192 pf 47 1.401 0.728 1.579 5
0192 pf 48 1.268 0.308 1.305 5
0192 pf 49 1.199 0.511 1.304 5
0192 pf 50 1.110 0.839 1.392 5
0216 em 00 1.245 0.506 1.343 5
0216 cf 00 1.242 0.375 1.297 5
0216 pf 01 0.685 0.495 0.845 5
0216 pf 02 0.600 0.197 0.631 5
0216 pf 03 0.791 0.981 1.260 6
0216 pf 04 2.328 1.373 2.703 5
0216 pf 05 0.666 0.317 0.738 5
0216 pf 06 1.195 -0.032 1.195 4
0216 pf 07 1.551 0.531 1.640 5
0216 pf 08 1.471 0.225 1.488 5
0216 pf 09 1.322 0.442 1.394 5
0216 pf 10 0.839 0.489 0.972 5
0216 pf 11 1.764 0.131 1.768 5
0216 pf 12 0.845 0.578 1.024 5
0216 pf 13 1.742 0.767 1.903 5
0216 pf 14 1.376 0.607 1.504 5
0216 pf 15 1.406 -0.228 1.424 4
0216 pf 16 1.353 0.407 1.413 5
0216 pf 17 1.290 0.415 1.356 5
0216 pf 18 1.062 0.319 1.109 5
0216 pf 19 0.745 0.399 0.845 5
0216 pf 20 1.539 1.271 1.996 5
0216 pf 21 1.191 0.664 1.364 5
0216 pf 22 1.122 0.483 1.221 5
0216 pf 23 1.257 0.099 1.261 5
0216 pf 24 1.244 0.850 1.507 5
0216 pf 25 2.063 1.263 2.419 5
0216 pf 26 1.571 0.412 1.625 5
0216 pf 27 1.283 0.869 1.549 5
0216 pf 28 2.275 0.715 2.385 5
0216 pf 29 1.504 0.213 1.519 5
0216 pf 30 0.993 0.293 1.035 5
0216 pf 31 1.290 0.732 1.483 5
0216 pf 32 0.386 0.304 0.492 5
0216 pf 33 1.372 0.908 1.645 5
0216 pf 34 1.175 0.478 1.268 5
0216 pf 35 0.834 0.493 0.969 5
0216 pf 36 0.665 0.424 0.789 5
0216 pf 37 0.361 0.503 0.620 6
0216 pf 38 1.372 0.538 1.474 5
0216 pf 39 1.118 0.194 1.134 5
0216 pf 40 1.785 0.301 1.810 5
0216 pf 41 0.757 1.189 1.410 6
0216 pf 42 0.896 -0.109 0.903 4
0216 pf 43 1.024 0.276 1.061 5
0216 pf 44 1.270 0.671 1.437 5
0216 pf 45 1.411 0.009 1.411 5
0216 pf 46 1.561 0.224 1.577 5
0216 pf 47 1.424 0.622 1.554 5
0216 pf 48 1.525 0.533 1.615 5
0216 pf 49 1.179 0.539 1.297 5
0216 pf 50 1.119 1.074 1.551 5
0240 em 00 1.132 0.442 1.215 5
0240 cf 00 1.137 0.344 1.188 5
0240 pf 01 0.241 0.565 0.614 6
0240 pf 02 0.935 0.163 0.950 5
0240 pf 03 0.608 0.872 1.064 6
0240 pf 04 2.132 1.435 2.570 5
0240 pf 05 0.795 0.124 0.805 5
0240 pf 06 1.513 0.176 1.523 5
0240 pf 07 1.424 0.478 1.502 5
0240 pf 08 1.270 -0.174 1.281 4
0240 pf 09 1.054 0.307 1.098 5
0240 pf 10 0.825 0.340 0.893 5
0240 pf 11 1.614 0.202 1.626 5
0240 pf 12 0.503 0.540 0.738 6
0240 pf 13 1.536 0.901 1.781 5
0240 pf 14 1.536 0.503 1.616 5
0240 pf 15 1.573 0.010 1.573 5
0240 pf 16 1.046 0.347 1.102 5
0240 pf 17 1.305 0.251 1.329 5
0240 pf 18 1.050 0.584 1.201 5
0240 pf 19 0.724 0.521 0.892 5
0240 pf 20 1.330 0.805 1.554 5
0240 pf 21 1.094 0.671 1.283 5
0240 pf 22 0.991 0.576 1.146 5
0240 pf 23 1.171 0.068 1.173 5
0240 pf 24 0.935 0.572 1.096 5
0240 pf 25 1.860 1.344 2.294 5
0240 pf 26 1.370 0.368 1.418 5
0240 pf 27 0.942 0.592 1.112 5
0240 pf 28 2.084 0.478 2.139 5
0240 pf 29 1.343 -0.003 1.343 4
0240 pf 30 0.888 0.202 0.911 5
0240 pf 31 1.272 0.763 1.483 5
0240 pf 32 0.225 -0.035 0.228 4
0240 pf 33 1.340 0.990 1.666 5
0240 pf 34 1.281 0.324 1.322 5
0240 pf 35 0.748 0.284 0.800 5
0240 pf 36 0.619 0.186 0.646 5
0240 pf 37 0.413 0.353 0.543 5
0240 pf 38 1.266 0.522 1.370 5
0240 pf 39 1.106 0.290 1.144 5
0240 pf 40 1.396 0.252 1.418 5
0240 pf 41 0.475 0.634 0.792 6
0240 pf 42 0.875 -0.045 0.876 4
0240 pf 43 0.890 0.710 1.139 5
0240 pf 44 0.845 0.601 1.037 5
0240 pf 45 1.407 0.018 1.407 5
0240 pf 46 1.352 -0.153 1.361 4
0240 pf 47 1.165 0.532 1.281 5
0240 pf 48 1.431 0.819 1.649 5
0240 pf 49 1.023 0.633 1.203 5
0240 pf 50 1.079 0.864 1.383 5
0264 em 00 1.111 0.450 1.198 5
0264 cf 00 1.225 0.314 1.264 5
0264 pf 01 0.412 0.609 0.736 6
0264 pf 02 0.983 0.027 0.984 5
0264 pf 03 0.529 1.003 1.134 6
0264 pf 04 2.031 1.539 2.548 5
0264 pf 05 0.749 -0.058 0.752 4
0264 pf 06 1.220 0.222 1.240 5
0264 pf 07 1.437 0.522 1.529 5
0264 pf 08 1.318 -0.151 1.327 4
0264 pf 09 1.134 0.490 1.236 5
0264 pf 10 0.828 0.552 0.995 5
0264 pf 11 1.486 0.306 1.517 5
0264 pf 12 0.599 0.639 0.876 6
0264 pf 13 1.453 1.007 1.768 5
0264 pf 14 1.686 0.523 1.765 5
0264 pf 15 1.560 0.496 1.637 5
0264 pf 16 1.039 0.128 1.047 5
0264 pf 17 1.212 0.146 1.221 5
0264 pf 18 0.960 0.528 1.096 5
0264 pf 19 0.666 0.364 0.759 5
0264 pf 20 1.215 1.195 1.704 5
0264 pf 21 1.202 0.553 1.324 5
0264 pf 22 1.234 0.529 1.342 5
0264 pf 23 1.264 0.210 1.282 5
0264 pf 24 0.893 0.588 1.069 5
0264 pf 25 1.694 1.586 2.320 5
0264 pf 26 1.391 0.133 1.397 5
0264 pf 27 0.587 0.689 0.905 6
0264 pf 28 1.755 0.273 1.776 5
0264 pf 29 1.542 -0.089 1.544 4
0264 pf 30 0.823 0.141 0.835 5
0264 pf 31 1.333 0.980 1.654 5
0264 pf 32 0.561 -0.212 0.600 4
0264 pf 33 1.015 0.956 1.394 5
0264 pf 34 1.290 0.393 1.348 5
0264 pf 35 0.810 0.305 0.866 5
0264 pf 36 0.471 0.032 0.472 5
0264 pf 37 0.497 0.429 0.657 5
0264 pf 38 1.249 0.454 1.329 5
0264 pf 39 1.069 0.221 1.092 5
0264 pf 40 1.288 0.317 1.327 5
0264 pf 41 0.468 0.211 0.514 5
0264 pf 42 1.032 0.047 1.033 5
0264 pf 43 0.908 0.622 1.100 5
0264 pf 44 0.706 0.427 0.825 5
0264 pf 45 1.510 0.034 1.511 5
0264 pf 46 1.533 -0.198 1.546 4
0264 pf 47 0.963 0.418 1.050 5
0264 pf 48 1.021 1.023 1.446 6
0264 pf 49 0.964 0.600 1.136 5
0264 pf 50 1.100 0.969 1.466 5
0288 em 00 1.003 0.429 1.091 5
0288 cf 00 1.111 0.118 1.117 5
0288 pf 01 0.138 0.672 0.686 6
0288 pf 02 0.910 -0.091 0.915 4
0288 pf 03 0.273 1.190 1.221 6
0288 pf 04 1.762 1.742 2.477 5
0288 pf 05 0.587 0.225 0.628 5
0288 pf 06 0.707 0.032 0.707 5
0288 pf 07 1.196 0.747 1.410 5
0288 pf 08 1.455 -0.202 1.469 4
0288 pf 09 1.375 0.436 1.442 5
0288 pf 10 0.722 0.561 0.914 5
0288 pf 11 1.221 0.514 1.324 5
0288 pf 12 0.378 0.948 1.020 6
0288 pf 13 1.216 0.558 1.338 5
0288 pf 14 1.569 0.611 1.683 5
0288 pf 15 1.376 0.506 1.466 5
0288 pf 16 1.319 -0.067 1.321 4
0288 pf 17 1.255 0.329 1.297 5
0288 pf 18 1.009 0.389 1.082 5
0288 pf 19 0.313 0.045 0.316 5
0288 pf 20 1.021 1.180 1.561 6
0288 pf 21 1.239 0.287 1.272 5
0288 pf 22 1.389 0.568 1.501 5
0288 pf 23 1.184 0.231 1.206 5
0288 pf 24 0.871 0.467 0.988 5
0288 pf 25 1.370 1.654 2.148 6
0288 pf 26 1.533 0.211 1.547 5
0288 pf 27 0.298 0.445 0.535 6
0288 pf 28 1.669 0.333 1.702 5
0288 pf 29 1.843 -0.200 1.854 4
0288 pf 30 0.744 0.101 0.751 5
0288 pf 31 1.226 1.153 1.683 5
0288 pf 32 0.751 -0.134 0.763 4
0288 pf 33 0.727 1.024 1.255 6
0288 pf 34 1.161 0.289 1.196 5
0288 pf 35 0.635 0.436 0.770 5
0288 pf 36 0.060 -0.277 0.284 3
0288 pf 37 0.330 0.242 0.409 5
0288 pf 38 1.083 0.444 1.170 5
0288 pf 39 0.934 0.139 0.944 5
0288 pf 40 1.206 0.388 1.267 5
0288 pf 41 0.242 0.155 0.287 5
0288 pf 42 1.017 -0.053 1.018 4
0288 pf 43 0.988 0.800 1.271 5
0288 pf 44 0.721 0.421 0.835 5
0288 pf 45 1.614 0.101 1.617 5
0288 pf 46 1.636 -0.089 1.639 4
0288 pf 47 0.599 0.184 0.627 5
0288 pf 48 0.728 0.952 1.199 6
0288 pf 49 0.707 0.568 0.907 5
0288 pf 50 0.853 0.744 1.132 5
0312 em 00 0.926 0.416 1.015 5
0312 cf 00 1.064 -0.005 1.064 4
0312 pf 01 -0.065 0.636 0.640 7
0312 pf 02 0.951 -0.326 1.005 4
0312 pf 03 0.112 1.153 1.159 6
0312 pf 04 1.377 1.772 2.244 6
0312 pf 05 0.504 0.142 0.524 5
0312 pf 06 0.402 0.175 0.438 5
0312 pf 07 1.045 1.067 1.493 6
0312 pf 08 1.337 -0.245 1.360 4
0312 pf 09 1.391 0.364 1.438 5
0312 pf 10 0.606 0.584 0.842 5
0312 pf 11 0.974 0.498 1.094 5
0312 pf 12 0.124 0.746 0.756 6
0312 pf 13 1.105 0.470 1.201 5
0312 pf 14 1.337 0.395 1.394 5
0312 pf 15 1.185 0.524 1.296 5
0312 pf 16 1.340 -0.128 1.346 4
0312 pf 17 1.348 0.649 1.496 5
0312 pf 18 0.853 0.608 1.048 5
0312 pf 19 0.266 -0.047 0.270 4
0312 pf 20 0.535 1.087 1.212 6
0312 pf 21 1.352 0.438 1.421 5
0312 pf 22 1.511 0.931 1.775 5
0312 pf 23 0.986 0.156 0.998 5
0312 pf 24 0.903 0.345 0.967 5
0312 pf 25 1.130 1.703 2.044 6
0312 pf 26 1.752 0.211 1.765 5
0312 pf 27 0.364 0.332 0.493 5
0312 pf 28 1.651 0.195 1.662 5
0312 pf 29 1.978 -0.160 1.984 4
0312 pf 30 0.913 0.321 0.968 5
0312 pf 31 1.320 1.070 1.699 5
0312 pf 32 0.820 0.122 0.829 5
0312 pf 33 0.549 1.224 1.341 6
0312 pf 34 1.032 0.149 1.043 5
0312 pf 35 0.380 0.167 0.415 5
0312 pf 36 -0.079 -0.431 0.438 2
0312 pf 37 0.252 0.272 0.371 6
0312 pf 38 0.953 0.228 0.980 5
0312 pf 39 0.913 0.104 0.919 5
0312 pf 40 1.051 0.460 1.147 5
0312 pf 41 0.148 -0.334 0.365 3
0312 pf 42 1.099 -0.139 1.108 4
0312 pf 43 1.011 0.902 1.355 5
0312 pf 44 0.690 0.621 0.928 5
0312 pf 45 1.801 0.362 1.837 5
0312 pf 46 1.676 0.163 1.684 5
0312 pf 47 0.183 -0.038 0.187 4
0312 pf 48 0.643 0.593 0.875 5
0312 pf 49 0.702 0.658 0.962 5
0312 pf 50 0.802 0.669 1.045 5
0336 em 00 0.910 0.457 1.019 5
0336 cf 00 1.041 0.114 1.048 5
0336 pf 01 -0.237 0.701 0.740 7
0336 pf 02 1.261 -0.383 1.318 4
0336 pf 03 0.112 1.125 1.131 6
0336 pf 04 1.033 1.768 2.048 6
0336 pf 05 0.234 -0.014 0.234 4
0336 pf 06 0.500 0.345 0.607 5
0336 pf 07 1.065 1.432 1.784 6
0336 pf 08 1.171 -0.296 1.208 4
0336 pf 09 1.357 0.624 1.493 5
0336 pf 10 0.593 0.416 0.724 5
0336 pf 11 0.611 0.437 0.751 5
0336 pf 12 -0.087 0.556 0.562 7
0336 pf 13 1.196 0.617 1.345 5
0336 pf 14 1.183 0.411 1.252 5
0336 pf 15 1.207 0.448 1.288 5
0336 pf 16 1.192 -0.109 1.197 4
0336 pf 17 1.543 0.489 1.618 5
0336 pf 18 0.745 0.731 1.044 5
0336 pf 19 0.362 -0.268 0.450 4
0336 pf 20 0.032 1.107 1.108 6
0336 pf 21 1.524 0.660 1.660 5
0336 pf 22 1.449 1.186 1.873 5
0336 pf 23 0.815 -0.028 0.815 4
0336 pf 24 0.769 0.433 0.882 5
0336 pf 25 0.913 1.837 2.051 6
0336 pf 26 2.064 0.411 2.104 5
0336 pf 27 0.444 0.318 0.546 5
0336 pf 28 1.691 0.159 1.699 5
0336 pf 29 1.953 0.184 1.962 5
0336 pf 30 1.202 0.767 1.426 5
0336 pf 31 1.166 0.974 1.519 5
0336 pf 32 0.840 0.291 0.889 5
0336 pf 33 0.321 1.208 1.250 6
0336 pf 34 1.255 0.156 1.265 5
0336 pf 35 0.531 -0.060 0.535 4
0336 pf 36 -0.228 -0.647 0.686 2
0336 pf 37 0.310 0.346 0.465 6
0336 pf 38 1.176 0.271 1.207 5
0336 pf 39 1.281 0.387 1.338 5
0336 pf 40 1.248 0.621 1.394 5
0336 pf 41 0.320 -0.614 0.692 3
0336 pf 42 1.030 -0.161 1.042 4
0336 pf 43 1.023 1.048 1.465 6
0336 pf 44 0.398 0.698 0.804 6
0336 pf 45 1.981 0.534 2.052 5
0336 pf 46 1.616 0.549 1.707 5
0336 pf 47 -0.023 -0.302 0.303 2
0336 pf 48 0.655 0.607 0.893 5
0336 pf 49 0.700 0.774 1.044 6
0336 pf 50 0.739 0.731 1.040 5
0360 em 00 0.906 0.543 1.056 5
0360 cf 00 1.023 0.188 1.040 5
0360 pf 01 -0.133 0.897 0.907 7
0360 pf 02 1.446 0.093 1.449 5
0360 pf 03 -0.154 1.127 1.137 7
0360 pf 04 0.680 1.565 1.707 6
0360 pf 05 0.395 -0.077 0.402 4
0360 pf 06 0.589 0.317 0.669 5
0360 pf 07 1.014 1.623 1.913 6
0360 pf 08 1.220 -0.321 1.262 4
0360 pf 09 1.544 0.955 1.815 5
0360 pf 10 0.620 0.417 0.748 5
0360 pf 11 0.429 0.559 0.704 6
0360 pf 12 -0.313 0.534 0.619 7
0360 pf 13 1.628 0.718 1.779 5
0360 pf 14 1.167 0.386 1.229 5
0360 pf 15 1.239 0.563 1.361 5
0360 pf 16 1.360 0.025 1.361 5
0360 pf 17 1.616 0.638 1.737 5
0360 pf 18 0.942 0.701 1.174 5
0360 pf 19 0.293 -0.757 0.812 3
0360 pf 20 -0.031 1.020 1.021 7
0360 pf 21 1.618 0.826 1.817 5
0360 pf 22 1.414 1.181 1.842 5
0360 pf 23 0.750 -0.076 0.754 4
0360 pf 24 1.027 0.656 1.219 5
0360 pf 25 0.424 1.687 1.739 6
0360 pf 26 2.340 1.015 2.551 5
0360 pf 27 0.722 0.409 0.830 5
0360 pf 28 1.517 0.263 1.540 5
0360 pf 29 1.683 0.455 1.743 5
0360 pf 30 1.399 1.400 1.979 6
0360 pf 31 0.976 0.590 1.141 5
0360 pf 32 0.768 0.657 1.011 5
0360 pf 33 0.277 1.157 1.190 6
0360 pf 34 1.178 0.126 1.185 5
0360 pf 35 0.396 -0.207 0.446 4
0360 pf 36 -0.300 -0.824 0.877 2
0360 pf 37 0.245 0.434 0.498 6
0360 pf 38 1.273 0.349 1.320 5
0360 pf 39 1.116 0.405 1.188 5
0360 pf 40 1.239 0.824 1.488 5
0360 pf 41 0.466 -0.687 0.830 3
0360 pf 42 0.592 -0.152 0.611 4
0360 pf 43 1.116 1.134 1.591 6
0360 pf 44 0.592 0.785 0.983 6
0360 pf 45 2.121 0.946 2.322 5
0360 pf 46 1.577 1.091 1.918 5
0360 pf 47 0.343 -0.345 0.487 3
0360 pf 48 0.377 0.639 0.742 6
0360 pf 49 0.509 0.919 1.051 6
0360 pf 50 0.719 1.058 1.279 6
0384 em 00 0.931 0.588 1.101 5
0384 cf 00 1.012 0.200 1.032 5
0384 pf 01 -0.057 0.713 0.715 7
0384 pf 02 1.604 0.295 1.631 5
0384 pf 03 0.006 1.162 1.162 6
0384 pf 04 0.524 1.697 1.776 6
0384 pf 05 0.661 -0.091 0.667 4
0384 pf 06 0.537 -0.142 0.555 4
0384 pf 07 1.320 1.495 1.995 6
0384 pf 08 1.479 -0.242 1.498 4
0384 pf 09 1.714 1.405 2.217 5
0384 pf 10 0.789 0.322 0.852 5
0384 pf 11 0.316 0.454 0.553 6
0384 pf 12 -0.019 0.592 0.592 7
0384 pf 13 1.621 0.978 1.894 5
0384 pf 14 1.099 0.606 1.255 5
0384 pf 15 0.864 0.582 1.042 5
0384 pf 16 1.411 -0.194 1.424 4
0384 pf 17 1.535 0.653 1.668 5
0384 pf 18 1.065 1.092 1.525 6
0384 pf 19 0.317 -1.050 1.097 3
0384 pf 20 -0.034 0.862 0.863 7
0384 pf 21 1.449 1.205 1.884 5
0384 pf 22 1.213 1.435 1.879 6
0384 pf 23 0.747 0.181 0.769 5
0384 pf 24 1.235 0.586 1.367 5
0384 pf 25 0.369 1.328 1.378 6
0384 pf 26 2.209 1.355 2.591 5
0384 pf 27 1.029 0.693 1.240 5
0384 pf 28 1.229 0.379 1.286 5
0384 pf 29 1.573 0.487 1.646 5
0384 pf 30 1.442 1.574 2.135 6
0384 pf 31 1.085 0.513 1.200 5
0384 pf 32 0.901 0.682 1.130 5
0384 pf 33 0.462 1.068 1.164 6
0384 pf 34 0.965 0.386 1.039 5
0384 pf 35 0.513 -0.349 0.620 4
0384 pf 36 -0.408 -0.738 0.843 2
0384 pf 37 0.243 0.378 0.450 6
0384 pf 38 1.508 0.469 1.580 5
0384 pf 39 0.986 0.341 1.044 5
0384 pf 40 1.092 0.906 1.419 5
0384 pf 41 0.825 -0.647 1.049 4
0384 pf 42 0.170 -0.068 0.183 4
0384 pf 43 1.281 1.189 1.748 5
0384 pf 44 0.546 0.740 0.919 6
0384 pf 45 1.903 1.235 2.269 5
0384 pf 46 1.585 1.304 2.053 5
0384 pf 47 0.810 -0.220 0.839 4
0384 pf 48 0.320 0.497 0.591 6
0384 pf 49 0.735 0.792 1.081 6
0384 pf 50 0.634 0.958 1.149 6
0408 em 00 0.895 0.629 1.094 5
0408 cf 00 1.011 0.256 1.043 5
0408 pf 01 0.318 0.724 0.790 6
0408 pf 02 1.694 0.427 1.747 5
0408 pf 03 -0.125 1.055 1.062 7
0408 pf 04 0.423 1.448 1.509 6
0408 pf 05 0.706 -0.131 0.718 4
0408 pf 06 0.486 -0.088 0.493 4
0408 pf 07 1.596 1.510 2.197 5
0408 pf 08 1.456 -0.140 1.462 4
0408 pf 09 1.491 1.675 2.242 6
0408 pf 10 0.570 0.275 0.633 5
0408 pf 11 0.280 0.569 0.635 6
0408 pf 12 0.266 0.457 0.528 6
0408 pf 13 1.405 1.131 1.804 5
0408 pf 14 1.131 0.673 1.316 5
0408 pf 15 0.741 0.256 0.784 5
0408 pf 16 1.363 -0.235 1.383 4
0408 pf 17 1.590 0.638 1.713 5
0408 pf 18 1.091 1.163 1.595 6
0408 pf 19 0.738 -0.907 1.169 3
0408 pf 20 -0.172 0.440 0.472 7
0408 pf 21 1.316 1.345 1.882 6
0408 pf 22 0.896 1.647 1.875 6
0408 pf 23 0.940 0.292 0.984 5
0408 pf 24 1.291 0.451 1.367 5
0408 pf 25 0.535 1.214 1.327 6
0408 pf 26 1.984 1.469 2.469 5
0408 pf 27 0.873 0.742 1.145 5
0408 pf 28 1.048 0.464 1.146 5
0408 pf 29 1.507 0.699 1.662 5
0408 pf 30 1.267 1.759 2.168 6
0408 pf 31 1.329 0.526 1.429 5
0408 pf 32 0.762 0.706 1.039 5
0408 pf 33 0.309 1.105 1.147 6
0408 pf 34 0.955 0.555 1.104 5
0408 pf 35 0.437 -0.372 0.574 4
0408 pf 36 -0.053 -0.915 0.917 2
0408 pf 37 0.087 0.329 0.341 6
0408 pf 38 1.360 0.862 1.610 5
0408 pf 39 0.756 0.597 0.964 5
0408 pf 40 1.003 1.168 1.540 6
0408 pf 41 0.669 -0.996 1.200 3
0408 pf 42 -0.124 -0.107 0.164 1
0408 pf 43 1.329 1.335 1.883 6
0408 pf 44 0.637 0.629 0.895 5
0408 pf 45 1.543 1.772 2.350 6
0408 pf 46 1.221 1.394 1.853 6
0408 pf 47 0.771 -0.065 0.774 4
0408 pf 48 0.394 0.366 0.538 5
0408 pf 49 0.869 0.838 1.207 5
0408 pf 50 0.556 0.922 1.077 6
0432 em 00 0.813 0.703 1.075 5
0432 cf 00 1.087 0.506 1.199 5
0432 pf 01 0.248 0.859 0.894 6
0432 pf 02 1.619 0.684 1.758 5
0432 pf 03 -0.116 0.831 0.839 7
0432 pf 04 0.192 1.214 1.229 6
0432 pf 05 0.575 0.024 0.576 5
0432 pf 06 0.348 -0.065 0.354 4
0432 pf 07 1.489 1.514 2.123 6
0432 pf 08 1.433 0.418 1.493 5
0432 pf 09 1.291 1.908 2.304 6
0432 pf 10 0.348 0.437 0.558 6
0432 pf 11 0.483 0.630 0.794 6
0432 pf 12 0.999 0.507 1.120 5
0432 pf 13 1.049 1.258 1.638 6
0432 pf 14 1.346 0.811 1.571 5
0432 pf 15 0.838 0.011 0.839 5
0432 pf 16 1.468 0.062 1.470 5
0432 pf 17 1.321 0.752 1.520 5
0432 pf 18 1.034 1.280 1.646 6
0432 pf 19 0.965 -0.978 1.374 3
0432 pf 20 -0.475 0.421 0.634 8
0432 pf 21 0.933 1.198 1.518 6
0432 pf 22 0.817 2.152 2.302 6
0432 pf 23 0.992 0.194 1.011 5
0432 pf 24 1.290 0.555 1.404 5
0432 pf 25 0.370 0.731 0.819 6
0432 pf 26 1.765 1.563 2.358 5
0432 pf 27 0.646 1.009 1.198 6
0432 pf 28 0.782 0.343 0.854 5
0432 pf 29 1.537 1.108 1.895 5
0432 pf 30 1.082 1.802 2.102 6
0432 pf 31 1.425 0.687 1.582 5
0432 pf 32 0.862 0.905 1.250 6
0432 pf 33 0.100 1.174 1.178 6
0432 pf 34 0.851 0.682 1.091 5
0432 pf 35 0.412 -0.268 0.491 4
0432 pf 36 0.239 -1.120 1.146 3
0432 pf 37 -0.116 0.540 0.552 7
0432 pf 38 1.328 1.081 1.713 5
0432 pf 39 0.876 0.798 1.185 5
0432 pf 40 0.955 1.292 1.607 6
0432 pf 41 0.582 -1.035 1.188 3
0432 pf 42 -0.433 -0.161 0.462 1
0432 pf 43 1.012 1.045 1.454 6
0432 pf 44 0.507 0.468 0.690 5
0432 pf 45 1.046 2.145 2.386 6
0432 pf 46 1.041 1.290 1.658 6
0432 pf 47 0.311 0.227 0.385 5
0432 pf 48 0.387 0.448 0.592 6
0432 pf 49 0.782 0.702 1.051 5
0432 pf 50 0.447 0.985 1.081 6
0456 em 00 0.628 0.768 0.992 6
0456 cf 00 1.065 0.519 1.184 5
0456 pf 01 0.011 1.089 1.089 6
0456 pf 02 1.031 0.853 1.338 5
0456 pf 03 0.016 0.985 0.985 6
0456 pf 04 -0.176 0.932 0.948 7
0456 pf 05 0.482 0.006 0.482 5
0456 pf 06 0.445 -0.001 0.445 4
0456 pf 07 1.160 1.521 1.913 6
0456 pf 08 1.402 0.782 1.605 5
0456 pf 09 1.152 2.147 2.437 6
0456 pf 10 0.178 0.481 0.513 6
0456 pf 11 0.669 0.442 0.801 5
0456 pf 12 1.210 0.624 1.361 5
0456 pf 13 0.823 1.343 1.575 6
0456 pf 14 1.134 0.927 1.464 5
0456 pf 15 0.758 -0.207 0.786 4
0456 pf 16 1.237 0.383 1.295 5
0456 pf 17 1.198 0.735 1.405 5
0456 pf 18 0.988 1.202 1.556 6
0456 pf 19 0.507 -0.748 0.904 3
0456 pf 20 -0.561 0.477 0.736 8
0456 pf 21 0.616 1.239 1.384 6
0456 pf 22 0.323 2.196 2.219 6
0456 pf 23 0.679 0.208 0.711 5
0456 pf 24 0.602 0.817 1.015 6
0456 pf 25 0.465 0.846 0.966 6
0456 pf 26 1.360 1.276 1.865 5
0456 pf 27 0.601 1.119 1.270 6
0456 pf 28 0.282 0.405 0.493 6
0456 pf 29 1.345 1.198 1.801 5
0456 pf 30 0.792 1.827 1.991 6
0456 pf 31 1.455 1.069 1.805 5
0456 pf 32 1.025 0.758 1.275 5
0456 pf 33 0.085 1.040 1.043 6
0456 pf 34 0.810 0.646 1.037 5
0456 pf 35 0.338 -0.241 0.415 4
0456 pf 36 0.321 -0.977 1.028 3
0456 pf 37 -0.209 0.688 0.719 7
0456 pf 38 0.924 1.095 1.433 6
0456 pf 39 0.617 0.906 1.095 6
0456 pf 40 0.669 1.366 1.521 6
0456 pf 41 0.305 -0.703 0.767 3
0456 pf 42 -0.525 -0.071 0.530 1
0456 pf 43 0.781 1.307 1.522 6
0456 pf 44 0.524 0.345 0.628 5
0456 pf 45 0.597 2.324 2.400 6
0456 pf 46 0.418 1.296 1.362 6
0456 pf 47 0.073 0.244 0.255 6
0456 pf 48 0.050 0.722 0.724 6
0456 pf 49 0.524 0.324 0.616 5
0456 pf 50 0.384 1.015 1.085 6
0480 em 00 0.512 0.881 1.019 6
0480 cf 00 0.782 0.760 1.091 5
0480 pf 01 -0.175 1.196 1.209 7
0480 pf 02 0.924 1.342 1.629 6
0480 pf 03 -0.012 1.113 1.113 7
0480 pf 04 -0.411 0.825 0.922 7
0480 pf 05 0.686 -0.078 0.690 4
0480 pf 06 0.595 0.128 0.608 5
0480 pf 07 0.721 2.138 2.256 6
0480 pf 08 1.293 1.122 1.712 5
0480 pf 09 0.872 2.420 2.572 6
0480 pf 10 0.132 0.651 0.664 6
0480 pf 11 0.657 0.272 0.711 5
0480 pf 12 1.124 0.936 1.462 5
0480 pf 13 0.630 1.457 1.587 6
0480 pf 14 0.990 0.896 1.336 5
0480 pf 15 0.803 -0.047 0.805 4
0480 pf 16 0.970 0.785 1.248 5
0480 pf 17 1.134 0.518 1.247 5
0480 pf 18 0.962 1.553 1.827 6
0480 pf 19 0.063 -0.811 0.813 3
0480 pf 20 -0.713 0.435 0.836 8
0480 pf 21 0.429 1.425 1.488 6
0480 pf 22 0.094 2.330 2.332 6
0480 pf 23 0.220 0.659 0.695 6
0480 pf 24 0.490 0.898 1.023 6
0480 pf 25 0.961 0.647 1.158 5
0480 pf 26 1.157 1.253 1.706 6
0480 pf 27 0.465 1.070 1.167 6
0480 pf 28 -0.200 0.348 0.401 7
0480 pf 29 1.083 1.171 1.595 6
0480 pf 30 0.379 2.299 2.330 6
0480 pf 31 1.331 1.442 1.963 6
0480 pf 32 1.063 0.808 1.335 5
0480 pf 33 0.021 0.967 0.968 6
0480 pf 34 0.538 0.798 0.963 6
0480 pf 35 0.668 0.088 0.674 5
0480 pf 36 0.620 -0.921 1.111 3
0480 pf 37 -0.290 0.678 0.738 7
0480 pf 38 0.510 1.155 1.262 6
0480 pf 39 0.421 1.025 1.108 6
0480 pf 40 0.429 1.201 1.276 6
0480 pf 41 0.501 -0.452 0.675 4
0480 pf 42 -0.244 0.227 0.333 8
0480 pf 43 0.654 1.421 1.564 6
0480 pf 44 0.709 0.142 0.723 5
0480 pf 45 0.060 2.453 2.454 6
0480 pf 46 0.163 1.490 1.499 6
0480 pf 47 0.309 0.419 0.521 6
0480 pf 48 0.010 1.074 1.074 6
0480 pf 49 0.450 0.074 0.456 5
0480 pf 50 -0.044 0.712 0.714 7
0504 em 00 0.374 0.979 1.048 6
0504 cf 00 0.494 1.058 1.168 6
0504 pf 01 -0.325 1.246 1.288 7
0504 pf 02 0.808 1.762 1.938 6
0504 pf 03 -0.044 1.080 1.080 7
0504 pf 04 -0.311 0.685 0.753 7
0504 pf 05 0.610 0.086 0.616 5
0504 pf 06 0.524 0.034 0.525 5
0504 pf 07 0.137 2.274 2.278 6
0504 pf 08 1.161 1.479 1.881 6
0504 pf 09 0.548 2.785 2.838 6
0504 pf 10 -0.026 0.560 0.561 7
0504 pf 11 0.376 0.472 0.604 6
0504 pf 12 0.758 1.141 1.370 6
0504 pf 13 0.286 1.328 1.359 6
0504 pf 14 1.125 0.974 1.488 5
0504 pf 15 1.035 0.158 1.047 5
0504 pf 16 0.511 0.640 0.819 6
0504 pf 17 1.105 0.873 1.408 5
0504 pf 18 0.737 1.311 1.504 6
0504 pf 19 -0.325 -0.756 0.823 2
0504 pf 20 -0.678 0.214 0.711 8
0504 pf 21 0.411 1.446 1.503 6
0504 pf 22 -0.363 2.304 2.332 7
0504 pf 23 -0.038 0.776 0.777 7
0504 pf 24 0.518 1.342 1.438 6
0504 pf 25 0.964 0.800 1.253 5
0504 pf 26 0.977 1.346 1.663 6
0504 pf 27 0.325 1.101 1.148 6
0504 pf 28 -0.410 0.235 0.473 8
0504 pf 29 0.782 0.946 1.228 6
0504 pf 30 0.009 2.371 2.371 6
0504 pf 31 1.314 1.807 2.234 6
0504 pf 32 0.780 1.564 1.747 6
0504 pf 33 -0.040 0.834 0.835 7
0504 pf 34 0.233 1.010 1.037 6
0504 pf 35 0.883 0.478 1.004 5
0504 pf 36 0.886 -0.696 1.127 4
0504 pf 37 -0.288 0.791 0.842 7
0504 pf 38 0.464 1.451 1.523 6
0504 pf 39 -0.113 1.030 1.036 7
0504 pf 40 0.231 0.985 1.012 6
0504 pf 41 0.598 -0.332 0.684 4
0504 pf 42 -0.100 0.375 0.388 7
0504 pf 43 0.384 1.566 1.613 6
0504 pf 44 0.666 0.163 0.686 5
0504 pf 45 -0.565 2.646 2.706 7
0504 pf 46 0.595 1.409 1.530 6
0504 pf 47 0.147 0.246 0.287 6
0504 pf 48 -0.077 1.305 1.308 7
0504 pf 49 0.534 0.008 0.534 5
0504 pf 50 -0.204 0.681 0.710 7
0528 em 00 0.226 0.976 1.002 6
0528 cf 00 0.423 1.146 1.222 6
0528 pf 01 -0.286 1.113 1.149 7
0528 pf 02 0.811 1.937 2.100 6
0528 pf 03 0.111 0.991 0.997 6
0528 pf 04 0.015 0.698 0.698 6
0528 pf 05 0.254 -0.019 0.255 4
0528 pf 06 0.471 -0.106 0.483 4
0528 pf 07 -0.027 2.419 2.419 7
0528 pf 08 0.855 1.685 1.890 6
0528 pf 09 0.146 2.940 2.944 6
0528 pf 10 -0.317 0.526 0.614 7
0528 pf 11 -0.040 0.565 0.567 7
0528 pf 12 0.627 1.349 1.488 6
0528 pf 13 -0.098 0.968 0.973 7
0528 pf 14 1.167 0.826 1.429 5
0528 pf 15 1.261 0.587 1.391 5
0528 pf 16 0.228 0.580 0.623 6
0528 pf 17 0.888 0.904 1.267 6
0528 pf 18 0.338 1.211 1.257 6
0528 pf 19 -0.547 -1.166 1.288 2
0528 pf 20 -0.203 0.237 0.312 7
0528 pf 21 0.490 1.358 1.444 6
0528 pf 22 -0.897 2.084 2.269 7
0528 pf 23 -0.330 0.594 0.679 7
0528 pf 24 0.719 1.573 1.729 6
0528 pf 25 0.932 1.128 1.463 6
0528 pf 26 1.079 1.162 1.586 6
0528 pf 27 -0.162 1.177 1.188 7
0528 pf 28 -0.703 0.320 0.773 8
0528 pf 29 0.482 0.713 0.861 6
0528 pf 30 -0.198 2.462 2.470 7
0528 pf 31 0.953 1.892 2.119 6
0528 pf 32 0.317 1.902 1.929 6
0528 pf 33 -0.137 0.546 0.562 7
0528 pf 34 0.026 0.862 0.863 6
0528 pf 35 0.904 0.798 1.206 5
0528 pf 36 1.135 -0.851 1.419 4
0528 pf 37 -0.388 0.504 0.636 7
0528 pf 38 0.632 1.592 1.713 6
0528 pf 39 -0.631 1.066 1.239 7
0528 pf 40 -0.026 0.832 0.832 7
0528 pf 41 0.658 -0.185 0.683 4
0528 pf 42 -0.001 0.462 0.462 7
0528 pf 43 -0.244 1.368 1.390 7
0528 pf 44 0.786 0.441 0.901 5
0528 pf 45 -1.139 2.631 2.867 7
0528 pf 46 0.813 1.299 1.532 6
0528 pf 47 -0.117 -0.026 0.119 1
0528 pf 48 -0.226 1.356 1.375 7
0528 pf 49 0.319 -0.041 0.321 4
0528 pf 50 -0.650 0.641 0.913 8
0552 em 00 0.083 0.971 0.974 6
0552 cf 00 0.429 1.108 1.188 6
0552 pf 01 -0.269 1.183 1.213 7
0552 pf 02 0.609 2.139 2.224 6
0552 pf 03 0.250 0.875 0.910 6
0552 pf 04 0.054 0.925 0.927 6
0552 pf 05 0.073 -0.252 0.262 3
0552 pf 06 0.390 -0.051 0.393 4
0552 pf 07 -0.275 2.464 2.479 7
0552 pf 08 0.517 1.577 1.659 6
0552 pf 09 -0.107 2.973 2.975 7
0552 pf 10 -0.465 0.614 0.770 7
0552 pf 11 -0.182 0.938 0.955 7
0552 pf 12 -0.083 1.161 1.164 7
0552 pf 13 -0.213 0.891 0.916 7
0552 pf 14 0.967 0.895 1.317 5
0552 pf 15 1.083 1.064 1.519 5
0552 pf 16 0.066 0.489 0.494 6
0552 pf 17 0.836 1.179 1.446 6
0552 pf 18 0.163 1.048 1.060 6
0552 pf 19 -0.630 -1.687 1.800 2
0552 pf 20 -0.077 0.347 0.355 7
0552 pf 21 0.510 1.198 1.302 6
0552 pf 22 -1.184 2.104 2.414 7
0552 pf 23 -0.779 0.335 0.848 8
0552 pf 24 0.736 1.996 2.127 6
0552 pf 25 0.737 1.224 1.429 6
0552 pf 26 1.066 1.167 1.581 6
0552 pf 27 -0.416 1.241 1.308 7
0552 pf 28 -0.629 0.172 0.652 8
0552 pf 29 0.118 0.893 0.901 6
0552 pf 30 -0.361 2.306 2.334 7
0552 pf 31 0.743 1.701 1.856 6
0552 pf 32 0.202 1.787 1.799 6
0552 pf 33 -0.171 0.452 0.483 7
0552 pf 34 -0.239 0.621 0.665 7
0552 pf 35 0.758 0.829 1.123 6
0552 pf 36 1.048 -0.979 1.434 4
0552 pf 37 -0.277 0.176 0.328 8
0552 pf 38 1.015 1.838 2.099 6
0552 pf 39 -0.800 1.181 1.426 7
0552 pf 40 -0.201 0.628 0.660 7
0552 pf 41 0.302 0.031 0.304 5
0552 pf 42 0.099 0.592 0.600 6
0552 pf 43 -0.539 1.601 1.690 7
0552 pf 44 0.946 0.588 1.114 5
0552 pf 45 -1.400 2.369 2.752 7
0552 pf 46 0.494 1.034 1.146 6
0552 pf 47 -0.179 -0.378 0.419 2
0552 pf 48 -0.428 1.376 1.441 7
0552 pf 49 -0.085 -0.172 0.192 2
0552 pf 50 -1.006 0.939 1.376 8
0576 em 00 -0.015 0.918 0.918 7
0576 cf 00 0.406 1.097 1.169 6
0576 pf 01 -0.180 0.935 0.952 7
0576 pf 02 0.221 2.370 2.380 6
0576 pf 03 0.418 0.430 0.600 6
0576 pf 04 -0.035 1.097 1.097 7
0576 pf 05 0.222 -0.376 0.437 3
0576 pf 06 0.383 -0.157 0.414 4
0576 pf 07 -0.423 2.473 2.509 7
0576 pf 08 0.471 1.644 1.710 6
0576 pf 09 -0.307 3.163 3.178 7
0576 pf 10 -0.631 0.433 0.765 8
0576 pf 11 -0.181 0.618 0.644 7
0576 pf 12 -0.942 1.103 1.450 7
0576 pf 13 -0.438 0.623 0.761 7
0576 pf 14 0.650 1.103 1.281 6
0576 pf 15 1.099 1.300 1.702 6
0576 pf 16 -0.095 0.424 0.435 7
0576 pf 17 0.996 1.313 1.648 6
0576 pf 18 -0.007 1.071 1.071 7
0576 pf 19 -0.443 -2.007 2.056 2
0576 pf 20 -0.240 0.294 0.380 7
0576 pf 21 0.296 1.398 1.429 6
0576 pf 22 -1.522 1.852 2.397 7
0576 pf 23 -0.970 -0.193 0.989 1
0576 pf 24 0.610 2.050 2.139 6
0576 pf 25 0.591 1.217 1.353 6
0576 pf 26 0.939 1.320 1.620 6
0576 pf 27 -0.735 1.675 1.830 7
0576 pf 28 -0.553 -0.196 0.586 1
0576 pf 29 -0.269 0.791 0.836 7
0576 pf 30 -0.434 2.259 2.301 7
0576 pf 31 0.824 1.460 1.677 6
0576 pf 32 0.447 1.450 1.517 6
0576 pf 33 -0.203 0.683 0.712 7
0576 pf 34 -0.468 0.517 0.698 7
0576 pf 35 0.573 0.663 0.876 6
0576 pf 36 0.578 -0.841 1.021 3
0576 pf 37 -0.101 -0.124 0.160 2
0576 pf 38 0.789 2.020 2.168 6
0576 pf 39 -0.795 1.336 1.554 7
0576 pf 40 0.008 0.565 0.566 6
0576 pf 41 0.112 0.275 0.297 6
0576 pf 42 0.211 0.514 0.556 6
0576 pf 43 -0.550 1.419 1.522 7
0576 pf 44 1.141 0.979 1.503 5
0576 pf 45 -1.567 2.283 2.769 7
0576 pf 46 0.033 0.600 0.601 6
0576 pf 47 0.118 -0.394 0.411 3
0576 pf 48 -0.645 1.039 1.223 7
0576 pf 49 -0.208 -0.380 0.433 2
0576 pf 50 -1.007 0.741 1.250 8
0600 em 00 -0.063 0.885 0.887 7
0600 cf 00 0.568 0.905 1.068 6
0600 pf 01 -0.219 1.172 1.192 7
0600 pf 02 -0.024 2.484 2.484 7
0600 pf 03 0.555 0.350 0.656 5
0600 pf 04 -0.045 0.942 0.944 7
0600 pf 05 0.295 -0.403 0.499 3
0600 pf 06 0.297 -0.069 0.305 4
0600 pf 07 -0.569 2.464 2.529 7
0600 pf 08 0.333 1.605 1.639 6
0600 pf 09 -0.941 3.000 3.144 7
0600 pf 10 -0.779 0.517 0.934 8
0600 pf 11 -0.105 0.101 0.146 8
0600 pf 12 -1.267 1.050 1.645 8
0600 pf 13 -0.508 0.716 0.878 7
0600 pf 14 0.438 1.314 1.386 6
0600 pf 15 0.911 1.460 1.721 6
0600 pf 16 -0.071 0.091 0.115 7
0600 pf 17 1.079 1.540 1.880 6
0600 pf 18 -0.073 1.029 1.031 7
0600 pf 19 -0.336 -2.091 2.118 2
0600 pf 20 -0.218 -0.040 0.221 1
0600 pf 21 0.109 1.641 1.644 6
0600 pf 22 -1.452 1.241 1.910 8
0600 pf 23 -0.784 -0.411 0.885 1
0600 pf 24 0.479 2.136 2.189 6
0600 pf 25 0.425 1.365 1.430 6
0600 pf 26 0.756 1.245 1.457 6
0600 pf 27 -0.812 1.799 1.974 7
0600 pf 28 -0.223 -0.338 0.405 2
0600 pf 29 -0.515 0.788 0.941 7
0600 pf 30 -0.644 2.311 2.399 7
0600 pf 31 0.708 1.526 1.682 6
0600 pf 32 -0.001 1.145 1.145 7
0600 pf 33 0.014 0.904 0.904 6
0600 pf 34 -0.530 0.182 0.561 8
0600 pf 35 0.410 0.743 0.849 6
0600 pf 36 0.527 -0.420 0.674 4
0600 pf 37 0.074 0.066 0.099 5
0600 pf 38 0.916 2.040 2.236 6
0600 pf 39 -0.911 1.408 1.677 7
0600 pf 40 0.033 0.553 0.554 6
0600 pf 41 -0.202 0.330 0.387 7
0600 pf 42 0.395 0.544 0.672 6
0600 pf 43 -0.714 1.246 1.436 7
0600 pf 44 1.280 1.300 1.825 6
0600 pf 45 -1.702 1.897 2.548 7
0600 pf 46 0.014 0.404 0.405 6
0600 pf 47 0.324 -0.467 0.569 3
0600 pf 48 -0.525 0.799 0.956 7
0600 pf 49 0.008 -0.496 0.496 3
0600 pf 50 -0.731 0.587 0.938 8
0624 em 00 -0.126 0.849 0.858 7
0624 cf 00 0.650 0.708 0.961 6
0624 pf 01 -0.310 1.112 1.155 7
0624 pf 02 -0.595 2.737 2.801 7
0624 pf 03 0.499 0.564 0.753 6
0624 pf 04 -0.046 0.973 0.974 7
0624 pf 05 0.097 -0.095 0.136 4
0624 pf 06 0.210 -0.172 0.271 4
0624 pf 07 -0.593 2.328 2.402 7
0624 pf 08 0.118 1.452 1.457 6
0624 pf 09 -1.369 2.798 3.115 7
0624 pf 10 -0.797 0.300 0.852 8
0624 pf 11 0.103 -0.009 0.103 4
0624 pf 12 -1.403 0.897 1.665 8
0624 pf 13 -0.564 0.521 0.767 8
0624 pf 14 0.268 1.519 1.542 6
0624 pf 15 0.406 1.603 1.654 6
0624 pf 16 -0.085 0.164 0.185 7
0624 pf 17 1.186 1.204 1.690 6
0624 pf 18 -0.172 0.752 0.772 7
0624 pf 19 -0.233 -2.135 2.148 2
0624 pf 20 -0.384 -0.430 0.577 2
0624 pf 21 0.044 1.772 1.773 6
0624 pf 22 -1.270 0.858 1.533 8
0624 pf 23 -0.854 -0.407 0.945 1
0624 pf 24 0.169 2.277 2.283 6
0624 pf 25 0.247 1.845 1.862 6
0624 pf 26 0.722 1.385 1.562 6
0624 pf 27 -0.987 1.559 1.845 7
0624 pf 28 0.052 -0.266 0.271 3
0624 pf 29 -0.486 0.714 0.864 7
0624 pf 30 -0.631 2.311 2.396 7
0624 pf 31 0.271 1.691 1.712 6
0624 pf 32 -0.414 1.131 1.204 7
0624 pf 33 0.172 1.103 1.116 6
0624 pf 34 -0.542 0.128 0.557 8
0624 pf 35 0.345 0.641 0.728 6
0624 pf 36 0.561 -0.095 0.569 4
0624 pf 37 0.524 0.218 0.567 5
0624 pf 38 0.932 2.212 2.400 6
0624 pf 39 -1.137 1.532 1.907 7
0624 pf 40 0.479 0.495 0.689 6
0624 pf 41 -0.249 0.178 0.306 8
0624 pf 42 0.218 0.278 0.353 6
0624 pf 43 -0.902 0.974 1.327 7
0624 pf 44 0.891 1.437 1.691 6
0624 pf 45 -1.814 1.523 2.369 8
0624 pf 46 0.199 0.283 0.346 6
0624 pf 47 0.710 -0.490 0.862 4
0624 pf 48 -0.583 0.531 0.788 8
0624 pf 49 0.003 -0.733 0.733 3
0624 pf 50 -0.670 0.429 0.795 8
0648 em 00 -0.158 0.784 0.799 7
0648 cf 00 0.711 0.610 0.936 5
0648 pf 01 -0.338 1.192 1.239 7
0648 pf 02 -1.257 2.572 2.863 7
0648 pf 03 0.672 1.047 1.244 6
0648 pf 04 -0.255 0.800 0.839 7
0648 pf 05 0.002 -0.120 0.120 3
0648 pf 06 0.549 -0.180 0.577 4
0648 pf 07 -0.732 2.041 2.168 7
0648 pf 08 0.176 1.212 1.224 6
0648 pf 09 -1.564 2.548 2.989 7
0648 pf 10 -0.689 0.140 0.703 8
0648 pf 11 0.431 -0.333 0.544 4
0648 pf 12 -1.574 0.679 1.714 8
0648 pf 13 -0.705 0.327 0.778 8
0648 pf 14 -0.003 1.630 1.630 7
0648 pf 15 0.016 1.318 1.318 6
0648 pf 16 0.050 0.055 0.074 6
0648 pf 17 0.879 1.338 1.601 6
0648 pf 18 -0.277 0.584 0.646 7
0648 pf 19 0.497 -2.342 2.394 3
0648 pf 20 -0.377 -0.562 0.677 2
0648 pf 21 -0.315 1.540 1.572 7
0648 pf 22 -0.986 1.014 1.415 7
0648 pf 23 -0.861 -0.390 0.945 1
0648 pf 24 -0.172 2.212 2.219 7
0648 pf 25 0.338 2.068 2.096 6
0648 pf 26 1.028 1.484 1.805 6
0648 pf 27 -0.923 1.456 1.724 7
0648 pf 28 -0.206 -0.357 0.413 2
0648 pf 29 -0.512 0.564 0.761 7
0648 pf 30 -0.629 2.015 2.111 7
0648 pf 31 -0.095 1.807 1.809 7
0648 pf 32 -0.444 1.286 1.360 7
0648 pf 33 0.233 1.031 1.057 6
0648 pf 34 -0.611 0.095 0.619 8
0648 pf 35 0.266 0.643 0.695 6
0648 pf 36 0.413 0.130 0.434 5
0648 pf 37 0.764 0.180 0.785 5
0648 pf 38 0.519 2.359 2.416 6
0648 pf 39 -0.978 1.545 1.829 7
0648 pf 40 0.875 0.606 1.064 5
0648 pf 41 -0.194 -0.034 0.197 1
0648 pf 42 0.130 0.119 0.177 5
0648 pf 43 -0.880 0.555 1.041 8
0648 pf 44 0.665 1.423 1.571 6
0648 pf 45 -1.735 1.449 2.261 8
0648 pf 46 0.269 0.160 0.313 5
0648 pf 47 0.964 -0.398 1.043 4
0648 pf 48 -0.843 0.340 0.909 8
0648 pf 49 -0.270 -0.775 0.821 2
0648 pf 50 -0.563 0.243 0.613 8
0672 em 00 -0.220 0.710 0.743 7
0672 cf 00 0.622 0.744 0.969 6
0672 pf 01 -0.318 1.168 1.210 7
0672 pf 02 -1.590 2.356 2.842 7
0672 pf 03 0.751 1.503 1.680 6
0672 pf 04 -0.651 0.594 0.881 8
0672 pf 05 -0.165 -0.210 0.268 2
0672 pf 06 0.120 -0.140 0.184 3
0672 pf 07 -0.694 1.900 2.023 7
0672 pf 08 -0.033 0.887 0.887 7
0672 pf 09 -1.525 2.173 2.655 7
0672 pf 10 -0.689 0.268 0.739 8
0672 pf 11 0.668 -0.323 0.742 4
0672 pf 12 -1.581 0.282 1.606 8
0672 pf 13 -0.738 0.037 0.739 8
0672 pf 14 -0.539 1.543 1.634 7
0672 pf 15 -0.229 1.337 1.356 7
0672 pf 16 0.036 -0.026 0.044 4
0672 pf 17 0.669 1.428 1.577 6
0672 pf 18 -0.343 0.894 0.958 7
0672 pf 19 0.822 -2.303 2.445 3
0672 pf 20 -0.502 -0.762 0.913 2
0672 pf 21 -0.581 1.215 1.347 7
0672 pf 22 -0.710 1.133 1.337 7
0672 pf 23 -0.691 -0.359 0.779 1
0672 pf 24 -0.119 2.047 2.050 7
0672 pf 25 0.499 2.255 2.310 6
0672 pf 26 0.698 1.755 1.889 6
0672 pf 27 -1.089 1.253 1.660 7
0672 pf 28 -0.333 -0.585 0.673 2
0672 pf 29 -0.200 0.117 0.232 8
0672 pf 30 -0.770 1.688 1.856 7
0672 pf 31 0.044 1.645 1.646 6
0672 pf 32 -0.776 1.250 1.471 7
0672 pf 33 0.379 1.035 1.102 6
0672 pf 34 -0.583 0.196 0.615 8
0672 pf 35 -0.014 0.724 0.724 7
0672 pf 36 0.367 0.409 0.550 6
0672 pf 37 0.805 -0.116 0.813 4
0672 pf 38 0.144 2.177 2.181 6
0672 pf 39 -1.175 1.122 1.624 8
0672 pf 40 1.028 0.702 1.245 5
0672 pf 41 -0.345 0.003 0.345 8
0672 pf 42 0.008 0.347 0.347 6
0672 pf 43 -0.717 0.129 0.728 8
0672 pf 44 0.587 1.358 1.480 6
0672 pf 45 -1.293 1.342 1.864 7
0672 pf 46 0.212 0.063 0.222 5
0672 pf 47 0.949 -0.126 0.957 4
0672 pf 48 -0.875 -0.064 0.877 1
0672 pf 49 -0.724 -0.719 1.020 1
0672 pf 50 -0.335 -0.181 0.381 1
0696 em 00 -0.256 0.609 0.660 7
0696 cf 00 0.663 0.776 1.021 6
0696 pf 01 -0.378 0.770 0.857 7
0696 pf 02 -1.356 2.151 2.542 7
0696 pf 03 0.905 1.397 1.664 6
0696 pf 04 -0.920 0.257 0.955 8
0696 pf 05 -0.116 -0.291 0.313 2
0696 pf 06 -0.349 0.013 0.349 8
0696 pf 07 -1.009 1.747 2.017 7
0696 pf 08 -0.033 0.734 0.735 7
0696 pf 09 -1.814 1.390 2.286 8
0696 pf 10 -0.558 0.507 0.754 8
0696 pf 11 0.837 -0.126 0.847 4
0696 pf 12 -1.602 -0.009 1.602 1
0696 pf 13 -0.470 -0.237 0.527 1
0696 pf 14 -1.273 1.159 1.722 8
0696 pf 15 -0.538 1.059 1.188 7
0696 pf 16 0.032 -0.019 0.038 4
0696 pf 17 0.681 1.520 1.665 6
0696 pf 18 -0.380 1.018 1.087 7
0696 pf 19 0.833 -2.012 2.177 3
0696 pf 20 -0.940 -0.894 1.298 1
0696 pf 21 -0.648 0.722 0.971 7
0696 pf 22 -0.302 1.091 1.132 7
0696 pf 23 -0.217 -0.441 0.491 2
0696 pf 24 0.131 1.791 1.796 6
0696 pf 25 0.408 2.352 2.388 6
0696 pf 26 0.725 2.298 2.409 6
0696 pf 27 -1.325 0.891 1.597 8
0696 pf 28 -0.440 -0.636 0.773 2
0696 pf 29 -0.275 -0.185 0.332 1
0696 pf 30 -0.917 1.398 1.672 7
0696 pf 31 0.254 1.811 1.828 6
0696 pf 32 -0.870 1.212 1.492 7
0696 pf 33 0.354 0.677 0.764 6
0696 pf 34 -0.552 0.029 0.553 8
0696 pf 35 -0.338 0.864 0.928 7
0696 pf 36 0.154 0.435 0.462 6
0696 pf 37 0.859 0.053 0.860 5
0696 pf 38 -0.314 2.279 2.300 7
0696 pf 39 -1.463 0.863 1.699 8
0696 pf 40 0.945 0.501 1.069 5
0696 pf 41 -0.251 -0.147 0.291 1
0696 pf 42 -0.227 0.653 0.692 7
0696 pf 43 -0.282 -0.213 0.353 1
0696 pf 44 0.445 1.016 1.109 6
0696 pf 45 -0.909 1.221 1.522 7
0696 pf 46 0.013 0.234 0.234 6
0696 pf 47 0.929 0.169 0.944 5
0696 pf 48 -0.891 -0.585 1.066 1
0696 pf 49 -0.813 -0.824 1.157 2
0696 pf 50 0.359 -0.260 0.443 4
0720 em 00 -0.288 0.525 0.599 7
0720 cf 00 0.154 0.712 0.729 6
0720 pf 01 -0.344 0.581 0.676 7
0720 pf 02 -1.359 1.992 2.411 7
0720 pf 03 0.694 1.454 1.611 6
0720 pf 04 -0.866 0.025 0.867 8
0720 pf 05 0.359 -0.664 0.755 3
0720 pf 06 -0.789 -0.240 0.824 1
0720 pf 07 -1.136 1.238 1.680 7
0720 pf 08 0.195 0.701 0.727 6
0720 pf 09 -1.913 0.775 2.064 8
0720 pf 10 -0.498 0.707 0.865 7
0720 pf 11 0.767 0.062 0.770 5
0720 pf 12 -1.470 -0.330 1.507 1
0720 pf 13 -0.542 -0.309 0.624 1
0720 pf 14 -1.522 0.780 1.711 8
0720 pf 15 -0.799 0.700 1.062 8
0720 pf 16 0.025 -0.057 0.062 3
0720 pf 17 0.573 1.541 1.644 6
0720 pf 18 0.134 0.972 0.981 6
0720 pf 19 0.901 -1.446 1.704 3
0720 pf 20 -0.976 -0.988 1.389 2
0720 pf 21 -0.790 0.401 0.886 8
0720 pf 22 -0.380 1.053 1.119 7
0720 pf 23 -0.159 -0.364 0.397 2
0720 pf 24 0.120 1.982 1.985 6
0720 pf 25 0.367 2.506 2.533 6
0720 pf 26 0.629 2.893 2.961 6
0720 pf 27 -1.387 0.724 1.564 8
0720 pf 28 -0.300 -0.860 0.911 2
0720 pf 29 -0.164 -0.201 0.259 2
0720 pf 30 -1.224 0.851 1.491 8
0720 pf 31 0.424 1.969 2.014 6
0720 pf 32 -1.107 1.024 1.508 8
0720 pf 33 0.517 0.541 0.749 6
0720 pf 34 -0.600 0.102 0.608 8
0720 pf 35 -0.287 0.930 0.973 7
0720 pf 36 -0.158 0.248 0.294 7
0720 pf 37 0.776 0.373 0.861 5
0720 pf 38 -0.606 2.011 2.100 7
0720 pf 39 -1.546 0.630 1.670 8
0720 pf 40 0.842 0.517 0.988 5
0720 pf 41 0.020 -0.140 0.141 3
0720 pf 42 -0.378 0.615 0.722 7
0720 pf 43 -0.126 -0.375 0.396 2
0720 pf 44 0.490 0.903 1.028 6
0720 pf 45 -0.623 1.096 1.260 7
0720 pf 46 -0.119 0.567 0.580 7
0720 pf 47 0.704 0.309 0.769 5
0720 pf 48 -0.934 -0.607 1.114 1
0720 pf 49 -0.961 -1.275 1.596 2
0720 pf 50 0.634 -0.435 0.769 4
0744 em 00 -0.306 0.470 0.561 7
0744 cf 00 -0.296 0.658 0.722 7
0744 pf 01 -0.258 0.879 0.917 7
0744 pf 02 -1.176 1.621 2.002 7
0744 pf 03 0.444 1.620 1.680 6
0744 pf 04 -0.284 0.000 0.284 8
0744 pf 05 0.548 -0.935 1.084 3
0744 pf 06 -1.038 -0.238 1.065 1
0744 pf 07 -1.178 0.850 1.453 8
0744 pf 08 -0.056 0.500 0.503 7
0744 pf 09 -1.571 0.421 1.627 8
0744 pf 10 -0.677 0.683 0.961 7
0744 pf 11 0.672 0.272 0.725 5
0744 pf 12 -1.233 -0.500 1.330 1
0744 pf 13 -0.570 -0.303 0.645 1
0744 pf 14 -1.426 0.200 1.440 8
0744 pf 15 -0.845 0.431 0.949 8
0744 pf 16 0.125 -0.135 0.184 3
0744 pf 17 0.132 1.737 1.742 6
0744 pf 18 0.353 1.148 1.201 6
0744 pf 19 1.209 -0.996 1.566 4
0744 pf 20 -0.692 -1.083 1.285 2
0744 pf 21 -0.891 0.424 0.987 8
0744 pf 22 -0.151 1.149 1.158 7
0744 pf 23 -0.151 -0.386 0.415 2
0744 pf 24 -0.058 2.065 2.066 7
0744 pf 25 0.145 2.214 2.219 6
0744 pf 26 0.313 3.083 3.099 6
0744 pf 27 -1.413 0.756 1.602 8
0744 pf 28 -0.099 -0.738 0.744 2
0744 pf 29 -0.379 0.159 0.411 8
0744 pf 30 -1.684 0.402 1.731 8
0744 pf 31 0.452 2.240 2.285 6
0744 pf 32 -1.302 0.772 1.514 8
0744 pf 33 0.572 0.388 0.691 5
0744 pf 34 -0.810 0.415 0.910 8
0744 pf 35 0.139 0.607 0.623 6
0744 pf 36 -0.180 0.148 0.233 8
0744 pf 37 0.704 0.467 0.844 5
0744 pf 38 -0.731 1.934 2.067 7
0744 pf 39 -1.827 0.473 1.887 8
0744 pf 40 0.801 0.673 1.046 5
0744 pf 41 -0.124 -0.380 0.399 2
0744 pf 42 -0.272 0.158 0.315 8
0744 pf 43 -0.156 -0.451 0.477 2
0744 pf 44 0.246 1.114 1.141 6
0744 pf 45 -0.496 1.042 1.154 7
0744 pf 46 0.196 0.352 0.403 6
0744 pf 47 0.614 0.196 0.644 5
0744 pf 48 -1.087 -0.732 1.311 1
0744 pf 49 -0.873 -1.721 1.930 2
0744 pf 50 0.718 -0.169 0.737 4
0768 em 00 -0.266 0.405 0.485 7
0768 cf 00 -0.505 0.733 0.891 7
0768 pf 01 -0.404 1.079 1.152 7
0768 pf 02 -1.102 1.338 1.733 7
0768 pf 03 0.336 1.850 1.880 6
0768 pf 04 -0.013 -0.260 0.260 2
0768 pf 05 0.792 -0.640 1.018 4
0768 pf 06 -1.104 -0.261 1.135 1
0768 pf 07 -1.157 0.239 1.181 8
0768 pf 08 -0.437 0.322 0.543 8
0768 pf 09 -1.101 0.206 1.120 8
0768 pf 10 -0.813 0.495 0.951 8
0768 pf 11 0.854 0.553 1.017 5
0768 pf 12 -0.987 -1.075 1.459 2
0768 pf 13 -0.428 -0.436 0.610 2
0768 pf 14 -0.824 -0.140 0.836 1
0768 pf 15 -0.347 0.355 0.496 7
0768 pf 16 0.255 -0.524 0.582 3
0768 pf 17 -0.077 1.771 1.773 7
0768 pf 18 0.462 1.424 1.497 6
0768 pf 19 1.720 -0.556 1.807 4
0768 pf 20 -0.157 -1.480 1.489 2
0768 pf 21 -0.852 0.431 0.955 8
0768 pf 22 0.074 1.315 1.317 6
0768 pf 23 0.004 -0.213 0.213 3
0768 pf 24 -0.344 1.945 1.975 7
0768 pf 25 0.285 1.973 1.993 6
0768 pf 26 0.159 2.963 2.967 6
0768 pf 27 -1.458 0.696 1.616 8
0768 pf 28 -0.081 -0.390 0.398 2
0768 pf 29 -0.382 0.331 0.506 8
0768 pf 30 -1.817 0.079 1.819 8
0768 pf 31 0.609 2.254 2.335 6
0768 pf 32 -1.461 0.616 1.585 8
0768 pf 33 0.651 0.627 0.904 5
0768 pf 34 -0.903 0.509 1.036 8
0768 pf 35 0.239 0.360 0.432 6
0768 pf 36 -0.138 0.237 0.274 7
0768 pf 37 0.550 0.459 0.717 5
0768 pf 38 -0.638 1.702 1.818 7
0768 pf 39 -1.960 0.278 1.980 8
0768 pf 40 1.086 0.560 1.222 5
0768 pf 41 0.023 -0.314 0.315 3
0768 pf 42 -0.547 -0.211 0.586 1
0768 pf 43 -0.322 -0.204 0.381 1
0768 pf 44 -0.142 0.913 0.924 7
0768 pf 45 -0.693 0.922 1.154 7
0768 pf 46 0.349 0.458 0.576 6
0768 pf 47 0.167 0.017 0.168 5
0768 pf 48 -1.235 -1.067 1.632 1
0768 pf 49 -0.430 -1.834 1.884 2
0768 pf 50 0.632 -0.200 0.662 4
0792 em 00 -0.260 0.377 0.458 7
0792 cf 00 -0.583 0.628 0.857 7
0792 pf 01 -0.385 1.208 1.268 7
0792 pf 02 -0.987 1.109 1.484 7
0792 pf 03 -0.014 1.787 1.787 7
0792 pf 04 0.136 -0.256 0.290 3
0792 pf 05 0.845 -0.216 0.873 4
0792 pf 06 -0.769 -0.082 0.773 1
0792 pf 07 -1.234 -0.529 1.342 1
0792 pf 08 -0.662 0.548 0.860 8
0792 pf 09 -0.577 0.129 0.591 8
0792 pf 10 -1.027 0.277 1.064 8
0792 pf 11 0.635 0.695 0.941 6
0792 pf 12 -0.859 -1.418 1.658 2
0792 pf 13 -0.076 -0.126 0.147 2
0792 pf 14 -0.237 0.018 0.238 8
0792 pf 15 0.209 -0.037 0.212 4
0792 pf 16 0.110 -0.568 0.578 3
0792 pf 17 -0.220 1.738 1.752 7
0792 pf 18 0.269 1.411 1.436 6
0792 pf 19 1.659 -0.144 1.665 4
0792 pf 20 0.103 -1.478 1.482 3
0792 pf 21 -0.998 0.506 1.119 8
0792 pf 22 -0.191 1.062 1.079 7
0792 pf 23 -0.292 -0.176 0.341 1
0792 pf 24 -0.693 1.809 1.937 7
0792 pf 25 -0.105 1.748 1.751 7
0792 pf 26 -0.046 3.344 3.345 7
0792 pf 27 -1.560 0.406 1.612 8
0792 pf 28 0.228 -0.047 0.233 4
0792 pf 29 -0.026 0.438 0.438 7
0792 pf 30 -1.757 -0.208 1.770 1
0792 pf 31 0.551 2.263 2.329 6
0792 pf 32 -1.648 0.290 1.673 8
0792 pf 33 0.466 0.949 1.057 6
0792 pf 34 -0.954 0.425 1.045 8
0792 pf 35 0.083 0.067 0.107 5
0792 pf 36 0.317 0.028 0.318 5
0792 pf 37 0.575 0.641 0.860 6
0792 pf 38 -0.393 1.571 1.620 7
0792 pf 39 -1.993 0.010 1.993 8
0792 pf 40 1.003 0.730 1.240 5
0792 pf 41 0.175 -0.238 0.296 3
0792 pf 42 -0.572 -0.473 0.742 1
0792 pf 43 -0.398 -0.102 0.411 1
0792 pf 44 -0.094 0.898 0.903 7
0792 pf 45 -0.959 1.141 1.491 7
0792 pf 46 0.529 0.689 0.868 6
0792 pf 47 -0.323 -0.089 0.335 1
0792 pf 48 -1.245 -1.190 1.723 1
0792 pf 49 0.025 -1.946 1.946 3
0792 pf 50 0.663 -0.372 0.760 4
0816 em 00 -0.272 0.354 0.446 7
0816 cf 00 -0.700 0.500 0.860 8
0816 pf 01 -0.407 0.844 0.937 7
0816 pf 02 -0.632 1.083 1.254 7
0816 pf 03 -0.541 1.728 1.811 7
0816 pf 04 -0.073 -0.279 0.288 2
0816 pf 05 1.321 0.168 1.331 5
0816 pf 06 -0.369 0.114 0.386 8
0816 pf 07 -0.951 -0.743 1.207 1
0816 pf 08 -0.660 0.640 0.919 8
0816 pf 09 -0.374 0.043 0.376 8
0816 pf 10 -1.218 0.110 1.223 8
0816 pf 11 0.216 0.603 0.641 6
0816 pf 12 -0.914 -1.622 1.862 2
0816 pf 13 0.089 0.115 0.145 6
0816 pf 14 0.295 0.117 0.318 5
0816 pf 15 0.734 -0.256 0.778 4
0816 pf 16 -0.187 -0.550 0.581 2
0816 pf 17 -0.240 1.571 1.589 7
0816 pf 18 0.121 1.201 1.208 6
0816 pf 19 1.604 0.560 1.699 5
0816 pf 20 0.036 -1.553 1.554 3
0816 pf 21 -1.130 0.373 1.190 8
0816 pf 22 -0.649 1.181 1.348 7
0816 pf 23 -0.741 -0.377 0.831 1
0816 pf 24 -1.050 1.446 1.787 7
0816 pf 25 -0.163 1.667 1.675 7
0816 pf 26 -0.171 3.561 3.565 7
0816 pf 27 -1.588 0.069 1.590 8
0816 pf 28 0.330 0.125 0.353 5
0816 pf 29 0.026 0.367 0.368 6
0816 pf 30 -1.329 -0.314 1.366 1
0816 pf 31 0.344 2.267 2.293 6
0816 pf 32 -1.545 0.252 1.566 8
0816 pf 33 0.379 1.216 1.274 6
0816 pf 34 -0.848 0.468 0.969 8
0816 pf 35 -0.175 0.246 0.302 7
0816 pf 36 0.783 -0.268 0.828 4
0816 pf 37 0.755 0.717 1.041 5
0816 pf 38 -0.683 1.187 1.369 7
0816 pf 39 -2.021 -0.234 2.034 1
0816 pf 40 1.161 0.792 1.406 5
0816 pf 41 0.019 -0.022 0.029 3
0816 pf 42 -0.468 -0.593 0.755 2
0816 pf 43 -0.360 -0.153 0.392 1
0816 pf 44 -0.446 1.143 1.227 7
0816 pf 45 -1.170 1.228 1.696 7
0816 pf 46 0.412 1.189 1.259 6
0816 pf 47 -0.473 -0.307 0.564 1
0816 pf 48 -1.270 -1.665 2.094 2
0816 pf 49 0.238 -1.801 1.816 3
0816 pf 50 0.677 -0.492 0.837 4
0840 em 00 -0.288 0.327 0.435 7
0840 cf 00 -0.944 0.407 1.028 8
0840 pf 01 -0.388 0.512 0.643 7
0840 pf 02 -0.286 1.063 1.101 7
0840 pf 03 -0.739 1.362 1.549 7
0840 pf 04 -0.325 -0.480 0.579 2
0840 pf 05 1.634 0.100 1.637 5
0840 pf 06 -0.444 -0.092 0.454 1
0840 pf 07 -0.688 -0.669 0.959 1
0840 pf 08 -0.853 0.727 1.121 8
0840 pf 09 -0.225 0.325 0.395 7
0840 pf 10 -1.303 0.017 1.303 8
0840 pf 11 -0.086 0.771 0.776 7
0840 pf 12 -0.965 -1.782 2.026 2
0840 pf 13 0.156 0.392 0.422 6
0840 pf 14 0.570 0.270 0.631 5
0840 pf 15 1.109 -0.195 1.126 4
0840 pf 16 -0.494 -0.604 0.780 2
0840 pf 17 -0.419 1.497 1.554 7
0840 pf 18 -0.102 0.917 0.923 7
0840 pf 19 1.401 0.895 1.662 5
0840 pf 20 0.200 -1.644 1.656 3
0840 pf 21 -1.032 0.293 1.073 8
0840 pf 22 -1.131 1.097 1.576 8
0840 pf 23 -1.057 -0.610 1.220 1
0840 pf 24 -1.551 1.015 1.854 8
0840 pf 25 -0.072 1.721 1.722 7
0840 pf 26 -0.214 3.695 3.702 7
0840 pf 27 -1.841 -0.129 1.845 1
0840 pf 28 0.529 0.416 0.673 5
0840 pf 29 -0.019 0.363 0.363 7
0840 pf 30 -0.810 -0.101 0.816 1
0840 pf 31 -0.064 2.423 2.424 7
0840 pf 32 -1.410 -0.199 1.424 1
0840 pf 33 0.072 1.391 1.392 6
0840 pf 34 -0.775 0.376 0.862 8
0840 pf 35 -0.633 0.458 0.781 8
0840 pf 36 1.317 -0.620 1.456 4
0840 pf 37 0.908 0.818 1.222 5
0840 pf 38 -0.660 0.733 0.986 7
0840 pf 39 -1.717 -0.522 1.795 1
0840 pf 40 1.142 0.884 1.444 5
0840 pf 41 0.281 0.103 0.300 5
0840 pf 42 0.082 -0.670 0.675 3
0840 pf 43 -0.492 -0.351 0.604 1
0840 pf 44 -0.659 1.230 1.395 7
0840 pf 45 -1.100 1.434 1.807 7
0840 pf 46 -0.120 1.440 1.445 7
0840 pf 47 -0.258 -0.512 0.573 2
0840 pf 48 -1.144 -1.711 2.058 2
0840 pf 49 0.200 -1.587 1.599 3
0840 pf 50 0.410 -0.421 0.588 3
0864 em 00 -0.288 0.301 0.416 7
0864 cf 00 -1.304 0.596 1.434 8
0864 pf 01 -0.272 0.557 0.620 7
0864 pf 02 -0.437 1.113 1.196 7
0864 pf 03 -0.773 1.015 1.276 7
0864 pf 04 -0.251 -0.653 0.699 2
0864 pf 05 1.771 0.329 1.801 5
0864 pf 06 -0.425 -0.287 0.513 1
0864 pf 07 -0.294 -0.566 0.638 2
0864 pf 08 -1.108 0.921 1.441 8
0864 pf 09 -0.304 0.520 0.603 7
0864 pf 10 -1.146 -0.097 1.150 1
0864 pf 11 -0.200 1.018 1.038 7
0864 pf 12 -0.560 -1.770 1.856 2
0864 pf 13 0.203 0.581 0.615 6
0864 pf 14 0.593 0.499 0.775 5
0864 pf 15 1.038 -0.016 1.038 4
0864 pf 16 -0.577 -0.892 1.063 2
0864 pf 17 -0.648 1.424 1.565 7
0864 pf 18 -0.384 0.717 0.813 7
0864 pf 19 1.209 1.042 1.596 5
0864 pf 20 0.390 -1.612 1.659 3
0864 pf 21 -1.071 0.235 1.096 8
0864 pf 22 -1.442 0.903 1.702 8
0864 pf 23 -1.277 -0.804 1.509 1
0864 pf 24 -1.909 0.657 2.019 8
0864 pf 25 -0.079 1.621 1.623 7
0864 pf 26 -0.022 3.446 3.446 7
0864 pf 27 -1.880 -0.188 1.889 1
0864 pf 28 0.704 0.835 1.092 6
0864 pf 29 -0.024 0.382 0.383 7
0864 pf 30 -0.429 -0.320 0.535 1
0864 pf 31 -0.309 2.450 2.470 7
0864 pf 32 -1.004 -0.505 1.124 1
0864 pf 33 0.005 1.195 1.195 6
0864 pf 34 -0.934 0.326 0.989 8
0864 pf 35 -0.978 0.328 1.031 8
0864 pf 36 1.464 -0.306 1.495 4
0864 pf 37 0.817 0.699 1.075 5
0864 pf 38 -0.811 0.324 0.873 8
0864 pf 39 -1.591 -0.780 1.772 1
0864 pf 40 1.077 0.963 1.445 5
0864 pf 41 0.537 0.276 0.604 5
0864 pf 42 0.485 -0.753 0.896 3
0864 pf 43 -0.442 -0.545 0.702 2
0864 pf 44 -0.695 1.526 1.677 7
0864 pf 45 -0.882 1.571 1.801 7
0864 pf 46 -0.640 1.635 1.756 7
0864 pf 47 -0.194 -0.917 0.937 2
0864 pf 48 -0.767 -1.868 2.019 2
0864 pf 49 0.358 -1.607 1.646 3
0864 pf 50 0.335 -0.317 0.461 4
0888 em 00 -0.325 0.237 0.402 8
0888 cf 00 -1.240 0.769 1.459 8
0888 pf 01 -0.208 0.890 0.914 7
0888 pf 02 -0.894 0.790 1.193 8
0888 pf 03 -0.960 0.187 0.978 8
0888 pf 04 -0.427 -0.990 1.079 2
0888 pf 05 1.223 0.193 1.238 5
0888 pf 06 -0.515 -0.497 0.716 1
0888 pf 07 -0.523 -0.516 0.735 1
0888 pf 08 -1.120 1.036 1.526 8
0888 pf 09 0.089 0.786 0.791 6
0888 pf 10 -1.197 -0.479 1.289 1
0888 pf 11 -0.236 0.900 0.930 7
0888 pf 12 -0.201 -1.692 1.704 2
0888 pf 13 0.394 0.598 0.717 6
0888 pf 14 0.087 0.568 0.575 6
0888 pf 15 1.116 -0.026 1.116 4
0888 pf 16 -0.612 -1.075 1.238 2
0888 pf 17 -0.546 1.245 1.359 7
0888 pf 18 -0.538 0.316 0.624 8
0888 pf 19 0.900 1.099 1.421 6
0888 pf 20 0.618 -1.315 1.453 3
0888 pf 21 -0.971 0.250 1.003 8
0888 pf 22 -1.565 0.539 1.656 8
0888 pf 23 -1.084 -0.882 1.398 1
0888 pf 24 -1.951 0.654 2.058 8
0888 pf 25 -0.592 1.721 1.820 7
0888 pf 26 -0.186 3.456 3.461 7
0888 pf 27 -1.522 -0.363 1.564 1
0888 pf 28 0.779 1.045 1.304 6
0888 pf 29 0.259 0.553 0.611 6
0888 pf 30 -0.269 -0.302 0.405 2
0888 pf 31 -0.545 2.314 2.378 7
0888 pf 32 -0.729 -0.741 1.039 2
0888 pf 33 -0.130 1.151 1.158 7
0888 pf 34 -0.776 0.354 0.853 8
0888 pf 35 -1.211 -0.053 1.212 1
0888 pf 36 1.656 0.415 1.707 5
0888 pf 37 0.459 0.875 0.988 6
0888 pf 38 -0.822 0.329 0.886 8
0888 pf 39 -1.488 -1.302 1.978 1
0888 pf 40 0.989 0.852 1.306 5
0888 pf 41 0.683 0.404 0.793 5
0888 pf 42 0.714 -1.064 1.281 3
0888 pf 43 -0.716 -0.594 0.931 1
0888 pf 44 -0.964 1.515 1.796 7
0888 pf 45 -0.785 1.680 1.854 7
0888 pf 46 -1.149 1.155 1.629 7
0888 pf 47 -0.266 -0.902 0.940 2
0888 pf 48 -0.495 -1.989 2.049 2
0888 pf 49 0.252 -1.716 1.734 3
0888 pf 50 0.372 -0.328 0.495 4
0912 em 00 -0.360 0.179 0.402 8
0912 cf 00 -1.146 0.659 1.322 8
0912 pf 01 -0.311 0.981 1.030 7
0912 pf 02 -1.159 0.598 1.304 8
0912 pf 03 -0.758 -0.036 0.759 1
0912 pf 04 -0.368 -1.098 1.158 2
0912 pf 05 0.740 -0.021 0.740 4
0912 pf 06 -0.532 -0.625 0.821 2
0912 pf 07 -1.122 -0.625 1.285 1
0912 pf 08 -0.849 0.931 1.260 7
0912 pf 09 0.185 0.726 0.749 6
0912 pf 10 -0.958 -0.624 1.143 1
0912 pf 11 -0.346 0.563 0.661 7
0912 pf 12 -0.140 -1.686 1.692 2
0912 pf 13 0.165 0.650 0.671 6
0912 pf 14 -0.211 0.630 0.664 7
0912 pf 15 1.193 0.175 1.206 5
0912 pf 16 -0.086 -1.381 1.383 2
0912 pf 17 -0.302 1.248 1.284 7
0912 pf 18 -0.581 -0.069 0.585 1
0912 pf 19 0.273 1.170 1.201 6
0912 pf 20 1.021 -0.611 1.190 4
0912 pf 21 -0.870 0.080 0.873 8
0912 pf 22 -1.512 -0.101 1.515 1
0912 pf 23 -0.996 -1.158 1.528 2
0912 pf 24 -1.605 0.809 1.797 8
0912 pf 25 -1.320 1.856 2.277 7
0912 pf 26 -0.665 3.513 3.576 7
0912 pf 27 -1.527 -0.386 1.575 1
0912 pf 28 0.633 0.713 0.953 6
0912 pf 29 0.397 0.510 0.646 6
0912 pf 30 -0.298 0.067 0.305 8
0912 pf 31 -0.650 2.101 2.200 7
0912 pf 32 -0.568 -0.912 1.075 2
0912 pf 33 -0.360 1.243 1.294 7
0912 pf 34 -0.509 0.417 0.658 8
0912 pf 35 -1.478 -0.348 1.518 1
0912 pf 36 1.586 0.763 1.759 5
0912 pf 37 0.084 0.767 0.771 6
0912 pf 38 -0.811 0.331 0.876 8
0912 pf 39 -1.099 -1.575 1.920 2
0912 pf 40 0.808 1.035 1.313 6
0912 pf 41 0.988 0.332 1.042 5
0912 pf 42 0.675 -0.984 1.194 3
0912 pf 43 -0.946 -0.384 1.021 1
0912 pf 44 -1.231 1.113 1.660 8
0912 pf 45 -0.750 1.662 1.824 7
0912 pf 46 -1.610 0.949 1.869 8
0912 pf 47 -0.092 -0.702 0.708 2
0912 pf 48 -0.314 -2.366 2.387 2
0912 pf 49 0.298 -1.776 1.801 3
0912 pf 50 0.425 -0.301 0.520 4
0936 em 00 -0.373 0.131 0.395 8
0936 cf 00 -1.024 0.548 1.161 8
0936 pf 01 -0.347 0.967 1.028 7
0936 pf 02 -1.134 0.188 1.149 8
0936 pf 03 -0.814 -0.146 0.827 1
0936 pf 04 -0.042 -1.013 1.014 2
0936 pf 05 0.301 0.041 0.304 5
0936 pf 06 -0.315 -0.803 0.863 2
0936 pf 07 -1.076 -0.829 1.358 1
0936 pf 08 -0.676 0.945 1.162 7
0936 pf 09 -0.061 0.731 0.733 7
0936 pf 10 -0.900 -0.929 1.294 2
0936 pf 11 -0.453 0.306 0.547 8
0936 pf 12 -0.229 -1.274 1.294 2
0936 pf 13 -0.250 0.558 0.612 7
0936 pf 14 -0.327 0.386 0.506 7
0936 pf 15 1.248 0.597 1.383 5
0936 pf 16 0.321 -1.556 1.589 3
0936 pf 17 -0.283 1.034 1.072 7
0936 pf 18 -0.776 -0.189 0.799 1
0936 pf 19 -0.192 1.093 1.109 7
0936 pf 20 1.535 -0.415 1.591 4
0936 pf 21 -0.742 -0.068 0.745 1
0936 pf 22 -1.553 -0.629 1.675 1
0936 pf 23 -0.699 -1.047 1.259 2
0936 pf 24 -1.587 0.683 1.727 8
0936 pf 25 -1.654 1.779 2.429 7
0936 pf 26 -1.005 3.576 3.714 7
0936 pf 27 -1.459 -0.744 1.637 1
0936 pf 28 0.148 0.398 0.425 6
0936 pf 29 0.459 0.812 0.933 6
0936 pf 30 -0.509 0.268 0.575 8
0936 pf 31 -0.617 1.738 1.844 7
0936 pf 32 -0.308 -1.236 1.274 2
0936 pf 33 -0.167 1.153 1.165 7
0936 pf 34 -0.391 0.715 0.815 7
0936 pf 35 -1.371 -0.571 1.485 1
0936 pf 36 1.346 0.913 1.627 5
0936 pf 37 -0.036 0.713 0.714 7
0936 pf 38 -0.631 0.286 0.693 8
0936 pf 39 -0.803 -1.667 1.851 2
0936 pf 40 0.140 1.451 1.458 6
0936 pf 41 0.970 0.013 0.971 5
0936 pf 42 0.595 -0.902 1.081 3
0936 pf 43 -0.859 -0.403 0.949 1
0936 pf 44 -1.430 0.552 1.533 8
0936 pf 45 -0.885 1.724 1.938 7
0936 pf 46 -1.741 0.823 1.926 8
0936 pf 47 0.279 -0.612 0.673 3
0936 pf 48 -0.145 -2.154 2.159 2
0936 pf 49 0.525 -1.583 1.668 3
0936 pf 50 0.424 0.065 0.429 5
0960 em 00 -0.405 0.060 0.410 8
0960 cf 00 -0.994 0.186 1.012 8
0960 pf 01 -0.721 0.828 1.098 7
0960 pf 02 -1.230 -0.496 1.327 1
0960 pf 03 -0.871 -0.232 0.901 1
0960 pf 04 0.045 -0.982 0.983 3
0960 pf 05 0.363 -0.144 0.391 4
0960 pf 06 0.133 -0.313 0.340 3
0960 pf 07 -0.798 -1.092 1.352 2
0960 pf 08 -0.679 0.758 1.017 7
0960 pf 09 -0.523 0.651 0.835 7
0960 pf 10 -0.587 -1.084 1.233 2
0960 pf 11 -0.590 0.213 0.627 8
0960 pf 12 -0.277 -1.029 1.066 2
0960 pf 13 -0.657 0.434 0.788 8
0960 pf 14 -0.386 0.452 0.594 7
0960 pf 15 0.848 0.713 1.108 5
0960 pf 16 0.366 -1.581 1.623 3
0960 pf 17 -0.507 0.922 1.052 7
0960 pf 18 -0.801 -0.317 0.862 1
0960 pf 19 -0.603 0.759 0.969 7
0960 pf 20 1.670 -0.552 1.759 4
0960 pf 21 -1.147 -0.122 1.154 1
0960 pf 22 -1.636 -1.065 1.952 1
0960 pf 23 -0.518 -0.840 0.987 2
0960 pf 24 -1.350 0.578 1.469 8
0960 pf 25 -1.792 1.502 2.338 8
0960 pf 26 -1.308 3.485 3.723 7
0960 pf 27 -1.027 -1.155 1.545 2
0960 pf 28 -0.454 0.467 0.651 7
0960 pf 29 0.491 0.938 1.059 6
0960 pf 30 -0.778 0.391 0.870 8
0960 pf 31 -0.628 1.368 1.505 7
0960 pf 32 -0.090 -1.240 1.244 2
0960 pf 33 -0.354 0.975 1.037 7
0960 pf 34 -0.458 0.683 0.822 7
0960 pf 35 -1.528 -1.000 1.826 1
0960 pf 36 1.045 0.766 1.296 5
0960 pf 37 -0.037 0.600 0.601 7
0960 pf 38 -0.409 0.225 0.467 8
0960 pf 39 -0.382 -1.667 1.710 2
0960 pf 40 -0.252 1.384 1.407 7
0960 pf 41 1.069 -0.092 1.073 4
0960 pf 42 0.659 -0.923 1.134 3
0960 pf 43 -0.628 -0.419 0.755 1
0960 pf 44 -1.633 0.494 1.706 8
0960 pf 45 -1.044 1.982 2.240 7
0960 pf 46 -1.729 0.664 1.853 8
0960 pf 47 0.557 -0.761 0.943 3
0960 pf 48 -0.078 -1.605 1.607 2
0960 pf 49 0.907 -1.317 1.599 3
0960 pf 50 0.438 0.307 0.535 5
0984 em 00 -0.441 0.071 0.446 8
0984 cf 00 -0.954 -0.038 0.954 1
0984 pf 01 -0.970 0.637 1.161 8
0984 pf 02 -1.323 -0.831 1.562 1
0984 pf 03 -1.106 -0.378 1.168 1
0984 pf 04 -0.033 -0.977 0.978 2
0984 pf 05 0.696 -0.022 0.696 4
0984 pf 06 0.080 0.189 0.205 6
0984 pf 07 -0.570 -1.132 1.267 2
0984 pf 08 -0.905 0.595 1.083 8
0984 pf 09 -0.517 0.740 0.903 7
0984 pf 10 -0.561 -1.188 1.313 2
0984 pf 11 -0.622 0.224 0.661 8
0984 pf 12 -0.166 -1.053 1.066 2
0984 pf 13 -0.933 0.220 0.958 8
0984 pf 14 -0.486 0.247 0.545 8
0984 pf 15 0.367 0.505 0.624 6
0984 pf 16 0.230 -1.381 1.400 3
0984 pf 17 -0.548 1.173 1.294 7
0984 pf 18 -0.611 -0.169 0.634 1
0984 pf 19 -0.439 0.429 0.614 8
0984 pf 20 1.469 -0.354 1.512 4
0984 pf 21 -0.895 -0.071 0.898 1
0984 pf 22 -1.326 -1.002 1.662 1
0984 pf 23 -0.353 -1.057 1.114 2
0984 pf 24 -1.033 0.468 1.134 8
0984 pf 25 -1.803 1.405 2.286 8
0984 pf 26 -1.760 3.227 3.675 7
0984 pf 27 -0.702 -1.056 1.268 2
0984 pf 28 -0.807 0.542 0.972 8
0984 pf 29 0.281 1.141 1.175 6
0984 pf 30 -1.147 0.227 1.169 8
0984 pf 31 -0.965 1.239 1.570 7
0984 pf 32 -0.140 -1.212 1.220 2
0984 pf 33 -0.951 1.101 1.455 7
0984 pf 34 -0.551 1.167 1.290 7
0984 pf 35 -1.342 -1.096 1.732 1
0984 pf 36 0.689 0.843 1.089 6
0984 pf 37 -0.081 0.648 0.653 7
0984 pf 38 -0.359 0.382 0.524 7
0984 pf 39 -0.128 -1.812 1.817 2
0984 pf 40 -0.545 1.524 1.618 7
0984 pf 41 1.133 0.134 1.141 5
0984 pf 42 0.531 -0.701 0.880 3
0984 pf 43 -0.762 -0.341 0.835 1
0984 pf 44 -1.455 0.336 1.493 8
0984 pf 45 -1.443 1.980 2.450 7
0984 pf 46 -1.721 0.438 1.776 8
0984 pf 47 0.836 -0.669 1.071 4
0984 pf 48 0.334 -1.277 1.320 3
0984 pf 49 1.115 -1.032 1.520 4
0984 pf 50 0.549 0.393 0.675 5
1008 em 00 -0.484 0.019 0.485 8
1008 cf 00 -0.896 -0.354 0.963 1
1008 pf 01 -1.194 0.504 1.296 8
1008 pf 02 -1.289 -1.351 1.868 2
1008 pf 03 -1.424 -0.614 1.550 1
1008 pf 04 -0.210 -0.911 0.935 2
1008 pf 05 0.659 0.099 0.667 5
1008 pf 06 -0.255 0.544 0.601 7
1008 pf 07 -0.277 -0.981 1.019 2
1008 pf 08 -1.055 0.434 1.141 8
1008 pf 09 -0.577 0.594 0.828 7
1008 pf 10 -0.451 -1.395 1.466 2
1008 pf 11 -0.610 0.012 0.611 8
1008 pf 12 -0.537 -1.118 1.241 2
1008 pf 13 -1.279 0.061 1.280 8
1008 pf 14 -0.318 -0.060 0.324 1
1008 pf 15 0.153 0.261 0.303 6
1008 pf 16 0.184 -1.087 1.103 3
1008 pf 17 -0.302 1.279 1.315 7
1008 pf 18 -0.692 -0.209 0.723 1
1008 pf 19 -0.498 0.054 0.501 8
1008 pf 20 1.711 0.047 1.712 5
1008 pf 21 -0.306 -0.106 0.323 1
1008 pf 22 -1.231 -0.970 1.567 1
1008 pf 23 -0.170 -1.129 1.141 2
1008 pf 24 -0.276 0.550 0.616 7
1008 pf 25 -1.586 1.319 2.063 8
1008 pf 26 -2.036 3.028 3.649 7
1008 pf 27 -0.559 -1.071 1.208 2
1008 pf 28 -0.935 0.249 0.968 8
1008 pf 29 -0.097 1.311 1.315 7
1008 pf 30 -1.445 0.129 1.451 8
1008 pf 31 -1.280 0.937 1.586 8
1008 pf 32 0.041 -1.109 1.110 3
1008 pf 33 -1.685 1.016 1.968 8
1008 pf 34 -0.452 0.989 1.087 7
1008 pf 35 -1.189 -1.077 1.604 1
1008 pf 36 0.302 0.833 0.886 6
1008 pf 37 -0.010 0.677 0.677 7
1008 pf 38 -0.546 0.390 0.672 8
1008 pf 39 0.340 -1.767 1.799 3
1008 pf 40 -0.547 1.368 1.473 7
1008 pf 41 0.937 0.167 0.951 5
1008 pf 42 0.512 -0.665 0.839 3
1008 pf 43 -0.978 -0.422 1.065 1
1008 pf 44 -1.587 0.517 1.669 8
1008 pf 45 -2.036 1.769 2.697 8
1008 pf 46 -1.693 -0.066 1.694 1
1008 pf 47 0.927 -0.569 1.088 4
1008 pf 48 0.678 -1.202 1.380 3
1008 pf 49 0.978 -0.657 1.178 4
1008 pf 50 0.228 0.372 0.436 6
1032 em 00 -0.424 -0.020 0.425 1
1032 cf 00 -0.894 -0.664 1.114 1
1032 pf 01 -1.110 0.078 1.113 8
1032 pf 02 -0.913 -1.722 1.949 2
1032 pf 03 -1.418 -0.841 1.649 1
1032 pf 04 -0.257 -1.021 1.053 2
1032 pf 05 0.506 0.086 0.513 5
1032 pf 06 -0.162 0.789 0.805 7
1032 pf 07 0.166 -1.074 1.087 3
1032 pf 08 -1.114 0.461 1.206 8
1032 pf 09 -0.739 0.517 0.902 8
1032 pf 10 -0.303 -1.334 1.368 2
1032 pf 11 -0.679 -0.337 0.758 1
1032 pf 12 -0.966 -1.465 1.754 2
1032 pf 13 -1.171 0.104 1.175 8
1032 pf 14 -0.007 -0.330 0.330 2
1032 pf 15 0.466 0.256 0.532 5
1032 pf 16 0.272 -0.827 0.870 3
1032 pf 17 -0.120 1.389 1.394 7
1032 pf 18 -0.892 0.043 0.893 8
1032 pf 19 -0.473 0.176 0.505 8
1032 pf 20 1.655 0.489 1.726 5
1032 pf 21 0.052 -0.153 0.161 3
1032 pf 22 -1.080 -1.258 1.658 2
1032 pf 23 0.033 -1.093 1.093 3
1032 pf 24 0.261 0.954 0.989 6
1032 pf 25 -1.279 0.942 1.589 8
1032 pf 26 -2.019 2.398 3.135 7
1032 pf 27 -0.128 -1.210 1.217 2
1032 pf 28 -0.705 -0.151 0.721 1
1032 pf 29 -0.716 1.475 1.640 7
1032 pf 30 -1.580 0.182 1.591 8
1032 pf 31 -1.369 1.023 1.709 8
1032 pf 32 0.185 -1.261 1.274 3
1032 pf 33 -1.792 0.831 1.975 8
1032 pf 34 -0.421 0.938 1.028 7
1032 pf 35 -0.728 -0.999 1.236 2
1032 pf 36 -0.072 0.647 0.651 7
1032 pf 37 0.257 0.701 0.747 6
1032 pf 38 -0.400 0.356 0.535 8
1032 pf 39 0.591 -1.755 1.852 3
1032 pf 40 -0.357 1.347 1.393 7
1032 pf 41 0.718 -0.028 0.719 4
1032 pf 42 0.680 -0.433 0.806 4
1032 pf 43 -1.156 -0.453 1.242 1
1032 pf 44 -1.165 0.664 1.341 8
1032 pf 45 -2.192 1.596 2.712 8
1032 pf 46 -1.465 -0.302 1.496 1
1032 pf 47 0.855 -0.612 1.052 4
1032 pf 48 0.834 -0.831 1.177 4
1032 pf 49 0.759 -0.297 0.815 4
1032 pf 50 0.003 0.634 0.634 6
1056 em 00 -0.321 -0.037 0.323 1
1056 cf 00 -0.750 -0.578 0.947 1
1056 pf 01 -0.943 -0.100 0.948 1
1056 pf 02 -0.135 -1.829 1.834 2
1056 pf 03 -0.968 -0.964 1.366 1
1056 pf 04 -0.107 -0.963 0.969 2
1056 pf 05 0.593 0.159 0.614 5
1056 pf 06 -0.271 0.742 0.790 7
1056 pf 07 0.058 -1.200 1.202 3
1056 pf 08 -1.160 0.541 1.280 8
1056 pf 09 -0.799 0.133 0.810 8
1056 pf 10 0.133 -0.951 0.960 3
1056 pf 11 -0.354 -0.440 0.565 2
1056 pf 12 -1.056 -1.650 1.959 2
1056 pf 13 -1.102 -0.001 1.102 1
1056 pf 14 0.086 -0.308 0.319 3
1056 pf 15 0.640 0.203 0.672 5
1056 pf 16 0.291 -0.888 0.935 3
1056 pf 17 -0.133 1.636 1.641 7
1056 pf 18 -0.986 0.127 0.995 8
1056 pf 19 -0.359 0.318 0.480 8
1056 pf 20 1.329 0.846 1.575 5
1056 pf 21 -0.016 -0.143 0.144 2
1056 pf 22 -0.978 -1.527 1.813 2
1056 pf 23 0.358 -1.030 1.090 3
1056 pf 24 0.158 1.350 1.359 6
1056 pf 25 -1.048 0.698 1.259 8
1056 pf 26 -1.578 1.772 2.373 7
1056 pf 27 0.355 -1.128 1.182 3
1056 pf 28 -0.474 -0.244 0.533 1
1056 pf 29 -1.065 1.188 1.595 7
1056 pf 30 -1.533 0.259 1.555 8
1056 pf 31 -1.467 1.010 1.781 8
1056 pf 32 0.046 -1.345 1.346 3
1056 pf 33 -1.497 0.862 1.727 8
1056 pf 34 -0.252 1.135 1.163 7
1056 pf 35 -0.062 -1.177 1.178 2
1056 pf 36 -0.348 0.475 0.589 7
1056 pf 37 0.605 0.755 0.968 6
1056 pf 38 0.027 0.417 0.418 6
1056 pf 39 0.711 -1.869 2.000 3
1056 pf 40 -0.069 1.217 1.219 7
1056 pf 41 0.655 0.142 0.671 5
1056 pf 42 0.884 -0.303 0.935 4
1056 pf 43 -1.377 -0.500 1.465 1
1056 pf 44 -0.893 0.319 0.948 8
1056 pf 45 -2.160 1.440 2.597 8
1056 pf 46 -1.144 -0.718 1.351 1
1056 pf 47 0.981 -0.359 1.045 4
1056 pf 48 0.441 -0.466 0.642 3
1056 pf 49 0.711 -0.038 0.712 4
1056 pf 50 -0.149 0.831 0.845 7
1080 em 00 -0.299 -0.079 0.310 1
1080 cf 00 -0.487 -0.417 0.641 1
1080 pf 01 -0.785 -0.106 0.792 1
1080 pf 02 0.283 -1.604 1.629 3
1080 pf 03 -0.535 -1.147 1.265 2
1080 pf 04 -0.348 -0.856 0.924 2
1080 pf 05 0.267 0.492 0.560 6
1080 pf 06 -0.335 0.772 0.842 7
1080 pf 07 -0.259 -1.069 1.100 2
1080 pf 08 -1.168 0.197 1.185 8
1080 pf 09 -0.655 -0.026 0.655 1
1080 pf 10 0.603 -0.894 1.078 3
1080 pf 11 -0.276 -0.522 0.591 2
1080 pf 12 -1.163 -2.146 2.441 2
1080 pf 13 -1.080 -0.121 1.087 1
1080 pf 14 0.333 -0.234 0.407 4
1080 pf 15 0.330 0.223 0.398 5
1080 pf 16 0.567 -1.073 1.214 3
1080 pf 17 -0.029 1.422 1.422 7
1080 pf 18 -0.866 0.134 0.876 8
1080 pf 19 -0.256 0.481 0.545 7
1080 pf 20 0.874 1.111 1.413 6
1080 pf 21 -0.030 -0.139 0.143 2
1080 pf 22 -0.797 -1.894 2.055 2
1080 pf 23 0.269 -0.937 0.975 3
1080 pf 24 0.109 1.414 1.418 6
1080 pf 25 -0.830 0.540 0.990 8
1080 pf 26 -1.648 1.084 1.972 8
1080 pf 27 0.551 -0.977 1.121 3
1080 pf 28 -0.176 -0.204 0.270 2
1080 pf 29 -1.480 0.928 1.747 8
1080 pf 30 -1.396 0.307 1.429 8
1080 pf 31 -1.330 0.905 1.608 8
1080 pf 32 0.081 -1.056 1.059 3
1080 pf 33 -1.133 0.700 1.332 8
1080 pf 34 -0.325 1.400 1.437 7
1080 pf 35 0.190 -1.105 1.121 3
1080 pf 36 -0.672 -0.015 0.672 1
1080 pf 37 0.391 1.060 1.130 6
1080 pf 38 0.076 0.522 0.527 6
1080 pf 39 0.673 -1.756 1.881 3
1080 pf 40 0.114 0.820 0.828 6
1080 pf 41 0.640 -0.043 0.641 4
1080 pf 42 0.693 -0.097 0.700 4
1080 pf 43 -1.516 -0.778 1.704 1
1080 pf 44 -0.818 -0.089 0.823 1
1080 pf 45 -1.967 1.112 2.260 8
1080 pf 46 -1.308 -1.217 1.786 1
1080 pf 47 0.832 0.056 0.834 5
1080 pf 48 0.235 -0.107 0.258 4
1080 pf 49 0.568 0.115 0.579 5
1080 pf 50 -0.135 0.546 0.562 7
1104 em 00 -0.265 -0.120 0.291 1
1104 cf 00 -0.572 -0.181 0.600 1
1104 pf 01 -0.777 0.179 0.798 8
1104 pf 02 0.381 -1.560 1.606 3
1104 pf 03 -0.029 -1.397 1.397 2
1104 pf 04 -0.504 -0.867 1.003 2
1104 pf 05 0.174 1.065 1.079 6
1104 pf 06 -0.359 0.797 0.874 7
1104 pf 07 -0.780 -0.846 1.151 2
1104 pf 08 -1.097 -0.003 1.097 1
1104 pf 09 -0.403 -0.253 0.476 1
1104 pf 10 0.758 -0.902 1.178 3
1104 pf 11 -0.391 -0.539 0.665 2
1104 pf 12 -0.927 -2.334 2.511 2
1104 pf 13 -0.772 -0.299 0.828 1
1104 pf 14 0.616 -0.141 0.632 4
1104 pf 15 0.339 0.033 0.341 5
1104 pf 16 0.721 -1.427 1.599 3
1104 pf 17 -0.128 1.203 1.209 7
1104 pf 18 -0.618 0.142 0.635 8
1104 pf 19 -0.270 0.540 0.604 7
1104 pf 20 0.688 1.217 1.398 6
1104 pf 21 -0.400 -0.260 0.477 1
1104 pf 22 -0.675 -2.434 2.526 2
1104 pf 23 0.240 -0.748 0.785 3
1104 pf 24 0.208 1.395 1.411 6
1104 pf 25 -0.942 0.552 1.092 8
1104 pf 26 -1.339 1.073 1.716 8
1104 pf 27 0.535 -0.787 0.951 3
1104 pf 28 0.125 -0.193 0.230 3
1104 pf 29 -1.427 0.929 1.703 8
1104 pf 30 -1.325 -0.103 1.329 1
1104 pf 31 -0.655 0.657 0.928 7
1104 pf 32 0.288 -0.880 0.926 3
1104 pf 33 -1.209 0.708 1.401 8
1104 pf 34 -0.288 1.291 1.323 7
1104 pf 35 0.342 -0.963 1.022 3
1104 pf 36 -0.512 -0.152 0.534 1
1104 pf 37 0.414 1.494 1.550 6
1104 pf 38 -0.224 0.446 0.499 7
1104 pf 39 0.761 -1.462 1.648 3
1104 pf 40 -0.008 0.742 0.742 7
1104 pf 41 0.590 -0.300 0.662 4
1104 pf 42 0.445 0.281 0.527 5
1104 pf 43 -1.631 -0.825 1.827 1
1104 pf 44 -0.658 -0.043 0.660 1
1104 pf 45 -1.787 0.169 1.795 8
1104 pf 46 -1.218 -1.444 1.889 2
1104 pf 47 0.715 -0.152 0.731 4
1104 pf 48 -0.128 -0.354 0.377 2
1104 pf 49 0.483 0.167 0.511 5
1104 pf 50 -0.203 0.446 0.490 7
