ecmf prod rt 2019011700 51 046
0024 em 00 1.049 -0.704 1.264 4
0024 cf 00 1.019 -0.705 1.239 4
0024 pf 01 0.893 -0.689 1.127 4
0024 pf 02 0.985 -0.771 1.250 4
0024 pf 03 1.103 -0.635 1.272 4
0024 pf 04 0.985 -0.657 1.184 4
0024 pf 05 1.145 -0.579 1.283 4
0024 pf 06 0.945 -0.791 1.233 4
0024 pf 07 1.040 -0.486 1.148 4
0024 pf 08 1.117 -0.656 1.295 4
0024 pf 09 0.957 -0.573 1.116 4
0024 pf 10 0.994 -0.868 1.319 4
0024 pf 11 1.079 -0.680 1.276 4
0024 pf 12 1.075 -0.494 1.183 4
0024 pf 13 1.116 -0.556 1.247 4
0024 pf 14 1.120 -0.786 1.368 4
0024 pf 15 1.053 -0.633 1.229 4
0024 pf 16 1.036 -0.613 1.204 4
0024 pf 17 1.021 -0.734 1.258 4
0024 pf 18 1.136 -0.637 1.302 4
0024 pf 19 1.059 -0.575 1.205 4
0024 pf 20 1.099 -0.643 1.273 4
0024 pf 21 0.889 -0.661 1.108 4
0024 pf 22 1.070 -0.635 1.245 4
0024 pf 23 1.142 -0.645 1.311 4
0024 pf 24 0.956 -0.791 1.241 4
0024 pf 25 1.070 -0.570 1.212 4
0024 pf 26 0.964 -0.783 1.242 4
0024 pf 27 1.087 -0.800 1.349 4
0024 pf 28 0.994 -0.626 1.175 4
0024 pf 29 1.006 -0.884 1.339 4
0024 pf 30 1.179 -0.725 1.384 4
0024 pf 31 1.067 -0.800 1.334 4
0024 pf 32 1.076 -0.705 1.287 4
0024 pf 33 0.964 -0.669 1.173 4
0024 pf 34 1.101 -0.742 1.327 4
0024 pf 35 0.961 -0.778 1.237 4
0024 pf 36 1.077 -0.850 1.372 4
0024 pf 37 0.995 -0.759 1.252 4
0024 pf 38 1.089 -0.870 1.394 4
0024 pf 39 0.902 -0.584 1.075 4
0024 pf 40 1.260 -0.811 1.498 4
0024 pf 41 1.067 -0.645 1.247 4
0024 pf 42 1.097 -0.635 1.267 4
0024 pf 43 1.099 -0.817 1.369 4
0024 pf 44 1.075 -0.457 1.168 4
0024 pf 45 1.074 -0.735 1.302 4
0024 pf 46 1.064 -0.944 1.422 4
0024 pf 47 1.005 -0.661 1.203 4
0024 pf 48 1.085 -0.816 1.357 4
0024 pf 49 1.115 -0.797 1.370 4
0024 pf 50 0.964 -0.732 1.211 4
0048 em 00 1.159 -0.506 1.265 4
0048 cf 00 1.196 -0.482 1.289 4
0048 pf 01 0.808 -0.644 1.034 4
0048 pf 02 1.084 -0.546 1.214 4
0048 pf 03 1.142 -0.399 1.209 4
0048 pf 04 0.921 -0.528 1.062 4
0048 pf 05 1.183 -0.412 1.253 4
0048 pf 06 1.187 -0.455 1.271 4
0048 pf 07 1.071 -0.375 1.135 4
0048 pf 08 1.172 -0.441 1.252 4
0048 pf 09 0.911 -0.361 0.980 4
0048 pf 10 1.315 -0.712 1.496 4
0048 pf 11 1.148 -0.659 1.323 4
0048 pf 12 1.153 -0.240 1.178 4
0048 pf 13 1.125 -0.359 1.181 4
0048 pf 14 1.364 -0.740 1.552 4
0048 pf 15 1.128 -0.292 1.165 4
0048 pf 16 1.268 -0.399 1.329 4
0048 pf 17 1.256 -0.501 1.352 4
0048 pf 18 1.249 -0.527 1.356 4
0048 pf 19 1.023 -0.487 1.133 4
0048 pf 20 0.935 -0.372 1.006 4
0048 pf 21 0.969 -0.550 1.114 4
0048 pf 22 1.254 -0.421 1.322 4
0048 pf 23 1.278 -0.623 1.422 4
0048 pf 24 0.992 -0.363 1.056 4
0048 pf 25 1.087 -0.486 1.191 4
0048 pf 26 1.129 -0.529 1.247 4
0048 pf 27 1.164 -0.451 1.248 4
0048 pf 28 1.189 -0.484 1.284 4
0048 pf 29 1.117 -0.662 1.299 4
0048 pf 30 1.498 -0.566 1.601 4
0048 pf 31 1.199 -0.475 1.290 4
0048 pf 32 1.271 -0.486 1.361 4
0048 pf 33 1.035 -0.480 1.141 4
0048 pf 34 1.198 -0.604 1.341 4
0048 pf 35 1.127 -0.567 1.261 4
0048 pf 36 1.040 -0.654 1.228 4
0048 pf 37 1.099 -0.810 1.365 4
0048 pf 38 1.210 -0.637 1.368 4
0048 pf 39 1.052 -0.595 1.209 4
0048 pf 40 1.449 -0.483 1.528 4
0048 pf 41 1.029 -0.418 1.111 4
0048 pf 42 1.402 -0.522 1.496 4
0048 pf 43 1.183 -0.484 1.278 4
0048 pf 44 1.243 -0.376 1.299 4
0048 pf 45 1.137 -0.439 1.219 4
0048 pf 46 1.238 -0.600 1.376 4
0048 pf 47 1.119 -0.302 1.160 4
0048 pf 48 1.183 -0.687 1.368 4
0048 pf 49 1.429 -0.472 1.505 4
0048 pf 50 1.132 -0.372 1.191 4
0072 em 00 1.470 -0.058 1.471 4
0072 cf 00 1.484 -0.007 1.484 4
0072 pf 01 1.028 -0.464 1.128 4
0072 pf 02 1.380 -0.016 1.380 4
0072 pf 03 1.473 0.018 1.473 5
0072 pf 04 1.135 -0.358 1.190 4
0072 pf 05 1.636 -0.052 1.637 4
0072 pf 06 1.440 0.031 1.441 5
0072 pf 07 1.250 0.296 1.285 5
0072 pf 08 1.599 0.219 1.614 5
0072 pf 09 0.925 -0.020 0.926 4
0072 pf 10 1.717 -0.447 1.774 4
0072 pf 11 1.400 -0.419 1.461 4
0072 pf 12 1.488 0.276 1.513 5
0072 pf 13 1.535 0.029 1.536 5
0072 pf 14 1.942 -0.537 2.015 4
0072 pf 15 1.135 -0.112 1.141 4
0072 pf 16 1.386 0.199 1.400 5
0072 pf 17 1.648 -0.001 1.648 4
0072 pf 18 1.560 -0.122 1.565 4
0072 pf 19 1.212 -0.154 1.222 4
0072 pf 20 1.377 0.003 1.377 5
0072 pf 21 1.316 -0.156 1.325 4
0072 pf 22 1.534 0.066 1.535 5
0072 pf 23 1.746 -0.078 1.748 4
0072 pf 24 1.293 0.038 1.294 5
0072 pf 25 1.211 -0.062 1.213 4
0072 pf 26 1.470 -0.131 1.476 4
0072 pf 27 1.441 -0.010 1.441 4
0072 pf 28 1.573 0.102 1.577 5
0072 pf 29 1.628 -0.242 1.646 4
0072 pf 30 1.923 -0.038 1.923 4
0072 pf 31 1.342 0.129 1.348 5
0072 pf 32 1.627 -0.039 1.627 4
0072 pf 33 1.320 0.010 1.320 5
0072 pf 34 1.570 0.094 1.573 5
0072 pf 35 1.366 -0.063 1.368 4
0072 pf 36 1.371 -0.274 1.398 4
0072 pf 37 1.379 -0.234 1.399 4
0072 pf 38 1.711 -0.189 1.721 4
0072 pf 39 1.621 -0.005 1.621 4
0072 pf 40 1.861 0.095 1.863 5
0072 pf 41 1.218 -0.123 1.225 4
0072 pf 42 1.660 0.017 1.660 5
0072 pf 43 1.415 -0.065 1.417 4
0072 pf 44 1.635 0.119 1.639 5
0072 pf 45 1.269 0.002 1.269 5
0072 pf 46 1.534 -0.217 1.550 4
0072 pf 47 1.320 0.089 1.323 5
0072 pf 48 1.535 -0.225 1.551 4
0072 pf 49 1.693 -0.024 1.693 4
0072 pf 50 1.356 0.154 1.365 5
0096 em 00 1.738 0.397 1.782 5
0096 cf 00 1.799 0.496 1.866 5
0096 pf 01 1.475 -0.042 1.476 4
0096 pf 02 1.709 0.452 1.767 5
0096 pf 03 1.690 0.401 1.737 5
0096 pf 04 1.404 -0.081 1.406 4
0096 pf 05 2.123 0.612 2.210 5
0096 pf 06 1.819 0.460 1.877 5
0096 pf 07 1.427 0.840 1.655 5
0096 pf 08 1.549 0.943 1.814 5
0096 pf 09 1.168 0.227 1.189 5
0096 pf 10 2.044 -0.125 2.048 4
0096 pf 11 1.502 -0.187 1.513 4
0096 pf 12 1.759 0.450 1.816 5
0096 pf 13 1.731 0.424 1.783 5
0096 pf 14 2.227 0.298 2.247 5
0096 pf 15 1.529 0.092 1.531 5
0096 pf 16 1.588 0.463 1.654 5
0096 pf 17 2.005 0.391 2.042 5
0096 pf 18 2.085 0.157 2.091 5
0096 pf 19 1.331 0.187 1.344 5
0096 pf 20 1.564 0.470 1.633 5
0096 pf 21 1.656 0.118 1.660 5
0096 pf 22 1.729 0.474 1.793 5
0096 pf 23 2.239 0.483 2.290 5
0096 pf 24 1.479 0.584 1.590 5
0096 pf 25 1.257 0.226 1.277 5
0096 pf 26 1.966 0.350 1.997 5
0096 pf 27 1.637 0.353 1.674 5
0096 pf 28 2.064 0.830 2.225 5
0096 pf 29 1.991 0.291 2.012 5
0096 pf 30 2.255 0.510 2.312 5
0096 pf 31 1.384 0.392 1.438 5
0096 pf 32 1.935 0.454 1.988 5
0096 pf 33 1.451 0.417 1.510 5
0096 pf 34 1.736 0.603 1.838 5
0096 pf 35 1.814 0.490 1.879 5
0096 pf 36 1.764 0.207 1.776 5
0096 pf 37 1.487 0.069 1.489 5
0096 pf 38 2.169 0.344 2.196 5
0096 pf 39 1.773 0.483 1.837 5
0096 pf 40 2.051 0.896 2.238 5
0096 pf 41 1.335 0.183 1.347 5
0096 pf 42 1.899 0.456 1.953 5
0096 pf 43 1.560 0.364 1.602 5
0096 pf 44 1.993 0.840 2.163 5
0096 pf 45 1.553 0.585 1.659 5
0096 pf 46 1.845 0.286 1.867 5
0096 pf 47 1.494 0.599 1.609 5
0096 pf 48 1.973 0.287 1.994 5
0096 pf 49 1.735 0.351 1.770 5
0096 pf 50 1.321 0.803 1.546 5
0120 em 00 1.782 1.003 2.044 5
0120 cf 00 1.791 1.009 2.056 5
0120 pf 01 1.540 0.406 1.592 5
0120 pf 02 1.876 1.143 2.197 5
0120 pf 03 1.862 0.981 2.105 5
0120 pf 04 1.560 0.326 1.594 5
0120 pf 05 2.011 1.233 2.359 5
0120 pf 06 2.072 1.143 2.366 5
0120 pf 07 1.456 1.524 2.108 6
0120 pf 08 1.303 1.590 2.056 6
0120 pf 09 1.003 0.613 1.176 5
0120 pf 10 2.120 0.423 2.161 5
0120 pf 11 1.847 0.353 1.880 5
0120 pf 12 1.940 1.170 2.266 5
0120 pf 13 1.899 1.087 2.188 5
0120 pf 14 2.149 0.914 2.336 5
0120 pf 15 1.568 0.500 1.646 5
0120 pf 16 1.801 0.994 2.058 5
0120 pf 17 2.248 1.125 2.514 5
0120 pf 18 2.157 1.338 2.539 5
0120 pf 19 1.381 0.870 1.633 5
0120 pf 20 1.779 0.973 2.028 5
0120 pf 21 1.861 0.864 2.052 5
0120 pf 22 1.543 1.113 1.902 5
0120 pf 23 2.267 1.428 2.679 5
0120 pf 24 1.412 1.100 1.790 5
0120 pf 25 1.250 0.545 1.363 5
0120 pf 26 2.006 1.008 2.245 5
0120 pf 27 1.611 0.868 1.830 5
0120 pf 28 2.110 1.657 2.683 5
0120 pf 29 2.118 0.872 2.290 5
0120 pf 30 2.449 1.184 2.720 5
0120 pf 31 1.435 0.710 1.601 5
0120 pf 32 1.954 1.158 2.272 5
0120 pf 33 1.449 1.279 1.933 5
0120 pf 34 1.767 1.397 2.252 5
0120 pf 35 1.843 1.272 2.239 5
0120 pf 36 1.911 0.538 1.985 5
0120 pf 37 1.530 0.651 1.663 5
0120 pf 38 2.251 0.773 2.380 5
0120 pf 39 1.838 1.048 2.116 5
0120 pf 40 2.005 1.836 2.719 5
0120 pf 41 1.523 0.489 1.600 5
0120 pf 42 1.896 1.127 2.206 5
0120 pf 43 1.593 0.953 1.856 5
0120 pf 44 1.717 1.407 2.220 5
0120 pf 45 1.635 1.030 1.932 5
0120 pf 46 1.919 0.725 2.051 5
0120 pf 47 1.092 1.165 1.597 6
0120 pf 48 1.803 0.775 1.962 5
0120 pf 49 1.873 0.996 2.122 5
0120 pf 50 1.083 1.344 1.726 6
0144 em 00 1.517 1.329 2.017 5
0144 cf 00 1.468 1.314 1.971 5
0144 pf 01 1.554 0.823 1.759 5
0144 pf 02 1.404 1.956 2.407 6
0144 pf 03 1.494 1.604 2.192 6
0144 pf 04 1.397 0.409 1.456 5
0144 pf 05 1.454 1.646 2.196 6
0144 pf 06 2.028 1.526 2.539 5
0144 pf 07 1.435 1.787 2.292 6
0144 pf 08 0.614 1.597 1.711 6
0144 pf 09 0.853 0.649 1.072 5
0144 pf 10 1.878 0.904 2.084 5
0144 pf 11 1.661 0.770 1.830 5
0144 pf 12 1.822 1.393 2.294 5
0144 pf 13 1.840 1.227 2.212 5
0144 pf 14 1.743 1.167 2.098 5
0144 pf 15 1.545 0.932 1.804 5
0144 pf 16 1.578 1.271 2.026 5
0144 pf 17 1.858 1.621 2.466 5
0144 pf 18 1.879 1.739 2.560 5
0144 pf 19 1.211 1.026 1.587 5
0144 pf 20 1.911 1.273 2.296 5
0144 pf 21 1.756 1.181 2.116 5
0144 pf 22 0.940 1.462 1.738 6
0144 pf 23 1.725 1.858 2.535 6
0144 pf 24 0.961 1.494 1.777 6
0144 pf 25 1.131 0.513 1.242 5
0144 pf 26 1.810 1.423 2.303 5
0144 pf 27 1.319 1.123 1.732 5
0144 pf 28 1.891 2.050 2.789 6
0144 pf 29 1.886 1.365 2.329 5
0144 pf 30 2.180 1.719 2.776 5
0144 pf 31 1.219 1.013 1.585 5
0144 pf 32 1.795 1.446 2.305 5
0144 pf 33 1.049 1.724 2.018 6
0144 pf 34 1.300 1.828 2.243 6
0144 pf 35 1.468 1.520 2.113 6
0144 pf 36 1.781 1.178 2.135 5
0144 pf 37 1.206 1.129 1.652 5
0144 pf 38 2.230 1.048 2.464 5
0144 pf 39 1.534 1.113 1.895 5
0144 pf 40 1.433 2.390 2.787 6
0144 pf 41 1.338 0.699 1.509 5
0144 pf 42 1.503 1.550 2.159 6
0144 pf 43 1.397 1.008 1.723 5
0144 pf 44 1.417 1.811 2.299 6
0144 pf 45 1.269 1.108 1.685 5
0144 pf 46 1.631 1.176 2.010 5
0144 pf 47 0.845 1.381 1.619 6
0144 pf 48 1.456 0.832 1.677 5
0144 pf 49 1.549 1.444 2.118 5
0144 pf 50 0.908 1.450 1.711 6
0168 em 00 0.961 1.460 1.748 6
0168 cf 00 0.966 1.353 1.662 6
0168 pf 01 1.354 0.857 1.603 5
0168 pf 02 0.747 2.267 2.387 6
0168 pf 03 0.704 2.010 2.130 6
0168 pf 04 1.192 0.261 1.220 5
0168 pf 05 0.877 1.531 1.764 6
0168 pf 06 1.609 1.700 2.341 6
0168 pf 07 0.842 1.839 2.022 6
0168 pf 08 0.245 1.636 1.654 6
0168 pf 09 0.274 0.515 0.584 6
0168 pf 10 1.422 1.276 1.911 5
0168 pf 11 1.347 0.712 1.524 5
0168 pf 12 1.176 1.800 2.150 6
0168 pf 13 1.360 1.617 2.113 6
0168 pf 14 1.108 1.314 1.719 6
0168 pf 15 1.149 1.063 1.565 5
0168 pf 16 1.079 1.257 1.656 6
0168 pf 17 1.078 2.014 2.284 6
0168 pf 18 1.358 2.006 2.422 6
0168 pf 19 0.522 0.943 1.078 6
0168 pf 20 1.466 1.302 1.961 5
0168 pf 21 1.329 1.457 1.972 6
0168 pf 22 0.114 1.313 1.318 6
0168 pf 23 1.086 1.957 2.238 6
0168 pf 24 0.090 1.443 1.446 6
0168 pf 25 0.632 0.463 0.783 5
0168 pf 26 1.252 1.784 2.180 6
0168 pf 27 0.754 1.306 1.508 6
0168 pf 28 1.343 2.359 2.714 6
0168 pf 29 1.205 1.623 2.021 6
0168 pf 30 1.452 2.257 2.684 6
0168 pf 31 0.899 1.084 1.409 6
0168 pf 32 1.311 1.602 2.070 6
0168 pf 33 0.220 1.780 1.793 6
0168 pf 34 1.024 2.036 2.279 6
0168 pf 35 0.711 1.468 1.631 6
0168 pf 36 1.244 1.446 1.907 6
0168 pf 37 0.698 1.227 1.412 6
0168 pf 38 1.894 1.495 2.413 5
0168 pf 39 1.029 1.187 1.571 6
0168 pf 40 0.615 2.375 2.454 6
0168 pf 41 1.013 0.661 1.210 5
0168 pf 42 0.893 1.880 2.081 6
0168 pf 43 0.774 1.054 1.308 6
0168 pf 44 0.818 2.047 2.204 6
0168 pf 45 0.624 1.166 1.323 6
0168 pf 46 0.970 1.199 1.542 6
0168 pf 47 0.267 1.362 1.388 6
0168 pf 48 0.992 1.104 1.484 6
0168 pf 49 0.883 1.747 1.958 6
0168 pf 50 0.301 1.218 1.255 6
0192 em 00 0.485 1.523 1.598 6
0192 cf 00 0.589 1.308 1.434 6
0192 pf 01 1.141 0.963 1.493 5
0192 pf 02 0.045 2.337 2.337 6
0192 pf 03 -0.153 1.798 1.805 7
0192 pf 04 0.890 0.408 0.979 5
0192 pf 05 0.319 1.665 1.695 6
0192 pf 06 0.957 1.835 2.070 6
0192 pf 07 0.358 2.040 2.071 6
0192 pf 08 -0.056 1.542 1.543 7
0192 pf 09 -0.023 0.456 0.457 7
0192 pf 10 1.078 1.409 1.774 6
0192 pf 11 1.369 0.943 1.663 5
0192 pf 12 0.346 1.643 1.680 6
0192 pf 13 0.701 2.098 2.211 6
0192 pf 14 0.444 1.368 1.438 6
0192 pf 15 1.082 1.341 1.723 6
0192 pf 16 0.588 1.421 1.538 6
0192 pf 17 0.406 2.183 2.220 6
0192 pf 18 0.808 2.226 2.368 6
0192 pf 19 0.236 0.973 1.002 6
0192 pf 20 0.937 1.417 1.699 6
0192 pf 21 0.753 1.709 1.867 6
0192 pf 22 -0.286 1.134 1.169 7
0192 pf 23 0.660 2.266 2.361 6
0192 pf 24 -0.446 1.266 1.342 7
0192 pf 25 0.353 0.115 0.371 5
0192 pf 26 0.874 1.906 2.097 6
0192 pf 27 0.257 1.238 1.264 6
0192 pf 28 0.973 2.369 2.561 6
0192 pf 29 0.376 1.799 1.838 6
0192 pf 30 0.832 2.475 2.611 6
0192 pf 31 0.673 1.074 1.267 6
0192 pf 32 0.602 1.804 1.902 6
0192 pf 33 -0.606 1.603 1.714 7
0192 pf 34 0.308 2.167 2.189 6
0192 pf 35 0.661 1.651 1.778 6
0192 pf 36 0.905 1.599 1.838 6
0192 pf 37 0.100 1.163 1.167 6
0192 pf 38 1.498 1.884 2.407 6
0192 pf 39 0.974 1.365 1.677 6
0192 pf 40 -0.275 2.359 2.375 7
0192 pf 41 0.745 0.710 1.029 5
0192 pf 42 0.386 1.855 1.895 6
0192 pf 43 0.615 1.226 1.372 6
0192 pf 44 0.227 2.081 2.094 6
0192 pf 45 0.153 1.014 1.026 6
0192 pf 46 0.573 1.289 1.410 6
0192 pf 47 -0.251 0.924 0.957 7
0192 pf 48 0.590 0.923 1.095 6
0192 pf 49 0.307 2.181 2.203 6
0192 pf 50 -0.378 1.094 1.157 7
0216 em 00 0.118 1.508 1.513 6
0216 cf 00 0.193 1.161 1.177 6
0216 pf 01 0.524 0.745 0.911 6
0216 pf 02 -0.482 2.433 2.480 7
0216 pf 03 -0.538 1.660 1.745 7
0216 pf 04 0.872 0.566 1.040 5
0216 pf 05 -0.066 1.600 1.601 7
0216 pf 06 0.646 2.141 2.237 6
0216 pf 07 -0.012 1.868 1.868 7
0216 pf 08 -0.202 1.506 1.520 7
0216 pf 09 -0.181 0.484 0.516 7
0216 pf 10 0.694 1.562 1.710 6
0216 pf 11 1.298 1.201 1.769 5
0216 pf 12 0.045 1.668 1.668 6
0216 pf 13 0.004 2.145 2.145 6
0216 pf 14 0.142 1.260 1.268 6
0216 pf 15 0.881 1.155 1.453 6
0216 pf 16 0.209 1.502 1.516 6
0216 pf 17 -0.313 2.257 2.278 7
0216 pf 18 0.623 2.264 2.348 6
0216 pf 19 -0.034 0.816 0.817 7
0216 pf 20 0.773 1.516 1.702 6
0216 pf 21 0.285 1.692 1.716 6
0216 pf 22 -0.478 0.940 1.054 7
0216 pf 23 0.267 2.432 2.447 6
0216 pf 24 -0.765 1.208 1.430 7
0216 pf 25 0.061 0.176 0.186 6
0216 pf 26 0.518 2.017 2.082 6
0216 pf 27 -0.110 0.880 0.887 7
0216 pf 28 0.482 2.377 2.426 6
0216 pf 29 -0.393 1.754 1.797 7
0216 pf 30 0.317 2.983 3.000 6
0216 pf 31 0.396 0.925 1.007 6
0216 pf 32 0.014 2.077 2.077 6
0216 pf 33 -1.030 0.867 1.347 8
0216 pf 34 -0.136 2.407 2.411 7
0216 pf 35 0.674 1.552 1.692 6
0216 pf 36 0.160 1.132 1.143 6
0216 pf 37 -0.147 0.926 0.938 7
0216 pf 38 0.979 1.998 2.225 6
0216 pf 39 0.649 1.525 1.657 6
0216 pf 40 -0.754 2.217 2.342 7
0216 pf 41 0.363 0.829 0.905 6
0216 pf 42 0.028 1.945 1.945 6
0216 pf 43 0.676 1.183 1.362 6
0216 pf 44 -0.322 2.090 2.115 7
0216 pf 45 -0.094 0.987 0.991 7
0216 pf 46 0.206 1.150 1.169 6
0216 pf 47 -0.593 0.916 1.091 7
0216 pf 48 0.113 0.833 0.841 6
0216 pf 49 -0.310 2.293 2.314 7
0216 pf 50 -0.523 1.005 1.133 7
0240 em 00 -0.167 1.362 1.372 7
0240 cf 00 -0.209 0.934 0.957 7
0240 pf 01 -0.164 0.477 0.505 7
0240 pf 02 -0.736 2.137 2.260 7
0240 pf 03 -0.645 1.319 1.468 7
0240 pf 04 0.666 0.513 0.841 5
0240 pf 05 -0.524 1.593 1.676 7
0240 pf 06 0.594 2.364 2.437 6
0240 pf 07 -0.034 1.833 1.834 7
0240 pf 08 -0.390 1.341 1.396 7
0240 pf 09 -0.365 0.099 0.378 8
0240 pf 10 0.230 1.611 1.628 6
0240 pf 11 0.985 1.368 1.686 6
0240 pf 12 0.009 1.791 1.791 6
0240 pf 13 -0.603 2.393 2.468 7
0240 pf 14 -0.168 1.329 1.339 7
0240 pf 15 0.470 0.836 0.959 6
0240 pf 16 -0.448 1.376 1.447 7
0240 pf 17 -0.663 2.212 2.309 7
0240 pf 18 0.386 1.862 1.901 6
0240 pf 19 -0.590 0.332 0.677 8
0240 pf 20 0.621 1.437 1.565 6
0240 pf 21 -0.218 1.495 1.510 7
0240 pf 22 -0.226 0.790 0.822 7
0240 pf 23 0.050 2.472 2.472 6
0240 pf 24 -0.782 0.917 1.204 7
0240 pf 25 -0.015 0.377 0.377 7
0240 pf 26 0.153 2.082 2.087 6
0240 pf 27 -0.316 0.317 0.448 7
0240 pf 28 -0.011 2.411 2.411 7
0240 pf 29 -0.757 1.402 1.594 7
0240 pf 30 -0.343 2.923 2.943 7
0240 pf 31 0.105 0.558 0.568 6
0240 pf 32 -0.523 1.666 1.747 7
0240 pf 33 -1.300 0.464 1.381 8
0240 pf 34 -0.292 2.518 2.535 7
0240 pf 35 0.414 1.317 1.380 6
0240 pf 36 0.023 0.847 0.847 6
0240 pf 37 -0.380 0.758 0.848 7
0240 pf 38 0.512 1.863 1.932 6
0240 pf 39 0.364 1.456 1.501 6
0240 pf 40 -0.830 2.157 2.311 7
0240 pf 41 -0.281 0.548 0.616 7
0240 pf 42 0.190 1.939 1.948 6
0240 pf 43 0.334 1.072 1.123 6
0240 pf 44 -0.487 2.092 2.148 7
0240 pf 45 -0.328 0.813 0.877 7
0240 pf 46 0.057 0.948 0.950 6
0240 pf 47 -0.799 0.666 1.040 8
0240 pf 48 -0.096 0.874 0.879 7
0240 pf 49 -0.807 1.956 2.116 7
0240 pf 50 -0.700 0.564 0.899 8
0264 em 00 -0.388 1.175 1.238 7
0264 cf 00 -0.341 0.960 1.019 7
0264 pf 01 -0.657 0.525 0.841 8
0264 pf 02 -0.837 1.921 2.096 7
0264 pf 03 -0.420 1.012 1.096 7
0264 pf 04 0.544 0.114 0.556 5
0264 pf 05 -0.934 1.216 1.533 7
0264 pf 06 0.512 2.469 2.521 6
0264 pf 07 -0.070 1.402 1.403 7
0264 pf 08 -0.703 1.217 1.405 7
0264 pf 09 -0.287 -0.344 0.448 2
0264 pf 10 -0.492 1.317 1.406 7
0264 pf 11 0.413 1.492 1.548 6
0264 pf 12 -0.448 1.458 1.525 7
0264 pf 13 -0.646 2.435 2.519 7
0264 pf 14 -0.404 1.109 1.181 7
0264 pf 15 0.074 0.553 0.558 6
0264 pf 16 -0.882 1.112 1.420 7
0264 pf 17 -0.745 1.860 2.004 7
0264 pf 18 0.047 1.551 1.552 6
0264 pf 19 -0.738 0.299 0.797 8
0264 pf 20 0.027 1.225 1.226 6
0264 pf 21 -0.412 1.568 1.622 7
0264 pf 22 -0.318 0.625 0.702 7
0264 pf 23 -0.220 2.083 2.095 7
0264 pf 24 -0.715 0.326 0.785 8
0264 pf 25 -0.024 0.477 0.478 7
0264 pf 26 -0.127 1.943 1.947 7
0264 pf 27 -0.497 0.324 0.593 8
0264 pf 28 -0.686 2.359 2.457 7
0264 pf 29 -0.777 1.050 1.306 7
0264 pf 30 -0.648 2.649 2.727 7
0264 pf 31 -0.093 0.372 0.384 7
0264 pf 32 -0.729 1.661 1.814 7
0264 pf 33 -1.482 0.097 1.485 8
0264 pf 34 -0.359 2.383 2.410 7
0264 pf 35 0.008 1.027 1.027 6
0264 pf 36 -0.213 0.687 0.719 7
0264 pf 37 -0.464 0.653 0.801 7
0264 pf 38 0.399 1.590 1.639 6
0264 pf 39 0.096 1.466 1.469 6
0264 pf 40 -0.865 2.033 2.209 7
0264 pf 41 -0.641 0.346 0.729 8
0264 pf 42 -0.027 1.946 1.946 7
0264 pf 43 0.088 0.858 0.862 6
0264 pf 44 -0.682 2.028 2.139 7
0264 pf 45 -0.339 0.726 0.801 7
0264 pf 46 -0.230 0.799 0.832 7
0264 pf 47 -0.945 0.402 1.027 8
0264 pf 48 -0.047 1.031 1.032 7
0264 pf 49 -1.317 1.552 2.035 7
0264 pf 50 -0.834 -0.059 0.836 1
0288 em 00 -0.440 0.908 1.009 7
0288 cf 00 -0.187 1.021 1.038 7
0288 pf 01 -0.911 0.578 1.078 8
0288 pf 02 -0.848 1.728 1.925 7
0288 pf 03 -0.100 0.431 0.443 7
0288 pf 04 0.346 -0.318 0.470 4
0288 pf 05 -1.100 0.950 1.453 8
0288 pf 06 0.285 2.528 2.544 6
0288 pf 07 -0.079 0.781 0.785 7
0288 pf 08 -0.847 1.194 1.464 7
0288 pf 09 0.309 -0.590 0.666 3
0288 pf 10 -0.708 0.952 1.186 7
0288 pf 11 -0.022 1.457 1.457 7
0288 pf 12 -0.756 1.393 1.585 7
0288 pf 13 -0.531 2.140 2.205 7
0288 pf 14 -0.408 0.584 0.712 7
0288 pf 15 0.072 0.112 0.133 6
0288 pf 16 -0.892 0.915 1.278 7
0288 pf 17 -0.939 1.536 1.800 7
0288 pf 18 -0.313 1.305 1.342 7
0288 pf 19 -0.663 0.015 0.664 8
0288 pf 20 -0.444 1.061 1.150 7
0288 pf 21 -0.394 1.096 1.165 7
0288 pf 22 -0.209 0.476 0.520 7
0288 pf 23 -0.544 1.954 2.028 7
0288 pf 24 -0.661 -0.212 0.694 1
0288 pf 25 0.015 0.325 0.325 6
0288 pf 26 -0.470 1.676 1.741 7
0288 pf 27 -0.327 -0.082 0.337 1
0288 pf 28 -0.541 2.229 2.294 7
0288 pf 29 -0.752 0.765 1.072 7
0288 pf 30 -0.674 2.194 2.295 7
0288 pf 31 -0.120 0.047 0.129 8
0288 pf 32 -0.801 1.506 1.706 7
0288 pf 33 -1.287 -0.177 1.300 1
0288 pf 34 -0.494 2.112 2.169 7
0288 pf 35 -0.067 0.893 0.896 7
0288 pf 36 -0.649 0.424 0.775 8
0288 pf 37 -0.918 0.411 1.006 8
0288 pf 38 0.370 1.138 1.197 6
0288 pf 39 0.042 1.364 1.365 6
0288 pf 40 -0.945 1.643 1.895 7
0288 pf 41 -0.501 -0.009 0.501 1
0288 pf 42 0.059 2.156 2.157 6
0288 pf 43 0.040 0.506 0.507 6
0288 pf 44 -0.793 1.989 2.141 7
0288 pf 45 -0.351 0.336 0.486 8
0288 pf 46 -0.308 0.539 0.621 7
0288 pf 47 -0.559 -0.057 0.562 1
0288 pf 48 -0.133 0.709 0.721 7
0288 pf 49 -1.316 1.259 1.821 8
0288 pf 50 -0.850 -0.520 0.996 1
0312 em 00 -0.423 0.682 0.802 7
0312 cf 00 -0.323 0.939 0.993 7
0312 pf 01 -1.055 0.373 1.119 8
0312 pf 02 -1.103 1.584 1.930 7
0312 pf 03 -0.060 0.306 0.312 7
0312 pf 04 0.187 -0.490 0.525 3
0312 pf 05 -1.043 0.754 1.286 8
0312 pf 06 0.097 2.475 2.477 6
0312 pf 07 -0.366 0.626 0.725 7
0312 pf 08 -0.946 1.039 1.405 7
0312 pf 09 0.536 -0.812 0.973 3
0312 pf 10 -0.823 0.742 1.108 8
0312 pf 11 -0.017 1.088 1.088 7
0312 pf 12 -0.805 1.290 1.521 7
0312 pf 13 -0.712 1.989 2.113 7
0312 pf 14 -0.222 0.312 0.383 7
0312 pf 15 0.035 -0.276 0.278 3
0312 pf 16 -0.412 0.403 0.576 8
0312 pf 17 -1.160 1.289 1.734 7
0312 pf 18 -0.286 1.049 1.087 7
0312 pf 19 -0.417 -0.130 0.437 1
0312 pf 20 -0.561 0.731 0.921 7
0312 pf 21 -0.268 0.974 1.010 7
0312 pf 22 0.024 0.410 0.411 6
0312 pf 23 -0.444 1.868 1.920 7
0312 pf 24 -0.628 -0.496 0.800 1
0312 pf 25 0.162 -0.018 0.163 4
0312 pf 26 -0.411 1.290 1.354 7
0312 pf 27 -0.317 -0.192 0.371 1
0312 pf 28 -0.678 1.887 2.005 7
0312 pf 29 -0.829 0.638 1.046 8
0312 pf 30 -0.969 1.631 1.897 7
0312 pf 31 -0.089 -0.504 0.512 2
0312 pf 32 -0.726 1.294 1.484 7
0312 pf 33 -0.950 -0.786 1.233 1
0312 pf 34 -0.772 1.710 1.876 7
0312 pf 35 -0.088 1.048 1.051 7
0312 pf 36 -0.734 0.157 0.750 8
0312 pf 37 -0.792 0.298 0.846 8
0312 pf 38 0.233 1.249 1.271 6
0312 pf 39 -0.011 0.983 0.983 7
0312 pf 40 -0.981 1.577 1.858 7
0312 pf 41 -0.557 -0.285 0.626 1
0312 pf 42 -0.022 2.251 2.251 7
0312 pf 43 0.523 0.098 0.532 5
0312 pf 44 -0.724 1.906 2.039 7
0312 pf 45 -0.239 0.038 0.242 8
0312 pf 46 -0.153 0.341 0.373 7
0312 pf 47 -0.548 -0.470 0.722 1
0312 pf 48 -0.073 0.328 0.336 7
0312 pf 49 -1.312 1.137 1.736 8
0312 pf 50 -0.255 -0.793 0.833 2
0336 em 00 -0.393 0.526 0.656 7
0336 cf 00 -0.410 0.835 0.930 7
0336 pf 01 -0.867 0.018 0.867 8
0336 pf 02 -1.449 1.669 2.210 7
0336 pf 03 0.005 0.360 0.360 6
0336 pf 04 0.320 -0.627 0.704 3
0336 pf 05 -0.918 0.498 1.044 8
0336 pf 06 -0.300 2.612 2.629 7
0336 pf 07 -0.589 0.544 0.802 8
0336 pf 08 -1.075 1.154 1.577 7
0336 pf 09 0.353 -0.868 0.938 3
0336 pf 10 -0.848 0.269 0.889 8
0336 pf 11 -0.283 0.541 0.610 7
0336 pf 12 -0.582 0.977 1.137 7
0336 pf 13 -0.827 1.680 1.872 7
0336 pf 14 0.075 0.361 0.369 6
0336 pf 15 0.489 -0.115 0.502 4
0336 pf 16 -0.391 0.159 0.422 8
0336 pf 17 -0.949 0.850 1.274 8
0336 pf 18 -0.063 0.698 0.701 7
0336 pf 19 -0.195 -0.322 0.376 2
0336 pf 20 -0.319 0.599 0.678 7
0336 pf 21 -0.217 0.803 0.832 7
0336 pf 22 -0.083 0.460 0.467 7
0336 pf 23 -0.505 1.894 1.960 7
0336 pf 24 -0.576 -0.816 0.999 2
0336 pf 25 0.179 -0.134 0.224 4
0336 pf 26 -0.154 1.512 1.520 7
0336 pf 27 -0.241 -0.545 0.596 2
0336 pf 28 -0.441 1.493 1.557 7
0336 pf 29 -1.090 0.578 1.234 8
0336 pf 30 -1.253 1.178 1.720 8
0336 pf 31 -0.116 -0.754 0.763 2
0336 pf 32 -0.439 1.338 1.408 7
0336 pf 33 -0.493 -0.937 1.059 2
0336 pf 34 -0.950 1.087 1.444 7
0336 pf 35 0.059 0.700 0.703 6
0336 pf 36 -0.678 -0.256 0.725 1
0336 pf 37 -0.712 0.282 0.766 8
0336 pf 38 0.046 1.366 1.367 6
0336 pf 39 -0.027 0.575 0.576 7
0336 pf 40 -1.255 1.711 2.122 7
0336 pf 41 -0.678 -0.327 0.753 1
0336 pf 42 -0.076 2.170 2.171 7
0336 pf 43 0.704 -0.013 0.705 4
0336 pf 44 -0.790 1.725 1.897 7
0336 pf 45 -0.398 0.013 0.398 8
0336 pf 46 0.019 0.123 0.124 6
0336 pf 47 -0.676 -0.533 0.861 1
0336 pf 48 0.063 0.078 0.100 6
0336 pf 49 -1.087 0.914 1.420 8
0336 pf 50 0.035 -0.695 0.696 3
0360 em 00 -0.375 0.415 0.559 7
0360 cf 00 -0.514 0.686 0.858 7
0360 pf 01 -0.810 0.020 0.810 8
0360 pf 02 -1.892 1.523 2.428 8
0360 pf 03 0.284 0.159 0.326 5
0360 pf 04 0.350 -0.405 0.535 3
0360 pf 05 -0.674 0.339 0.755 8
0360 pf 06 -0.920 2.549 2.710 7
0360 pf 07 -0.800 0.403 0.896 8
0360 pf 08 -0.910 1.248 1.544 7
0360 pf 09 0.227 -0.457 0.511 3
0360 pf 10 -0.899 -0.282 0.942 1
0360 pf 11 -0.513 0.494 0.712 8
0360 pf 12 -0.808 0.662 1.045 8
0360 pf 13 -0.732 1.561 1.724 7
0360 pf 14 -0.060 0.350 0.355 7
0360 pf 15 0.579 -0.092 0.586 4
0360 pf 16 -0.383 0.179 0.423 8
0360 pf 17 -0.239 0.444 0.504 7
0360 pf 18 0.061 0.530 0.534 6
0360 pf 19 -0.031 -0.479 0.480 2
0360 pf 20 -0.313 0.351 0.470 7
0360 pf 21 -0.137 0.447 0.468 7
0360 pf 22 -0.188 0.612 0.641 7
0360 pf 23 -0.764 1.968 2.111 7
0360 pf 24 -0.326 -0.869 0.929 2
0360 pf 25 0.282 -0.290 0.404 3
0360 pf 26 -0.432 1.164 1.242 7
0360 pf 27 0.083 -0.834 0.839 3
0360 pf 28 -0.583 1.297 1.422 7
0360 pf 29 -1.194 0.392 1.256 8
0360 pf 30 -1.050 1.149 1.557 7
0360 pf 31 0.016 -0.648 0.648 3
0360 pf 32 -0.719 1.530 1.690 7
0360 pf 33 -0.234 -0.956 0.985 2
0360 pf 34 -1.011 0.593 1.172 8
0360 pf 35 0.034 0.701 0.702 6
0360 pf 36 -0.806 -0.643 1.031 1
0360 pf 37 -0.714 0.299 0.774 8
0360 pf 38 -0.113 1.498 1.502 7
0360 pf 39 -0.088 0.205 0.223 7
0360 pf 40 -1.267 1.869 2.258 7
0360 pf 41 -0.730 -0.470 0.869 1
0360 pf 42 -0.255 1.964 1.980 7
0360 pf 43 0.925 0.077 0.929 5
0360 pf 44 -0.724 1.599 1.755 7
0360 pf 45 -0.229 -0.122 0.259 1
0360 pf 46 0.006 0.215 0.215 6
0360 pf 47 -0.523 -0.897 1.039 2
0360 pf 48 0.366 -0.252 0.444 4
0360 pf 49 -0.702 0.495 0.859 8
0360 pf 50 0.228 -0.695 0.731 3
0384 em 00 -0.333 0.348 0.481 7
0384 cf 00 -0.660 0.608 0.897 8
0384 pf 01 -0.880 -0.022 0.880 1
0384 pf 02 -2.335 1.658 2.864 8
0384 pf 03 0.356 0.318 0.477 5
0384 pf 04 0.076 -0.494 0.500 3
0384 pf 05 -0.716 0.370 0.806 8
0384 pf 06 -1.061 2.469 2.687 7
0384 pf 07 -0.968 0.097 0.973 8
0384 pf 08 -0.659 1.008 1.204 7
0384 pf 09 0.282 -0.320 0.426 3
0384 pf 10 -0.805 -0.330 0.870 1
0384 pf 11 -0.740 -0.092 0.746 1
0384 pf 12 -0.899 0.633 1.099 8
0384 pf 13 -0.969 1.573 1.848 7
0384 pf 14 -0.354 0.395 0.531 7
0384 pf 15 0.753 -0.176 0.773 4
0384 pf 16 -0.435 0.901 1.000 7
0384 pf 17 -0.211 0.735 0.764 7
0384 pf 18 0.411 0.636 0.757 6
0384 pf 19 0.093 -0.546 0.554 3
0384 pf 20 -0.172 -0.040 0.176 1
0384 pf 21 -0.167 0.510 0.536 7
0384 pf 22 -0.519 0.807 0.959 7
0384 pf 23 -0.744 1.627 1.789 7
0384 pf 24 0.259 -0.757 0.800 3
0384 pf 25 0.531 0.047 0.533 5
0384 pf 26 -0.289 0.688 0.747 7
0384 pf 27 0.410 -1.171 1.241 3
0384 pf 28 -0.645 0.976 1.170 7
0384 pf 29 -1.251 0.104 1.255 8
0384 pf 30 -0.588 0.835 1.021 7
0384 pf 31 0.440 -0.410 0.601 4
0384 pf 32 -0.817 0.998 1.290 7
0384 pf 33 0.215 -1.057 1.079 3
0384 pf 34 -0.966 0.513 1.094 8
0384 pf 35 -0.239 1.048 1.074 7
0384 pf 36 -0.845 -0.767 1.141 1
0384 pf 37 -0.727 0.166 0.745 8
0384 pf 38 0.020 1.662 1.662 6
0384 pf 39 -0.208 0.226 0.307 7
0384 pf 40 -1.177 1.615 1.998 7
0384 pf 41 -0.641 -0.849 1.064 2
0384 pf 42 -0.453 1.667 1.728 7
0384 pf 43 1.009 0.137 1.018 5
0384 pf 44 -0.614 1.478 1.601 7
0384 pf 45 -0.081 0.053 0.096 8
0384 pf 46 0.125 0.323 0.347 6
0384 pf 47 -0.306 -1.206 1.244 2
0384 pf 48 0.543 -0.258 0.601 4
0384 pf 49 -0.437 0.238 0.498 8
0384 pf 50 0.291 -1.000 1.041 3
0408 em 00 -0.337 0.248 0.418 8
0408 cf 00 -0.814 0.508 0.959 8
0408 pf 01 -0.902 -0.378 0.978 1
0408 pf 02 -2.249 1.199 2.548 8
0408 pf 03 0.014 0.688 0.688 6
0408 pf 04 0.002 -0.566 0.566 3
0408 pf 05 -0.731 0.119 0.740 8
0408 pf 06 -1.816 2.336 2.959 7
0408 pf 07 -0.711 -0.098 0.717 1
0408 pf 08 -0.768 0.621 0.988 8
0408 pf 09 0.420 -0.310 0.522 4
0408 pf 10 -0.871 -0.270 0.912 1
0408 pf 11 -0.878 -0.428 0.976 1
0408 pf 12 -1.199 0.647 1.362 8
0408 pf 13 -1.067 1.294 1.677 7
0408 pf 14 -0.608 0.242 0.655 8
0408 pf 15 0.614 0.131 0.628 5
0408 pf 16 -0.397 1.058 1.130 7
0408 pf 17 -0.179 0.676 0.699 7
0408 pf 18 0.449 0.480 0.658 6
0408 pf 19 0.286 -0.885 0.930 3
0408 pf 20 0.082 -0.374 0.383 3
0408 pf 21 -0.021 0.453 0.454 7
0408 pf 22 -0.735 0.639 0.974 8
0408 pf 23 -1.015 1.558 1.860 7
0408 pf 24 0.502 -0.763 0.914 3
0408 pf 25 0.938 0.262 0.973 5
0408 pf 26 0.112 0.432 0.446 6
0408 pf 27 0.500 -1.605 1.681 3
0408 pf 28 -0.719 1.167 1.371 7
0408 pf 29 -1.030 -0.386 1.100 1
0408 pf 30 -0.159 0.633 0.652 7
0408 pf 31 0.598 -0.270 0.657 4
0408 pf 32 -0.907 0.556 1.064 8
0408 pf 33 0.453 -0.802 0.921 3
0408 pf 34 -1.238 0.710 1.427 8
0408 pf 35 -0.431 1.171 1.248 7
0408 pf 36 -0.846 -0.964 1.283 2
0408 pf 37 -0.864 -0.219 0.892 1
0408 pf 38 -0.012 1.533 1.533 7
0408 pf 39 -0.243 0.134 0.278 8
0408 pf 40 -1.601 1.435 2.150 8
0408 pf 41 -0.495 -0.966 1.085 2
0408 pf 42 -0.818 1.507 1.715 7
0408 pf 43 0.893 0.130 0.902 5
0408 pf 44 -0.363 1.384 1.430 7
0408 pf 45 0.061 -0.118 0.133 3
0408 pf 46 0.105 0.447 0.459 6
0408 pf 47 -0.312 -1.343 1.379 2
0408 pf 48 0.788 0.112 0.796 5
0408 pf 49 -0.197 0.259 0.326 7
0408 pf 50 0.477 -1.230 1.319 3
0432 em 00 -0.415 0.205 0.463 8
0432 cf 00 -0.981 0.519 1.110 8
0432 pf 01 -1.239 -0.568 1.363 1
0432 pf 02 -2.187 0.565 2.259 8
0432 pf 03 -0.107 0.842 0.849 7
0432 pf 04 0.256 -0.538 0.596 3
0432 pf 05 -0.706 0.057 0.708 8
0432 pf 06 -2.518 2.445 3.510 8
0432 pf 07 -0.532 -0.385 0.657 1
0432 pf 08 -1.212 0.241 1.236 8
0432 pf 09 0.378 -0.177 0.417 4
0432 pf 10 -0.666 0.030 0.667 8
0432 pf 11 -1.047 -0.804 1.320 1
0432 pf 12 -1.132 0.493 1.235 8
0432 pf 13 -0.925 0.836 1.247 8
0432 pf 14 -0.800 0.146 0.813 8
0432 pf 15 0.465 0.452 0.649 5
0432 pf 16 -0.782 1.038 1.300 7
0432 pf 17 -0.429 0.539 0.689 7
0432 pf 18 0.869 0.476 0.990 5
0432 pf 19 0.020 -0.636 0.636 3
0432 pf 20 0.287 -0.349 0.452 3
0432 pf 21 -0.019 0.466 0.466 7
0432 pf 22 -0.957 0.660 1.162 8
0432 pf 23 -1.526 1.457 2.110 8
0432 pf 24 0.741 -0.756 1.059 3
0432 pf 25 1.074 -0.050 1.075 4
0432 pf 26 0.137 0.448 0.468 6
0432 pf 27 0.789 -1.802 1.967 3
0432 pf 28 -0.729 1.370 1.552 7
0432 pf 29 -1.032 -0.787 1.298 1
0432 pf 30 -0.236 0.700 0.739 7
0432 pf 31 0.580 0.085 0.586 5
0432 pf 32 -0.847 0.486 0.977 8
0432 pf 33 0.627 -0.507 0.806 4
0432 pf 34 -1.652 0.607 1.760 8
0432 pf 35 -0.764 0.997 1.256 7
0432 pf 36 -0.766 -1.085 1.329 2
0432 pf 37 -0.974 -0.419 1.060 1
0432 pf 38 -0.045 1.915 1.916 7
0432 pf 39 -0.623 -0.008 0.623 1
0432 pf 40 -1.713 1.333 2.170 8
0432 pf 41 -0.415 -0.997 1.080 2
0432 pf 42 -1.130 1.377 1.782 7
0432 pf 43 0.402 -0.035 0.403 4
0432 pf 44 -0.446 0.834 0.946 7
0432 pf 45 0.029 -0.043 0.052 3
0432 pf 46 -0.434 0.438 0.617 7
0432 pf 47 -0.078 -1.541 1.542 2
0432 pf 48 0.923 0.597 1.099 5
0432 pf 49 -0.117 0.656 0.667 7
0432 pf 50 0.393 -1.354 1.410 3
0456 em 00 -0.456 0.165 0.485 8
0456 cf 00 -1.349 0.591 1.473 8
0456 pf 01 -1.421 -0.931 1.698 1
0456 pf 02 -1.971 0.413 2.014 8
0456 pf 03 -0.161 0.893 0.908 7
0456 pf 04 0.308 -0.444 0.540 3
0456 pf 05 -1.025 -0.355 1.085 1
0456 pf 06 -2.805 2.266 3.606 8
0456 pf 07 -0.425 -0.502 0.658 2
0456 pf 08 -1.346 0.006 1.346 8
0456 pf 09 0.135 -0.228 0.265 3
0456 pf 10 -0.314 0.264 0.410 8
0456 pf 11 -1.053 -1.133 1.546 2
0456 pf 12 -1.040 0.189 1.057 8
0456 pf 13 -0.911 0.712 1.156 8
0456 pf 14 -1.005 0.047 1.006 8
0456 pf 15 0.147 0.408 0.434 6
0456 pf 16 -1.178 1.007 1.550 8
0456 pf 17 -0.689 0.702 0.983 7
0456 pf 18 0.951 0.298 0.996 5
0456 pf 19 -0.029 -0.253 0.255 2
0456 pf 20 0.603 -0.041 0.604 4
0456 pf 21 0.080 0.701 0.705 6
0456 pf 22 -1.080 0.155 1.091 8
0456 pf 23 -1.745 1.221 2.130 8
0456 pf 24 0.909 -0.530 1.053 4
0456 pf 25 1.064 -0.433 1.149 4
0456 pf 26 0.409 0.349 0.538 5
0456 pf 27 1.146 -1.608 1.975 3
0456 pf 28 -0.987 1.313 1.643 7
0456 pf 29 -1.014 -0.938 1.381 1
0456 pf 30 -0.633 1.016 1.197 7
0456 pf 31 0.251 0.476 0.538 6
0456 pf 32 -0.523 0.497 0.722 8
0456 pf 33 0.569 -0.394 0.692 4
0456 pf 34 -1.870 0.352 1.903 8
0456 pf 35 -1.003 0.706 1.227 8
0456 pf 36 -0.759 -1.261 1.472 2
0456 pf 37 -0.515 -0.359 0.628 1
0456 pf 38 -0.331 2.180 2.205 7
0456 pf 39 -0.869 -0.160 0.884 1
0456 pf 40 -1.781 1.112 2.100 8
0456 pf 41 -0.376 -0.906 0.981 2
0456 pf 42 -1.267 1.167 1.722 8
0456 pf 43 0.125 -0.169 0.210 3
0456 pf 44 -0.322 0.547 0.635 7
0456 pf 45 0.024 0.056 0.061 6
0456 pf 46 -0.238 0.407 0.472 7
0456 pf 47 0.314 -1.445 1.479 3
0456 pf 48 0.658 0.504 0.828 5
0456 pf 49 -0.005 0.855 0.855 7
0456 pf 50 0.461 -1.219 1.304 3
0480 em 00 -0.462 0.140 0.483 8
0480 cf 00 -1.241 0.726 1.438 8
0480 pf 01 -1.042 -1.070 1.494 2
0480 pf 02 -1.755 0.241 1.772 8
0480 pf 03 -0.213 1.002 1.024 7
0480 pf 04 0.274 -0.132 0.304 4
0480 pf 05 -0.934 -0.703 1.169 1
0480 pf 06 -3.051 2.029 3.664 8
0480 pf 07 -0.531 -0.423 0.679 1
0480 pf 08 -1.353 0.113 1.358 8
0480 pf 09 0.270 -0.058 0.276 4
0480 pf 10 -0.291 0.220 0.365 8
0480 pf 11 -1.018 -1.018 1.440 2
0480 pf 12 -0.917 0.005 0.917 8
0480 pf 13 -0.626 0.654 0.905 7
0480 pf 14 -1.091 -0.113 1.097 1
0480 pf 15 -0.237 0.101 0.258 8
0480 pf 16 -1.315 1.087 1.706 8
0480 pf 17 -1.093 0.954 1.451 8
0480 pf 18 0.890 0.521 1.031 5
0480 pf 19 0.140 -0.245 0.282 3
0480 pf 20 0.690 -0.077 0.695 4
0480 pf 21 0.183 0.651 0.676 6
0480 pf 22 -1.375 -0.044 1.376 1
0480 pf 23 -1.573 0.771 1.751 8
0480 pf 24 1.214 -0.314 1.254 4
0480 pf 25 1.078 -0.800 1.343 4
0480 pf 26 0.635 -0.022 0.635 4
0480 pf 27 1.529 -1.293 2.002 4
0480 pf 28 -1.472 1.394 2.027 8
0480 pf 29 -0.921 -1.141 1.466 2
0480 pf 30 -0.684 1.370 1.532 7
0480 pf 31 -0.159 0.891 0.905 7
0480 pf 32 -0.665 0.536 0.854 8
0480 pf 33 0.338 -0.346 0.484 3
0480 pf 34 -1.809 -0.103 1.812 1
0480 pf 35 -0.717 0.030 0.718 8
0480 pf 36 -0.644 -1.094 1.270 2
0480 pf 37 -0.561 -0.091 0.569 1
0480 pf 38 -0.515 2.232 2.291 7
0480 pf 39 -0.534 -0.204 0.571 1
0480 pf 40 -1.956 0.870 2.141 8
0480 pf 41 -0.369 -1.234 1.288 2
0480 pf 42 -1.099 1.133 1.578 7
0480 pf 43 -0.130 -0.243 0.276 2
0480 pf 44 -0.759 0.552 0.938 8
0480 pf 45 -0.135 0.108 0.173 8
0480 pf 46 -0.057 0.528 0.531 7
0480 pf 47 0.305 -1.148 1.188 3
0480 pf 48 0.490 0.448 0.664 5
0480 pf 49 -0.168 0.492 0.520 7
0480 pf 50 0.619 -1.018 1.191 3
0504 em 00 -0.448 0.024 0.448 8
0504 cf 00 -0.938 0.593 1.110 8
0504 pf 01 -0.934 -1.159 1.489 2
0504 pf 02 -1.541 -0.265 1.563 1
0504 pf 03 -0.350 0.914 0.979 7
0504 pf 04 0.276 -0.306 0.412 3
0504 pf 05 -0.752 -0.371 0.839 1
0504 pf 06 -3.431 1.487 3.739 8
0504 pf 07 -0.740 -0.638 0.977 1
0504 pf 08 -1.151 -0.029 1.152 1
0504 pf 09 0.340 -0.221 0.405 4
0504 pf 10 -0.048 0.030 0.056 8
0504 pf 11 -0.523 -0.961 1.094 2
0504 pf 12 -0.723 -0.341 0.799 1
0504 pf 13 -0.374 0.254 0.452 8
0504 pf 14 -1.151 -0.151 1.161 1
0504 pf 15 -0.227 0.127 0.260 8
0504 pf 16 -1.127 1.135 1.600 7
0504 pf 17 -1.469 0.739 1.645 8
0504 pf 18 1.002 0.570 1.153 5
0504 pf 19 0.291 -0.280 0.404 4
0504 pf 20 0.858 -0.147 0.870 4
0504 pf 21 0.257 0.465 0.531 6
0504 pf 22 -1.637 -0.382 1.681 1
0504 pf 23 -1.624 0.293 1.650 8
0504 pf 24 1.217 -0.348 1.266 4
0504 pf 25 0.687 -0.775 1.035 3
0504 pf 26 0.721 -0.053 0.723 4
0504 pf 27 2.076 -1.133 2.365 4
0504 pf 28 -1.901 1.562 2.460 8
0504 pf 29 -0.458 -1.122 1.212 2
0504 pf 30 -0.671 1.315 1.476 7
0504 pf 31 -0.262 0.801 0.843 7
0504 pf 32 -0.752 0.601 0.963 8
0504 pf 33 -0.133 -0.569 0.585 2
0504 pf 34 -1.631 -0.278 1.654 1
0504 pf 35 -0.435 -0.290 0.522 1
0504 pf 36 -0.552 -1.166 1.290 2
0504 pf 37 -0.687 -0.353 0.772 1
0504 pf 38 -0.511 1.740 1.814 7
0504 pf 39 -0.599 -0.176 0.624 1
0504 pf 40 -2.319 0.324 2.341 8
0504 pf 41 -0.388 -1.278 1.335 2
0504 pf 42 -0.857 1.058 1.362 7
0504 pf 43 -0.112 -0.343 0.361 2
0504 pf 44 -0.985 0.240 1.014 8
0504 pf 45 -0.189 0.176 0.258 8
0504 pf 46 -0.116 0.532 0.544 7
0504 pf 47 0.377 -1.036 1.102 3
0504 pf 48 0.327 0.534 0.626 6
0504 pf 49 -0.397 0.319 0.510 8
0504 pf 50 0.707 -0.953 1.187 3
0528 em 00 -0.432 -0.070 0.437 1
0528 cf 00 -0.741 0.219 0.772 8
0528 pf 01 -0.918 -1.217 1.524 2
0528 pf 02 -1.582 -0.735 1.745 1
0528 pf 03 -0.374 0.911 0.985 7
0528 pf 04 0.312 -0.224 0.384 4
0528 pf 05 -0.404 -0.249 0.474 1
0528 pf 06 -3.902 0.916 4.008 8
0528 pf 07 -0.717 -0.542 0.898 1
0528 pf 08 -1.009 -0.126 1.017 1
0528 pf 09 0.310 -0.114 0.330 4
0528 pf 10 0.010 0.118 0.119 6
0528 pf 11 -0.505 -0.958 1.083 2
0528 pf 12 -0.484 -0.780 0.918 2
0528 pf 13 -0.005 0.030 0.030 7
0528 pf 14 -1.033 -0.233 1.059 1
0528 pf 15 -0.177 0.257 0.312 7
0528 pf 16 -1.001 1.198 1.561 7
0528 pf 17 -1.694 0.453 1.754 8
0528 pf 18 0.882 0.329 0.941 5
0528 pf 19 0.415 -0.142 0.438 4
0528 pf 20 0.698 -0.249 0.741 4
0528 pf 21 0.802 0.488 0.939 5
0528 pf 22 -1.782 -0.865 1.981 1
0528 pf 23 -1.734 -0.016 1.734 1
0528 pf 24 1.404 -0.257 1.428 4
0528 pf 25 0.499 -0.918 1.045 3
0528 pf 26 0.228 0.224 0.320 5
0528 pf 27 2.555 -0.813 2.681 4
0528 pf 28 -1.980 1.488 2.476 8
0528 pf 29 -0.100 -0.845 0.851 2
0528 pf 30 -0.808 1.052 1.327 7
0528 pf 31 -0.627 0.814 1.028 7
0528 pf 32 -0.544 0.569 0.788 7
0528 pf 33 -0.477 -0.544 0.723 2
0528 pf 34 -1.550 -0.600 1.662 1
0528 pf 35 -0.296 -0.377 0.479 2
0528 pf 36 -0.311 -1.249 1.288 2
0528 pf 37 -0.458 -0.465 0.653 2
0528 pf 38 -0.804 1.239 1.477 7
0528 pf 39 -0.463 -0.274 0.537 1
0528 pf 40 -2.235 0.001 2.235 8
0528 pf 41 -0.267 -1.072 1.105 2
0528 pf 42 -0.842 1.040 1.338 7
0528 pf 43 0.174 -0.592 0.617 3
0528 pf 44 -1.164 0.025 1.164 8
0528 pf 45 -0.602 0.440 0.746 8
0528 pf 46 -0.245 0.040 0.249 8
0528 pf 47 0.331 -1.351 1.391 3
0528 pf 48 -0.023 0.105 0.107 7
0528 pf 49 -0.210 0.381 0.435 7
0528 pf 50 0.835 -0.706 1.094 4
0552 em 00 -0.422 -0.126 0.440 1
0552 cf 00 -0.882 0.011 0.882 8
0552 pf 01 -0.941 -1.334 1.632 2
0552 pf 02 -1.274 -0.904 1.562 1
0552 pf 03 -0.231 1.042 1.067 7
0552 pf 04 0.159 0.059 0.170 5
0552 pf 05 -0.105 -0.338 0.354 2
0552 pf 06 -3.921 0.522 3.956 8
0552 pf 07 -0.449 -0.743 0.868 2
0552 pf 08 -1.274 -0.193 1.289 1
0552 pf 09 0.502 -0.303 0.586 4
0552 pf 10 -0.123 0.129 0.178 7
0552 pf 11 -0.416 -0.815 0.915 2
0552 pf 12 -0.229 -1.431 1.449 2
0552 pf 13 0.097 -0.029 0.101 4
0552 pf 14 -0.980 -0.388 1.054 1
0552 pf 15 -0.003 0.269 0.269 7
0552 pf 16 -1.098 0.859 1.394 8
0552 pf 17 -1.453 -0.064 1.454 1
0552 pf 18 0.729 0.047 0.730 5
0552 pf 19 0.664 0.341 0.746 5
0552 pf 20 0.129 -0.082 0.153 4
0552 pf 21 0.821 0.799 1.145 5
0552 pf 22 -2.056 -1.142 2.352 1
0552 pf 23 -1.708 0.028 1.708 8
0552 pf 24 1.039 0.051 1.040 5
0552 pf 25 0.561 -1.042 1.183 3
0552 pf 26 -0.203 0.651 0.682 7
0552 pf 27 2.380 -0.125 2.383 4
0552 pf 28 -2.242 1.526 2.712 8
0552 pf 29 0.067 -0.471 0.476 3
0552 pf 30 -1.171 0.829 1.435 8
0552 pf 31 -0.857 0.599 1.045 8
0552 pf 32 -0.241 0.421 0.485 7
0552 pf 33 -0.514 -0.638 0.819 2
0552 pf 34 -1.418 -0.720 1.590 1
0552 pf 35 -0.232 -0.327 0.400 2
0552 pf 36 0.213 -1.132 1.152 3
0552 pf 37 -0.116 -0.560 0.572 2
0552 pf 38 -1.328 0.798 1.550 8
0552 pf 39 -0.124 -0.094 0.156 1
0552 pf 40 -2.000 -0.759 2.139 1
0552 pf 41 -0.031 -0.962 0.963 2
0552 pf 42 -0.849 0.887 1.228 7
0552 pf 43 0.106 -0.667 0.676 3
0552 pf 44 -0.948 -0.188 0.966 1
0552 pf 45 -0.637 0.869 1.077 7
0552 pf 46 -0.201 -0.340 0.396 2
0552 pf 47 0.120 -1.775 1.779 3
0552 pf 48 0.091 0.222 0.240 6
0552 pf 49 -0.210 -0.039 0.213 1
0552 pf 50 0.830 -0.491 0.965 4
0576 em 00 -0.426 -0.209 0.474 1
0576 cf 00 -0.936 -0.171 0.951 1
0576 pf 01 -0.633 -1.427 1.561 2
0576 pf 02 -1.090 -1.054 1.516 1
0576 pf 03 -0.115 0.714 0.723 7
0576 pf 04 -0.183 0.349 0.394 7
0576 pf 05 -0.058 -0.543 0.546 2
0576 pf 06 -3.601 0.159 3.604 8
0576 pf 07 -0.389 -0.768 0.861 2
0576 pf 08 -1.230 -0.102 1.235 1
0576 pf 09 0.383 -0.325 0.503 4
0576 pf 10 -0.394 0.318 0.506 8
0576 pf 11 -0.419 -0.658 0.780 2
0576 pf 12 0.093 -1.687 1.690 3
0576 pf 13 0.186 0.056 0.195 5
0576 pf 14 -0.875 -0.564 1.041 1
0576 pf 15 0.330 0.319 0.459 5
0576 pf 16 -0.985 0.294 1.028 8
0576 pf 17 -0.760 -0.467 0.892 1
0576 pf 18 0.676 -0.156 0.694 4
0576 pf 19 0.863 0.511 1.003 5
0576 pf 20 -0.420 0.254 0.491 8
0576 pf 21 0.833 1.181 1.446 6
0576 pf 22 -2.011 -1.240 2.362 1
0576 pf 23 -1.769 -0.332 1.800 1
0576 pf 24 0.904 0.435 1.003 5
0576 pf 25 0.621 -0.952 1.136 3
0576 pf 26 -0.257 0.771 0.813 7
0576 pf 27 1.983 0.262 2.000 5
0576 pf 28 -2.891 1.427 3.224 8
0576 pf 29 0.120 -0.385 0.404 3
0576 pf 30 -1.400 0.471 1.477 8
0576 pf 31 -1.077 0.369 1.139 8
0576 pf 32 0.007 0.078 0.078 6
0576 pf 33 -0.607 -0.761 0.973 2
0576 pf 34 -1.412 -0.708 1.580 1
0576 pf 35 0.095 -0.532 0.540 3
0576 pf 36 -0.055 -1.352 1.353 2
0576 pf 37 0.238 -0.478 0.534 3
0576 pf 38 -1.846 0.563 1.930 8
0576 pf 39 0.052 -0.162 0.170 3
0576 pf 40 -1.773 -1.389 2.253 1
0576 pf 41 0.269 -0.811 0.855 3
0576 pf 42 -0.720 0.614 0.946 8
0576 pf 43 -0.279 -0.774 0.823 2
0576 pf 44 -0.473 -0.320 0.571 1
0576 pf 45 -0.892 0.904 1.270 7
0576 pf 46 -0.192 -0.236 0.304 2
0576 pf 47 0.019 -1.953 1.953 3
0576 pf 48 -0.286 0.011 0.286 8
0576 pf 49 -0.333 -0.606 0.691 2
0576 pf 50 0.672 -0.513 0.846 4
0600 em 00 -0.370 -0.291 0.471 1
0600 cf 00 -0.660 -0.406 0.775 1
0600 pf 01 -0.192 -1.593 1.604 2
0600 pf 02 -0.745 -1.394 1.581 2
0600 pf 03 -0.230 0.764 0.798 7
0600 pf 04 -0.433 0.108 0.447 8
0600 pf 05 0.190 -0.867 0.888 3
0600 pf 06 -3.296 -0.115 3.298 1
0600 pf 07 0.016 -1.021 1.021 3
0600 pf 08 -1.238 0.049 1.239 8
0600 pf 09 0.334 -0.126 0.357 4
0600 pf 10 -0.453 0.291 0.538 8
0600 pf 11 -0.403 -0.569 0.697 2
0600 pf 12 0.572 -1.556 1.658 3
0600 pf 13 0.017 0.215 0.216 6
0600 pf 14 -0.902 -0.645 1.109 1
0600 pf 15 0.466 0.105 0.478 5
0600 pf 16 -0.705 0.066 0.708 8
0600 pf 17 -0.136 -0.584 0.600 2
0600 pf 18 0.718 -0.126 0.729 4
0600 pf 19 0.707 0.785 1.057 6
0600 pf 20 -0.633 0.112 0.643 8
0600 pf 21 0.943 1.109 1.456 6
0600 pf 22 -1.588 -1.510 2.191 1
0600 pf 23 -1.677 -0.590 1.778 1
0600 pf 24 0.733 0.811 1.093 6
0600 pf 25 0.724 -1.288 1.478 3
0600 pf 26 -0.348 0.599 0.693 7
0600 pf 27 1.675 0.816 1.863 5
0600 pf 28 -2.838 1.411 3.170 8
0600 pf 29 -0.220 -0.688 0.722 2
0600 pf 30 -1.665 0.144 1.672 8
0600 pf 31 -1.220 -0.120 1.226 1
0600 pf 32 -0.146 0.129 0.195 8
0600 pf 33 -0.200 -0.844 0.868 2
0600 pf 34 -0.918 -0.898 1.284 1
0600 pf 35 0.233 -0.794 0.828 3
0600 pf 36 -0.351 -1.561 1.600 2
0600 pf 37 0.168 -0.247 0.299 3
0600 pf 38 -1.800 0.614 1.902 8
0600 pf 39 -0.015 -0.178 0.178 2
0600 pf 40 -1.349 -1.984 2.399 2
0600 pf 41 0.126 -0.606 0.619 3
0600 pf 42 -0.334 0.541 0.635 7
0600 pf 43 -0.319 -0.952 1.004 2
0600 pf 44 -0.156 -0.556 0.577 2
0600 pf 45 -0.823 0.936 1.246 7
0600 pf 46 -0.364 -0.027 0.365 1
0600 pf 47 0.119 -1.824 1.828 3
0600 pf 48 -0.149 -0.285 0.321 2
0600 pf 49 -0.597 -0.777 0.980 2
0600 pf 50 0.333 -0.446 0.557 3
0624 em 00 -0.295 -0.308 0.426 2
0624 cf 00 -0.331 -0.412 0.528 2
0624 pf 01 0.375 -1.592 1.635 3
0624 pf 02 -0.312 -1.590 1.620 2
0624 pf 03 -0.416 0.913 1.003 7
0624 pf 04 -0.519 -0.225 0.566 1
0624 pf 05 0.415 -0.774 0.878 3
0624 pf 06 -3.184 -0.271 3.196 1
0624 pf 07 -0.100 -1.000 1.005 2
0624 pf 08 -1.161 0.045 1.162 8
0624 pf 09 0.491 -0.003 0.491 4
0624 pf 10 -0.629 0.135 0.643 8
0624 pf 11 -0.224 -0.784 0.815 2
0624 pf 12 0.842 -1.597 1.806 3
0624 pf 13 0.131 0.671 0.684 6
0624 pf 14 -1.418 -0.596 1.538 1
0624 pf 15 0.461 0.249 0.524 5
0624 pf 16 -0.481 -0.134 0.499 1
0624 pf 17 0.160 -0.606 0.627 3
0624 pf 18 1.062 0.259 1.093 5
0624 pf 19 0.261 0.818 0.859 6
0624 pf 20 -0.788 0.323 0.851 8
0624 pf 21 0.747 1.387 1.575 6
0624 pf 22 -1.271 -1.571 2.021 2
0624 pf 23 -1.494 -0.836 1.712 1
0624 pf 24 0.504 0.929 1.057 6
0624 pf 25 1.000 -1.423 1.739 3
0624 pf 26 -0.312 0.220 0.381 8
0624 pf 27 1.364 1.006 1.695 5
0624 pf 28 -2.548 0.990 2.733 8
0624 pf 29 -0.261 -0.930 0.966 2
0624 pf 30 -1.663 -0.157 1.670 1
0624 pf 31 -1.104 -0.305 1.145 1
0624 pf 32 -0.408 0.219 0.464 8
0624 pf 33 -0.059 -0.776 0.778 2
0624 pf 34 -0.457 -1.043 1.139 2
0624 pf 35 0.284 -0.762 0.813 3
0624 pf 36 -0.749 -1.637 1.800 2
0624 pf 37 0.316 -0.276 0.420 4
0624 pf 38 -1.747 0.710 1.886 8
0624 pf 39 -0.006 0.102 0.102 7
0624 pf 40 -0.644 -2.333 2.420 2
0624 pf 41 0.224 -0.503 0.550 3
0624 pf 42 -0.293 0.911 0.957 7
0624 pf 43 -0.031 -1.038 1.038 2
0624 pf 44 0.015 -0.704 0.704 3
0624 pf 45 -0.667 0.725 0.985 7
0624 pf 46 -0.355 0.059 0.359 8
0624 pf 47 0.119 -1.383 1.388 3
0624 pf 48 0.158 -0.536 0.559 3
0624 pf 49 -0.520 -0.816 0.967 2
0624 pf 50 0.180 -0.402 0.440 3
0648 em 00 -0.269 -0.354 0.444 2
0648 cf 00 -0.076 -0.474 0.480 2
0648 pf 01 0.512 -1.594 1.674 3
0648 pf 02 -0.089 -1.312 1.315 2
0648 pf 03 -0.406 0.838 0.931 7
0648 pf 04 -0.638 -0.553 0.844 1
0648 pf 05 0.493 -0.716 0.869 3
0648 pf 06 -3.117 -0.297 3.131 1
0648 pf 07 -0.312 -0.928 0.979 2
0648 pf 08 -1.186 0.165 1.198 8
0648 pf 09 0.791 -0.117 0.800 4
0648 pf 10 -0.994 -0.046 0.995 1
0648 pf 11 -0.527 -1.266 1.371 2
0648 pf 12 0.879 -1.499 1.738 3
0648 pf 13 -0.103 0.991 0.996 7
0648 pf 14 -1.544 -0.579 1.649 1
0648 pf 15 0.501 0.657 0.826 6
0648 pf 16 -0.644 -0.511 0.822 1
0648 pf 17 0.242 -0.383 0.453 3
0648 pf 18 1.113 0.346 1.166 5
0648 pf 19 0.208 0.595 0.630 6
0648 pf 20 -0.754 0.085 0.759 8
0648 pf 21 0.624 1.196 1.349 6
0648 pf 22 -1.036 -1.769 2.050 2
0648 pf 23 -1.311 -0.984 1.639 1
0648 pf 24 0.162 0.698 0.717 6
0648 pf 25 0.796 -1.434 1.640 3
0648 pf 26 -0.257 0.335 0.423 7
0648 pf 27 0.834 1.081 1.365 6
0648 pf 28 -2.321 0.729 2.433 8
0648 pf 29 -0.181 -1.097 1.112 2
0648 pf 30 -1.297 -0.113 1.302 1
0648 pf 31 -0.974 -0.438 1.068 1
0648 pf 32 -0.821 -0.049 0.823 1
0648 pf 33 -0.068 -0.836 0.839 2
0648 pf 34 -0.231 -0.699 0.736 2
0648 pf 35 0.483 -0.710 0.859 3
0648 pf 36 -0.979 -1.764 2.017 2
0648 pf 37 0.263 -0.436 0.509 3
0648 pf 38 -1.573 0.761 1.747 8
0648 pf 39 0.177 0.149 0.231 5
0648 pf 40 -0.031 -2.774 2.774 2
0648 pf 41 0.348 -0.286 0.450 4
0648 pf 42 -0.599 1.140 1.288 7
0648 pf 43 0.376 -0.685 0.782 3
0648 pf 44 0.303 -0.678 0.742 3
0648 pf 45 -0.240 0.315 0.396 7
0648 pf 46 -0.422 -0.017 0.422 1
0648 pf 47 -0.051 -1.339 1.340 2
0648 pf 48 0.360 -0.588 0.689 3
0648 pf 49 -0.503 -1.172 1.275 2
0648 pf 50 0.156 -0.557 0.578 3
0672 em 00 -0.268 -0.337 0.431 2
0672 cf 00 0.218 -0.520 0.564 3
0672 pf 01 0.447 -1.486 1.551 3
0672 pf 02 -0.053 -0.914 0.915 2
0672 pf 03 -0.421 0.871 0.968 7
0672 pf 04 -0.278 -0.793 0.840 2
0672 pf 05 0.267 -0.374 0.459 3
0672 pf 06 -2.670 -0.604 2.737 1
0672 pf 07 -0.400 -0.726 0.828 2
0672 pf 08 -0.908 0.270 0.947 8
0672 pf 09 0.451 -0.084 0.458 4
0672 pf 10 -1.094 -0.369 1.155 1
0672 pf 11 -0.555 -1.725 1.812 2
0672 pf 12 0.818 -0.908 1.222 3
0672 pf 13 -0.141 0.654 0.669 7
0672 pf 14 -1.476 -0.185 1.488 1
0672 pf 15 0.437 0.665 0.796 6
0672 pf 16 -0.535 -0.604 0.807 2
0672 pf 17 0.440 -0.025 0.441 4
0672 pf 18 0.786 0.193 0.810 5
0672 pf 19 0.046 0.314 0.317 6
0672 pf 20 -0.714 -0.266 0.762 1
0672 pf 21 0.385 1.246 1.304 6
0672 pf 22 -0.796 -1.770 1.941 2
0672 pf 23 -0.982 -0.903 1.334 1
0672 pf 24 -0.125 0.634 0.646 7
0672 pf 25 0.492 -1.601 1.675 3
0672 pf 26 -0.340 0.526 0.626 7
0672 pf 27 0.170 1.395 1.405 6
0672 pf 28 -2.136 0.413 2.176 8
0672 pf 29 0.112 -1.062 1.068 3
0672 pf 30 -1.081 -0.380 1.145 1
0672 pf 31 -0.522 -0.694 0.868 2
0672 pf 32 -0.978 0.366 1.044 8
0672 pf 33 0.241 -0.814 0.849 3
0672 pf 34 -0.563 -0.518 0.765 1
0672 pf 35 0.583 -0.662 0.882 3
0672 pf 36 -0.986 -1.875 2.118 2
0672 pf 37 0.085 -0.467 0.474 3
0672 pf 38 -1.703 0.494 1.773 8
0672 pf 39 -0.160 0.380 0.412 7
0672 pf 40 0.218 -2.766 2.775 3
0672 pf 41 0.395 -0.168 0.430 4
0672 pf 42 -0.775 1.211 1.438 7
0672 pf 43 0.615 -0.108 0.624 4
0672 pf 44 0.407 -0.534 0.671 3
0672 pf 45 -0.132 0.051 0.142 8
0672 pf 46 -0.525 0.031 0.526 8
0672 pf 47 -0.145 -1.126 1.135 2
0672 pf 48 0.228 -0.395 0.456 3
0672 pf 49 -0.539 -1.203 1.318 2
0672 pf 50 0.276 -0.684 0.738 3
0696 em 00 -0.247 -0.384 0.457 2
0696 cf 00 0.331 -0.622 0.705 3
0696 pf 01 0.575 -1.091 1.233 3
0696 pf 02 0.056 -0.720 0.722 3
0696 pf 03 -0.261 0.694 0.742 7
0696 pf 04 0.178 -1.035 1.050 3
0696 pf 05 0.044 -0.003 0.044 4
0696 pf 06 -2.115 -1.124 2.395 1
0696 pf 07 -0.593 -0.310 0.669 1
0696 pf 08 -1.047 0.318 1.094 8
0696 pf 09 0.130 -0.266 0.296 3
0696 pf 10 -0.960 -0.501 1.083 1
0696 pf 11 -0.667 -1.754 1.876 2
0696 pf 12 1.136 -0.309 1.177 4
0696 pf 13 -0.202 0.318 0.377 7
0696 pf 14 -1.368 0.082 1.371 8
0696 pf 15 0.462 0.456 0.649 5
0696 pf 16 -0.623 -0.536 0.822 1
0696 pf 17 0.991 0.105 0.997 5
0696 pf 18 0.609 -0.051 0.611 4
0696 pf 19 -0.402 0.328 0.519 8
0696 pf 20 -0.771 -0.758 1.081 1
0696 pf 21 0.343 1.149 1.199 6
0696 pf 22 -0.604 -1.687 1.792 2
0696 pf 23 -0.515 -0.998 1.123 2
0696 pf 24 -0.389 0.515 0.646 7
0696 pf 25 0.706 -1.482 1.642 3
0696 pf 26 -0.357 0.572 0.674 7
0696 pf 27 -0.034 1.422 1.423 7
0696 pf 28 -2.163 0.078 2.164 8
0696 pf 29 0.080 -1.216 1.219 3
0696 pf 30 -1.083 -0.690 1.285 1
0696 pf 31 -0.017 -0.711 0.711 2
0696 pf 32 -1.185 0.304 1.224 8
0696 pf 33 0.663 -0.721 0.979 3
0696 pf 34 -1.106 -0.357 1.163 1
0696 pf 35 0.775 -0.586 0.971 4
0696 pf 36 -1.103 -1.729 2.051 2
0696 pf 37 0.023 -0.724 0.724 3
0696 pf 38 -2.057 0.339 2.085 8
0696 pf 39 -0.519 0.213 0.561 8
0696 pf 40 0.361 -2.621 2.646 3
0696 pf 41 0.402 -0.252 0.475 4
0696 pf 42 -0.609 0.897 1.084 7
0696 pf 43 0.358 0.183 0.402 5
0696 pf 44 0.557 -0.582 0.806 3
0696 pf 45 0.112 -0.157 0.193 3
0696 pf 46 -0.524 -0.375 0.644 1
0696 pf 47 -0.097 -1.456 1.459 2
0696 pf 48 -0.018 -0.472 0.472 2
0696 pf 49 -0.595 -1.401 1.522 2
0696 pf 50 0.592 -0.699 0.916 3
0720 em 00 -0.211 -0.451 0.497 2
0720 cf 00 0.515 -0.489 0.710 4
0720 pf 01 0.901 -0.880 1.259 4
0720 pf 02 0.389 -0.787 0.878 3
0720 pf 03 -0.320 0.523 0.614 7
0720 pf 04 0.264 -0.907 0.945 3
0720 pf 05 -0.109 0.133 0.172 7
0720 pf 06 -1.470 -1.351 1.997 1
0720 pf 07 -1.110 -0.250 1.138 1
0720 pf 08 -0.775 0.452 0.897 8
0720 pf 09 -0.150 -0.446 0.470 2
0720 pf 10 -0.801 -0.984 1.269 2
0720 pf 11 -0.435 -1.755 1.808 2
0720 pf 12 1.569 0.222 1.585 5
0720 pf 13 -0.708 -0.112 0.717 1
0720 pf 14 -1.364 -0.018 1.364 1
0720 pf 15 0.370 0.172 0.408 5
0720 pf 16 -0.454 -0.779 0.902 2
0720 pf 17 0.892 0.160 0.906 5
0720 pf 18 0.748 -0.293 0.804 4
0720 pf 19 -0.905 0.313 0.957 8
0720 pf 20 -0.948 -0.944 1.338 1
0720 pf 21 0.412 1.227 1.294 6
0720 pf 22 -0.397 -1.608 1.656 2
0720 pf 23 -0.147 -1.097 1.107 2
0720 pf 24 -0.324 0.642 0.719 7
0720 pf 25 1.041 -1.369 1.720 3
0720 pf 26 -0.156 0.662 0.680 7
0720 pf 27 -0.244 1.397 1.419 7
0720 pf 28 -2.267 -0.754 2.389 1
0720 pf 29 -0.076 -1.410 1.412 2
0720 pf 30 -0.980 -0.889 1.324 1
0720 pf 31 0.035 -0.736 0.737 3
0720 pf 32 -1.457 0.396 1.510 8
0720 pf 33 1.118 -0.840 1.399 4
0720 pf 34 -1.178 -0.853 1.454 1
0720 pf 35 0.695 -0.456 0.832 4
0720 pf 36 -1.002 -1.807 2.066 2
0720 pf 37 0.167 -0.538 0.563 3
0720 pf 38 -2.806 0.270 2.819 8
0720 pf 39 -0.329 0.081 0.339 8
0720 pf 40 0.628 -2.370 2.452 3
0720 pf 41 0.459 -0.312 0.555 4
0720 pf 42 -0.462 0.969 1.073 7
0720 pf 43 0.392 0.374 0.542 5
0720 pf 44 0.527 -0.914 1.055 3
0720 pf 45 -0.055 -0.095 0.110 2
0720 pf 46 -0.432 -0.590 0.731 2
0720 pf 47 0.319 -1.999 2.024 3
0720 pf 48 0.011 -0.224 0.224 3
0720 pf 49 -0.702 -1.365 1.535 2
0720 pf 50 0.634 -0.951 1.143 3
0744 em 00 -0.184 -0.461 0.497 2
0744 cf 00 0.521 -0.190 0.554 4
0744 pf 01 0.635 -0.719 0.959 3
0744 pf 02 0.229 -0.614 0.655 3
0744 pf 03 -0.943 0.355 1.007 8
0744 pf 04 0.237 -0.863 0.895 3
0744 pf 05 -0.178 0.187 0.258 7
0744 pf 06 -1.294 -1.251 1.800 1
0744 pf 07 -1.159 -0.244 1.185 1
0744 pf 08 -0.397 0.205 0.447 8
0744 pf 09 -0.129 -0.462 0.480 2
0744 pf 10 -0.821 -1.212 1.464 2
0744 pf 11 0.123 -1.627 1.632 3
0744 pf 12 1.833 0.371 1.871 5
0744 pf 13 -0.689 -0.415 0.805 1
0744 pf 14 -1.526 -0.029 1.526 1
0744 pf 15 0.178 0.287 0.338 6
0744 pf 16 -0.100 -0.943 0.948 2
0744 pf 17 0.693 0.238 0.732 5
0744 pf 18 0.723 0.038 0.724 5
0744 pf 19 -1.007 0.015 1.007 8
0744 pf 20 -0.465 -0.928 1.038 2
0744 pf 21 0.353 1.432 1.475 6
0744 pf 22 -0.520 -1.299 1.399 2
0744 pf 23 0.199 -1.332 1.347 3
0744 pf 24 -0.396 0.670 0.778 7
0744 pf 25 1.203 -1.401 1.846 3
0744 pf 26 -0.221 0.692 0.727 7
0744 pf 27 -0.373 1.834 1.872 7
0744 pf 28 -2.200 -1.546 2.689 1
0744 pf 29 -0.440 -1.316 1.388 2
0744 pf 30 -0.745 -1.178 1.393 2
0744 pf 31 0.063 -0.728 0.730 3
0744 pf 32 -1.180 0.117 1.186 8
0744 pf 33 0.923 -0.870 1.269 4
0744 pf 34 -0.900 -1.176 1.481 2
0744 pf 35 0.773 -0.087 0.778 4
0744 pf 36 -1.214 -1.627 2.030 2
0744 pf 37 0.022 -0.477 0.477 3
0744 pf 38 -2.995 0.193 3.001 8
0744 pf 39 -0.020 -0.107 0.109 2
0744 pf 40 0.965 -2.318 2.511 3
0744 pf 41 0.634 -0.275 0.691 4
0744 pf 42 -0.497 0.796 0.938 7
0744 pf 43 0.079 0.683 0.687 6
0744 pf 44 0.494 -1.130 1.233 3
0744 pf 45 -0.053 -0.121 0.132 2
0744 pf 46 -0.490 -0.461 0.673 1
0744 pf 47 0.635 -2.515 2.594 3
0744 pf 48 0.143 0.058 0.154 5
0744 pf 49 -0.467 -1.339 1.418 2
0744 pf 50 0.598 -0.931 1.106 3
0768 em 00 -0.108 -0.495 0.507 2
0768 cf 00 0.545 0.034 0.546 5
0768 pf 01 0.682 -0.682 0.965 3
0768 pf 02 0.124 -0.469 0.485 3
0768 pf 03 -1.021 0.310 1.067 8
0768 pf 04 0.488 -0.617 0.787 3
0768 pf 05 -0.202 0.130 0.240 8
0768 pf 06 -0.986 -1.348 1.670 2
0768 pf 07 -1.094 -0.592 1.244 1
0768 pf 08 -0.217 0.001 0.217 8
0768 pf 09 -0.109 -0.443 0.456 2
0768 pf 10 -0.779 -1.403 1.605 2
0768 pf 11 0.765 -1.642 1.811 3
0768 pf 12 1.894 0.376 1.931 5
0768 pf 13 -0.506 -0.643 0.818 2
0768 pf 14 -1.544 -0.240 1.562 1
0768 pf 15 0.140 0.234 0.272 6
0768 pf 16 -0.413 -1.227 1.294 2
0768 pf 17 0.556 0.192 0.589 5
0768 pf 18 0.672 0.216 0.706 5
0768 pf 19 -0.547 -0.334 0.641 1
0768 pf 20 0.222 -0.976 1.001 3
0768 pf 21 0.003 1.617 1.617 6
0768 pf 22 -0.389 -0.935 1.012 2
0768 pf 23 0.496 -1.317 1.407 3
0768 pf 24 -0.530 0.865 1.014 7
0768 pf 25 1.421 -1.361 1.968 4
0768 pf 26 -0.451 0.837 0.950 7
0768 pf 27 0.061 1.850 1.851 6
0768 pf 28 -2.064 -2.189 3.008 2
0768 pf 29 -0.631 -1.371 1.509 2
0768 pf 30 -0.506 -1.381 1.471 2
0768 pf 31 -0.075 -0.844 0.847 2
0768 pf 32 -0.551 0.060 0.555 8
0768 pf 33 0.426 -0.901 0.997 3
0768 pf 34 -0.475 -1.649 1.716 2
0768 pf 35 0.720 0.416 0.832 5
0768 pf 36 -1.253 -1.749 2.151 2
0768 pf 37 0.219 -0.502 0.548 3
0768 pf 38 -2.804 -0.328 2.823 1
0768 pf 39 0.231 -0.455 0.510 3
0768 pf 40 1.201 -2.072 2.395 3
0768 pf 41 0.705 0.017 0.705 5
0768 pf 42 -0.359 0.777 0.856 7
0768 pf 43 -0.354 0.741 0.821 7
0768 pf 44 0.709 -1.248 1.435 3
0768 pf 45 -0.258 -0.226 0.343 1
0768 pf 46 -0.398 -0.307 0.503 1
0768 pf 47 0.643 -2.828 2.901 3
0768 pf 48 0.141 0.363 0.390 6
0768 pf 49 -0.538 -1.441 1.538 2
0768 pf 50 0.484 -0.469 0.674 4
0792 em 00 -0.036 -0.485 0.487 2
0792 cf 00 0.276 0.124 0.302 5
0792 pf 01 0.649 -0.415 0.770 4
0792 pf 02 0.171 -0.099 0.197 4
0792 pf 03 -1.301 0.367 1.352 8
0792 pf 04 0.674 -0.538 0.863 4
0792 pf 05 -0.484 0.062 0.488 8
0792 pf 06 -0.705 -1.299 1.479 2
0792 pf 07 -1.142 -0.453 1.229 1
0792 pf 08 0.202 0.064 0.211 5
0792 pf 09 -0.246 -0.494 0.552 2
0792 pf 10 -0.394 -1.585 1.633 2
0792 pf 11 1.010 -1.440 1.759 3
0792 pf 12 1.723 0.459 1.783 5
0792 pf 13 -0.269 -0.537 0.600 2
0792 pf 14 -1.337 -0.375 1.388 1
0792 pf 15 0.323 -0.038 0.325 4
0792 pf 16 -0.293 -1.432 1.462 2
0792 pf 17 0.343 0.219 0.407 5
0792 pf 18 0.511 0.143 0.530 5
0792 pf 19 -0.170 -0.555 0.580 2
0792 pf 20 0.445 -0.821 0.934 3
0792 pf 21 -0.464 1.591 1.657 7
0792 pf 22 -0.424 -0.844 0.945 2
0792 pf 23 0.375 -1.151 1.210 3
0792 pf 24 -0.648 0.754 0.995 7
0792 pf 25 1.602 -1.034 1.906 4
0792 pf 26 -0.763 1.207 1.428 7
0792 pf 27 0.541 1.800 1.880 6
0792 pf 28 -1.656 -2.995 3.422 2
0792 pf 29 -0.662 -1.303 1.462 2
0792 pf 30 -0.158 -1.337 1.346 2
0792 pf 31 -0.337 -1.091 1.142 2
0792 pf 32 -0.312 0.084 0.323 8
0792 pf 33 0.120 -0.813 0.822 3
0792 pf 34 -0.272 -2.075 2.093 2
0792 pf 35 0.680 0.432 0.806 5
0792 pf 36 -0.763 -1.569 1.745 2
0792 pf 37 0.247 -0.540 0.593 3
0792 pf 38 -2.468 -0.980 2.655 1
0792 pf 39 0.982 -0.319 1.032 4
0792 pf 40 1.309 -1.889 2.298 3
0792 pf 41 0.550 -0.016 0.551 4
0792 pf 42 -0.154 0.631 0.649 7
0792 pf 43 -0.517 1.007 1.132 7
0792 pf 44 0.680 -1.365 1.525 3
0792 pf 45 -0.205 -0.016 0.206 1
0792 pf 46 -0.371 -0.290 0.471 1
0792 pf 47 0.546 -2.587 2.644 3
0792 pf 48 0.376 0.419 0.563 6
0792 pf 49 -0.222 -1.546 1.562 2
0792 pf 50 0.533 -0.099 0.542 4
0816 em 00 0.008 -0.457 0.457 3
0816 cf 00 -0.084 0.156 0.178 7
0816 pf 01 0.357 -0.277 0.452 4
0816 pf 02 0.223 0.151 0.269 5
0816 pf 03 -1.117 0.467 1.210 8
0816 pf 04 0.897 -0.570 1.063 4
0816 pf 05 -0.748 0.432 0.863 8
0816 pf 06 -0.196 -1.328 1.342 2
0816 pf 07 -1.384 -0.212 1.400 1
0816 pf 08 0.340 -0.157 0.375 4
0816 pf 09 -0.154 -0.352 0.384 2
0816 pf 10 -0.100 -1.873 1.876 2
0816 pf 11 0.993 -1.143 1.514 3
0816 pf 12 1.512 0.400 1.564 5
0816 pf 13 -0.287 -0.672 0.731 2
0816 pf 14 -1.203 -0.602 1.345 1
0816 pf 15 0.881 0.126 0.890 5
0816 pf 16 -0.110 -1.640 1.644 2
0816 pf 17 -0.068 0.102 0.123 7
0816 pf 18 0.500 0.339 0.604 5
0816 pf 19 0.027 -0.795 0.795 3
0816 pf 20 0.653 -0.742 0.988 3
0816 pf 21 -1.020 1.070 1.478 7
0816 pf 22 -0.348 -0.658 0.744 2
0816 pf 23 0.074 -1.106 1.108 3
0816 pf 24 -0.501 0.721 0.878 7
0816 pf 25 1.669 -0.806 1.854 4
0816 pf 26 -0.745 1.294 1.493 7
0816 pf 27 0.221 1.497 1.513 6
0816 pf 28 -0.993 -3.303 3.449 2
0816 pf 29 -0.581 -0.942 1.106 2
0816 pf 30 -0.237 -0.921 0.951 2
0816 pf 31 -0.485 -1.271 1.361 2
0816 pf 32 -0.071 0.170 0.184 7
0816 pf 33 0.114 -0.786 0.794 3
0816 pf 34 0.340 -2.111 2.139 3
0816 pf 35 0.705 0.534 0.885 5
0816 pf 36 -0.648 -1.794 1.907 2
0816 pf 37 0.009 -0.445 0.445 3
0816 pf 38 -2.336 -1.583 2.821 1
0816 pf 39 1.345 -0.326 1.384 4
0816 pf 40 1.233 -1.409 1.872 3
0816 pf 41 0.497 -0.082 0.504 4
0816 pf 42 0.091 0.772 0.777 6
0816 pf 43 -0.781 1.138 1.381 7
0816 pf 44 0.800 -1.526 1.723 3
0816 pf 45 -0.159 0.108 0.192 8
0816 pf 46 -0.538 -0.096 0.546 1
0816 pf 47 0.838 -2.548 2.682 3
0816 pf 48 0.305 0.682 0.747 6
0816 pf 49 -0.024 -1.679 1.679 2
0816 pf 50 0.564 0.463 0.730 5
0840 em 00 -0.036 -0.441 0.443 2
0840 cf 00 -0.252 0.232 0.343 8
0840 pf 01 0.042 -0.179 0.184 3
0840 pf 02 0.014 0.322 0.323 6
0840 pf 03 -0.935 0.626 1.125 8
0840 pf 04 0.809 -0.736 1.094 4
0840 pf 05 -0.745 0.470 0.881 8
0840 pf 06 -0.191 -1.296 1.310 2
0840 pf 07 -1.540 -0.181 1.550 1
0840 pf 08 0.187 -0.442 0.480 3
0840 pf 09 -0.133 -0.614 0.629 2
0840 pf 10 -0.016 -2.400 2.400 2
0840 pf 11 1.018 -0.710 1.241 4
0840 pf 12 1.044 0.101 1.048 5
0840 pf 13 -0.137 -0.397 0.420 2
0840 pf 14 -1.211 -0.747 1.422 1
0840 pf 15 0.893 0.375 0.969 5
0840 pf 16 -0.315 -1.809 1.837 2
0840 pf 17 -0.495 -0.155 0.519 1
0840 pf 18 0.681 0.611 0.915 5
0840 pf 19 -0.036 -0.805 0.806 2
0840 pf 20 0.881 -0.463 0.995 4
0840 pf 21 -1.292 0.486 1.380 8
0840 pf 22 -0.474 -0.474 0.671 2
0840 pf 23 -0.095 -0.766 0.772 2
0840 pf 24 -0.534 0.754 0.924 7
0840 pf 25 1.586 -0.614 1.701 4
0840 pf 26 -0.396 1.427 1.481 7
0840 pf 27 -0.260 1.034 1.066 7
0840 pf 28 -0.249 -3.516 3.525 2
0840 pf 29 -0.664 -0.563 0.871 1
0840 pf 30 -0.122 -0.566 0.579 2
0840 pf 31 -0.507 -1.154 1.260 2
0840 pf 32 0.102 0.337 0.352 6
0840 pf 33 0.158 -0.675 0.693 3
0840 pf 34 0.467 -2.301 2.348 3
0840 pf 35 0.452 0.848 0.961 6
0840 pf 36 -0.827 -1.833 2.011 2
0840 pf 37 -0.200 -0.722 0.750 2
0840 pf 38 -1.871 -1.893 2.662 2
0840 pf 39 1.698 -0.292 1.723 4
0840 pf 40 1.327 -0.915 1.612 4
0840 pf 41 0.479 -0.480 0.678 3
0840 pf 42 -0.362 0.822 0.899 7
0840 pf 43 -0.909 1.164 1.477 7
0840 pf 44 0.806 -1.533 1.732 3
0840 pf 45 -0.479 0.027 0.480 8
0840 pf 46 -0.932 -0.013 0.932 1
0840 pf 47 1.057 -2.502 2.716 3
0840 pf 48 0.206 0.783 0.810 6
0840 pf 49 0.105 -1.765 1.768 3
0840 pf 50 0.351 0.772 0.848 6
0864 em 00 -0.062 -0.392 0.397 2
0864 cf 00 -0.192 0.179 0.262 8
0864 pf 01 -0.098 0.046 0.108 8
0864 pf 02 -0.721 0.330 0.793 8
0864 pf 03 -0.910 0.746 1.176 8
0864 pf 04 0.928 -0.866 1.270 4
0864 pf 05 -0.490 0.276 0.562 8
0864 pf 06 -0.353 -1.050 1.108 2
0864 pf 07 -1.391 -0.132 1.397 1
0864 pf 08 0.059 -0.583 0.586 3
0864 pf 09 -0.269 -0.748 0.795 2
0864 pf 10 -0.132 -2.776 2.779 2
0864 pf 11 0.857 -0.397 0.944 4
0864 pf 12 0.794 -0.085 0.798 4
0864 pf 13 0.077 -0.184 0.200 3
0864 pf 14 -1.102 -0.866 1.401 1
0864 pf 15 0.859 0.711 1.115 5
0864 pf 16 -0.297 -1.569 1.597 2
0864 pf 17 -1.175 -0.692 1.363 1
0864 pf 18 0.891 0.718 1.144 5
0864 pf 19 0.003 -0.418 0.418 3
0864 pf 20 0.915 -0.239 0.946 4
0864 pf 21 -0.977 0.184 0.994 8
0864 pf 22 -0.300 -0.455 0.545 2
0864 pf 23 -0.041 -0.649 0.651 2
0864 pf 24 -0.501 0.749 0.901 7
0864 pf 25 1.596 -0.271 1.619 4
0864 pf 26 -0.837 1.486 1.706 7
0864 pf 27 -0.855 1.041 1.347 7
0864 pf 28 0.152 -3.536 3.539 3
0864 pf 29 -0.382 -0.245 0.453 1
0864 pf 30 -0.152 -0.405 0.432 2
0864 pf 31 -0.018 -1.145 1.145 2
0864 pf 32 0.179 0.171 0.247 5
0864 pf 33 0.007 -0.577 0.577 3
0864 pf 34 0.533 -2.394 2.452 3
0864 pf 35 0.092 0.984 0.989 6
0864 pf 36 -0.682 -2.160 2.265 2
0864 pf 37 -0.176 -0.800 0.819 2
0864 pf 38 -1.175 -1.935 2.264 2
0864 pf 39 1.370 -0.143 1.378 4
0864 pf 40 1.729 -0.590 1.827 4
0864 pf 41 0.503 -0.518 0.722 3
0864 pf 42 -0.865 0.800 1.178 8
0864 pf 43 -1.024 0.961 1.404 8
0864 pf 44 0.923 -1.268 1.568 3
0864 pf 45 -0.562 -0.158 0.583 1
0864 pf 46 -1.176 0.535 1.292 8
0864 pf 47 1.240 -2.218 2.541 3
0864 pf 48 0.048 1.125 1.126 6
0864 pf 49 -0.181 -1.830 1.839 2
0864 pf 50 0.129 1.005 1.013 6
0888 em 00 -0.075 -0.356 0.364 2
0888 cf 00 -0.258 0.358 0.441 7
0888 pf 01 0.012 0.263 0.263 6
0888 pf 02 -1.287 0.231 1.307 8
0888 pf 03 -0.624 0.325 0.703 8
0888 pf 04 0.659 -1.004 1.201 3
0888 pf 05 -0.110 -0.022 0.112 1
0888 pf 06 -0.394 -1.064 1.135 2
0888 pf 07 -1.498 0.035 1.498 8
0888 pf 08 0.202 -0.477 0.518 3
0888 pf 09 -0.347 -0.759 0.834 2
0888 pf 10 -0.073 -2.647 2.648 2
0888 pf 11 0.140 -0.204 0.248 3
0888 pf 12 0.925 -0.039 0.926 4
0888 pf 13 0.170 -0.014 0.170 4
0888 pf 14 -1.153 -1.063 1.568 1
0888 pf 15 0.359 0.721 0.806 6
0888 pf 16 -0.378 -1.446 1.494 2
0888 pf 17 -0.988 -0.766 1.250 1
0888 pf 18 1.069 0.975 1.447 5
0888 pf 19 0.038 0.065 0.075 6
0888 pf 20 0.746 -0.047 0.747 4
0888 pf 21 -0.788 -0.202 0.814 1
0888 pf 22 -0.666 -0.226 0.703 1
0888 pf 23 0.173 -0.921 0.937 3
0888 pf 24 -0.503 0.832 0.972 7
0888 pf 25 1.340 -0.202 1.355 4
0888 pf 26 -1.048 1.485 1.818 7
0888 pf 27 -1.068 1.082 1.521 7
0888 pf 28 0.523 -3.419 3.459 3
0888 pf 29 -0.144 -0.233 0.273 2
0888 pf 30 0.223 -0.558 0.601 3
0888 pf 31 0.310 -1.093 1.136 3
0888 pf 32 0.251 0.055 0.257 5
0888 pf 33 -0.111 -0.546 0.558 2
0888 pf 34 0.888 -2.121 2.300 3
0888 pf 35 -0.142 1.089 1.099 7
0888 pf 36 -0.266 -2.108 2.124 2
0888 pf 37 -0.142 -0.961 0.971 2
0888 pf 38 -0.437 -2.028 2.074 2
0888 pf 39 1.135 -0.212 1.155 4
0888 pf 40 1.475 -0.168 1.484 4
0888 pf 41 0.651 -0.633 0.908 4
0888 pf 42 -1.126 0.670 1.310 8
0888 pf 43 -1.429 0.813 1.644 8
0888 pf 44 0.953 -0.948 1.344 4
0888 pf 45 -0.815 0.010 0.815 8
0888 pf 46 -1.539 0.668 1.678 8
0888 pf 47 1.608 -1.778 2.398 3
0888 pf 48 -0.066 1.177 1.179 7
0888 pf 49 -0.252 -1.884 1.901 2
0888 pf 50 -0.057 1.071 1.073 7
0912 em 00 -0.120 -0.349 0.370 2
0912 cf 00 -0.180 0.538 0.567 7
0912 pf 01 0.069 0.319 0.326 6
0912 pf 02 -1.880 -0.071 1.881 1
0912 pf 03 -0.410 -0.056 0.414 1
0912 pf 04 0.189 -0.940 0.959 3
0912 pf 05 0.218 -0.051 0.224 4
0912 pf 06 -0.298 -0.979 1.023 2
0912 pf 07 -1.396 -0.218 1.413 1
0912 pf 08 0.256 -0.250 0.357 4
0912 pf 09 -0.439 -0.785 0.900 2
0912 pf 10 0.056 -2.623 2.624 3
0912 pf 11 -0.440 -0.214 0.489 1
0912 pf 12 0.602 -0.249 0.651 4
0912 pf 13 0.415 0.235 0.476 5
0912 pf 14 -1.187 -1.280 1.745 2
0912 pf 15 -0.070 0.577 0.581 7
0912 pf 16 -0.461 -1.440 1.512 2
0912 pf 17 -0.814 -0.493 0.951 1
0912 pf 18 1.021 1.317 1.666 6
0912 pf 19 0.248 0.265 0.363 6
0912 pf 20 0.131 0.144 0.194 6
0912 pf 21 -0.591 -0.344 0.683 1
0912 pf 22 -1.013 -0.099 1.018 1
0912 pf 23 0.243 -1.042 1.070 3
0912 pf 24 -0.701 0.839 1.094 7
0912 pf 25 1.378 -0.510 1.469 4
0912 pf 26 -1.003 1.342 1.676 7
0912 pf 27 -0.823 0.828 1.167 7
0912 pf 28 0.840 -2.998 3.114 3
0912 pf 29 -0.157 0.034 0.161 8
0912 pf 30 0.509 -0.291 0.586 4
0912 pf 31 0.633 -0.861 1.069 3
0912 pf 32 -0.163 -0.110 0.197 1
0912 pf 33 -0.249 -0.731 0.773 2
0912 pf 34 1.156 -2.157 2.447 3
0912 pf 35 -0.511 1.056 1.173 7
0912 pf 36 -0.279 -2.011 2.031 2
0912 pf 37 -0.272 -0.805 0.850 2
0912 pf 38 -0.308 -2.012 2.035 2
0912 pf 39 0.835 -0.185 0.855 4
0912 pf 40 0.915 0.058 0.917 5
0912 pf 41 1.174 -0.432 1.251 4
0912 pf 42 -1.422 0.644 1.561 8
0912 pf 43 -1.558 0.618 1.677 8
0912 pf 44 1.092 -0.594 1.243 4
0912 pf 45 -0.776 -0.261 0.818 1
0912 pf 46 -1.734 0.302 1.760 8
0912 pf 47 1.827 -1.492 2.358 4
0912 pf 48 -0.156 1.250 1.260 7
0912 pf 49 -0.394 -2.101 2.138 2
0912 pf 50 -0.285 0.862 0.908 7
0936 em 00 -0.203 -0.355 0.409 2
0936 cf 00 -0.292 0.596 0.663 7
0936 pf 01 0.007 0.310 0.310 6
0936 pf 02 -2.369 -0.817 2.506 1
0936 pf 03 -0.615 -0.223 0.654 1
0936 pf 04 -0.423 -0.864 0.963 2
0936 pf 05 0.419 -0.013 0.419 4
0936 pf 06 0.004 -0.969 0.969 3
0936 pf 07 -1.662 -0.191 1.672 1
0936 pf 08 0.123 -0.189 0.226 3
0936 pf 09 -0.462 -0.961 1.066 2
0936 pf 10 0.272 -2.370 2.386 3
0936 pf 11 -0.679 -0.359 0.768 1
0936 pf 12 0.221 -0.158 0.272 4
0936 pf 13 0.485 0.480 0.682 5
0936 pf 14 -1.014 -1.250 1.610 2
0936 pf 15 -0.482 0.350 0.595 8
0936 pf 16 -0.555 -1.372 1.479 2
0936 pf 17 -0.509 -0.166 0.535 1
0936 pf 18 0.321 1.444 1.479 6
0936 pf 19 0.524 0.457 0.696 5
0936 pf 20 -0.224 0.069 0.234 8
0936 pf 21 -0.344 -0.270 0.438 1
0936 pf 22 -1.161 0.052 1.162 8
0936 pf 23 0.271 -1.199 1.229 3
0936 pf 24 -1.103 1.015 1.499 8
0936 pf 25 1.109 -0.739 1.332 4
0936 pf 26 -0.748 1.234 1.443 7
0936 pf 27 -0.726 0.211 0.756 8
0936 pf 28 1.054 -2.599 2.805 3
0936 pf 29 -0.502 0.045 0.504 8
0936 pf 30 0.777 -0.373 0.862 4
0936 pf 31 0.966 -0.712 1.200 4
0936 pf 32 -0.729 -0.252 0.771 1
0936 pf 33 -0.156 -0.927 0.940 2
0936 pf 34 1.323 -2.226 2.590 3
0936 pf 35 -1.007 0.970 1.398 8
0936 pf 36 -0.093 -1.626 1.628 2
0936 pf 37 -0.245 -0.663 0.707 2
0936 pf 38 -0.353 -1.973 2.004 2
0936 pf 39 0.645 -0.431 0.776 4
0936 pf 40 0.486 0.141 0.506 5
0936 pf 41 1.141 -0.242 1.166 4
0936 pf 42 -1.762 0.595 1.859 8
0936 pf 43 -1.797 0.460 1.855 8
0936 pf 44 1.103 -0.520 1.219 4
0936 pf 45 -0.493 -0.271 0.563 1
0936 pf 46 -2.145 -0.117 2.148 1
0936 pf 47 1.908 -1.195 2.252 4
0936 pf 48 -0.356 1.608 1.647 7
0936 pf 49 -0.066 -2.483 2.484 2
0936 pf 50 -0.546 1.001 1.140 7
0960 em 00 -0.251 -0.370 0.447 2
0960 cf 00 -0.493 0.264 0.560 8
0960 pf 01 0.241 0.362 0.435 6
0960 pf 02 -2.827 -1.494 3.198 1
0960 pf 03 -0.764 -0.225 0.796 1
0960 pf 04 -0.434 -0.917 1.015 2
0960 pf 05 0.534 0.229 0.581 5
0960 pf 06 0.123 -0.981 0.988 3
0960 pf 07 -1.912 -0.297 1.935 1
0960 pf 08 0.114 -0.151 0.189 3
0960 pf 09 -0.274 -1.010 1.046 2
0960 pf 10 0.309 -2.011 2.034 3
0960 pf 11 -0.622 -0.565 0.840 1
0960 pf 12 0.304 0.104 0.322 5
0960 pf 13 0.609 0.409 0.734 5
0960 pf 14 -0.743 -1.687 1.844 2
0960 pf 15 -1.095 0.140 1.104 8
0960 pf 16 -0.339 -1.368 1.410 2
0960 pf 17 -0.521 0.210 0.562 8
0960 pf 18 -0.231 1.396 1.415 7
0960 pf 19 0.795 0.711 1.067 5
0960 pf 20 -0.461 -0.092 0.470 1
0960 pf 21 -0.165 -0.042 0.171 1
0960 pf 22 -1.234 0.146 1.243 8
0960 pf 23 0.349 -0.831 0.901 3
0960 pf 24 -1.018 0.955 1.396 8
0960 pf 25 1.085 -1.157 1.586 3
0960 pf 26 -0.826 1.309 1.548 7
0960 pf 27 -0.321 -0.424 0.532 2
0960 pf 28 0.917 -2.291 2.468 3
0960 pf 29 -0.641 0.028 0.642 8
0960 pf 30 0.586 -0.251 0.638 4
0960 pf 31 1.101 -0.372 1.162 4
0960 pf 32 -1.453 -0.203 1.468 1
0960 pf 33 -0.305 -1.249 1.285 2
0960 pf 34 1.080 -2.049 2.316 3
0960 pf 35 -1.384 0.785 1.591 8
0960 pf 36 0.144 -1.572 1.578 3
0960 pf 37 0.035 -0.702 0.703 3
0960 pf 38 -0.360 -1.993 2.025 2
0960 pf 39 0.471 -0.455 0.655 4
0960 pf 40 -0.195 -0.055 0.203 1
0960 pf 41 1.364 0.370 1.413 5
0960 pf 42 -2.062 0.479 2.117 8
0960 pf 43 -1.465 0.098 1.469 8
0960 pf 44 1.101 -0.511 1.213 4
0960 pf 45 -0.001 -0.472 0.472 2
0960 pf 46 -2.665 -0.643 2.742 1
0960 pf 47 1.927 -0.681 2.044 4
0960 pf 48 -0.752 1.962 2.101 7
0960 pf 49 -0.029 -2.744 2.744 2
0960 pf 50 -0.476 1.304 1.389 7
0984 em 00 -0.248 -0.361 0.438 2
0984 cf 00 -0.583 -0.101 0.592 1
0984 pf 01 0.666 0.310 0.735 5
0984 pf 02 -2.583 -1.725 3.106 1
0984 pf 03 -0.755 -0.082 0.759 1
0984 pf 04 -0.444 -1.029 1.121 2
0984 pf 05 0.803 0.406 0.900 5
0984 pf 06 -0.030 -1.184 1.184 2
0984 pf 07 -1.737 -0.361 1.774 1
0984 pf 08 0.067 0.068 0.095 6
0984 pf 09 0.116 -1.050 1.057 3
0984 pf 10 0.211 -1.646 1.659 3
0984 pf 11 -0.625 -0.633 0.889 2
0984 pf 12 0.325 0.326 0.460 6
0984 pf 13 0.410 0.131 0.431 5
0984 pf 14 -0.644 -2.174 2.267 2
0984 pf 15 -1.133 -0.181 1.147 1
0984 pf 16 0.192 -1.501 1.513 3
0984 pf 17 -0.557 0.505 0.752 8
0984 pf 18 -1.137 1.459 1.850 7
0984 pf 19 0.856 0.863 1.216 6
0984 pf 20 -0.759 -0.241 0.796 1
0984 pf 21 -0.247 -0.191 0.312 1
0984 pf 22 -1.244 0.280 1.276 8
0984 pf 23 0.069 -0.552 0.556 3
0984 pf 24 -1.093 0.992 1.476 8
0984 pf 25 0.924 -1.472 1.738 3
0984 pf 26 -0.560 1.256 1.375 7
0984 pf 27 0.296 -0.712 0.771 3
0984 pf 28 1.177 -2.044 2.359 3
0984 pf 29 -0.645 0.073 0.649 8
0984 pf 30 0.320 -0.186 0.370 4
0984 pf 31 0.983 -0.186 1.000 4
0984 pf 32 -2.005 -0.147 2.010 1
0984 pf 33 -0.199 -1.327 1.341 2
0984 pf 34 0.775 -1.777 1.938 3
0984 pf 35 -1.792 0.309 1.819 8
0984 pf 36 0.677 -1.328 1.490 3
0984 pf 37 0.334 -0.691 0.767 3
0984 pf 38 -0.142 -1.915 1.920 2
0984 pf 39 0.471 -0.255 0.535 4
0984 pf 40 -0.688 -0.295 0.748 1
0984 pf 41 1.229 0.895 1.520 5
0984 pf 42 -2.134 0.294 2.154 8
0984 pf 43 -1.350 0.172 1.361 8
0984 pf 44 1.178 -0.206 1.196 4
0984 pf 45 0.299 -0.222 0.372 4
0984 pf 46 -2.877 -1.058 3.065 1
0984 pf 47 1.786 -0.322 1.815 4
0984 pf 48 -1.146 1.831 2.160 7
0984 pf 49 0.395 -2.419 2.451 3
0984 pf 50 -0.204 1.256 1.272 7
1008 em 00 -0.193 -0.386 0.431 2
1008 cf 00 -0.572 -0.472 0.742 1
1008 pf 01 0.522 0.312 0.608 5
1008 pf 02 -2.042 -1.946 2.820 1
1008 pf 03 -0.446 0.062 0.450 8
1008 pf 04 -0.023 -1.225 1.225 2
1008 pf 05 0.824 0.504 0.966 5
1008 pf 06 0.148 -1.263 1.272 3
1008 pf 07 -1.525 -0.512 1.609 1
1008 pf 08 0.057 0.003 0.057 5
1008 pf 09 0.135 -1.027 1.035 3
1008 pf 10 0.056 -1.454 1.455 3
1008 pf 11 -0.677 -0.708 0.979 2
1008 pf 12 0.246 0.451 0.514 6
1008 pf 13 0.003 -0.161 0.161 3
1008 pf 14 -0.475 -2.325 2.373 2
1008 pf 15 -0.800 -0.427 0.906 1
1008 pf 16 0.266 -1.363 1.389 3
1008 pf 17 -0.674 0.609 0.908 8
1008 pf 18 -1.403 1.350 1.947 8
1008 pf 19 0.859 0.906 1.248 6
1008 pf 20 -0.772 -0.066 0.775 1
1008 pf 21 -0.126 -0.302 0.327 2
1008 pf 22 -1.113 0.294 1.151 8
1008 pf 23 -0.377 -1.043 1.109 2
1008 pf 24 -1.494 0.909 1.749 8
1008 pf 25 0.742 -1.827 1.972 3
1008 pf 26 -0.050 1.026 1.027 7
1008 pf 27 0.855 -0.810 1.177 4
1008 pf 28 1.176 -1.881 2.218 3
1008 pf 29 -0.957 -0.237 0.986 1
1008 pf 30 0.359 0.226 0.425 5
1008 pf 31 0.840 -0.354 0.911 4
1008 pf 32 -2.332 -0.002 2.332 1
1008 pf 33 0.062 -1.518 1.519 3
1008 pf 34 0.616 -1.367 1.500 3
1008 pf 35 -1.828 -0.212 1.840 1
1008 pf 36 0.926 -0.802 1.225 4
1008 pf 37 0.478 -0.905 1.024 3
1008 pf 38 -0.066 -1.914 1.916 2
1008 pf 39 0.491 0.293 0.572 5
1008 pf 40 -0.731 -0.671 0.992 1
1008 pf 41 0.563 1.106 1.241 6
1008 pf 42 -1.854 -0.088 1.857 1
1008 pf 43 -0.936 0.334 0.994 8
1008 pf 44 1.049 0.197 1.068 5
1008 pf 45 0.429 -0.083 0.437 4
1008 pf 46 -2.339 -1.108 2.588 1
1008 pf 47 1.584 -0.254 1.604 4
1008 pf 48 -0.922 1.390 1.668 7
1008 pf 49 0.700 -1.965 2.086 3
1008 pf 50 0.455 1.323 1.399 6
1032 em 00 -0.172 -0.485 0.515 2
1032 cf 00 -0.971 -0.856 1.294 1
1032 pf 01 0.255 0.272 0.373 6
1032 pf 02 -1.666 -2.200 2.759 2
1032 pf 03 -0.110 0.220 0.246 7
1032 pf 04 0.409 -1.199 1.267 3
1032 pf 05 0.795 0.537 0.959 5
1032 pf 06 0.263 -1.468 1.491 3
1032 pf 07 -1.288 -0.751 1.491 1
1032 pf 08 -0.257 -0.157 0.301 1
1032 pf 09 -0.072 -0.842 0.845 2
1032 pf 10 0.033 -1.366 1.366 3
1032 pf 11 -0.880 -0.828 1.208 1
1032 pf 12 0.116 0.446 0.461 6
1032 pf 13 -0.400 -0.325 0.515 1
1032 pf 14 -0.262 -2.135 2.151 2
1032 pf 15 -0.127 -0.877 0.886 2
1032 pf 16 0.524 -1.352 1.450 3
1032 pf 17 -0.680 0.520 0.856 8
1032 pf 18 -1.509 0.989 1.804 8
1032 pf 19 0.576 1.130 1.268 6
1032 pf 20 -0.740 -0.260 0.785 1
1032 pf 21 -0.076 -0.473 0.479 2
1032 pf 22 -0.884 -0.079 0.887 1
1032 pf 23 -0.458 -1.296 1.375 2
1032 pf 24 -1.595 0.923 1.843 8
1032 pf 25 0.828 -1.721 1.910 3
1032 pf 26 0.474 0.839 0.964 6
1032 pf 27 1.109 -0.703 1.313 4
1032 pf 28 0.939 -1.860 2.084 3
1032 pf 29 -1.156 -0.558 1.283 1
1032 pf 30 0.476 0.125 0.492 5
1032 pf 31 0.149 -0.773 0.787 3
1032 pf 32 -2.280 -0.708 2.387 1
1032 pf 33 0.236 -1.674 1.691 3
1032 pf 34 0.355 -1.141 1.195 3
1032 pf 35 -1.981 -0.479 2.038 1
1032 pf 36 1.018 -0.874 1.342 4
1032 pf 37 0.846 -0.724 1.114 4
1032 pf 38 0.163 -2.081 2.087 3
1032 pf 39 0.169 0.392 0.427 6
1032 pf 40 -0.729 -1.459 1.631 2
1032 pf 41 0.421 1.452 1.512 6
1032 pf 42 -1.443 -0.520 1.533 1
1032 pf 43 -0.891 0.046 0.892 8
1032 pf 44 0.855 0.748 1.136 5
1032 pf 45 0.355 0.117 0.373 5
1032 pf 46 -1.951 -1.125 2.252 1
1032 pf 47 1.186 -0.107 1.191 4
1032 pf 48 -0.819 1.082 1.357 7
1032 pf 49 0.904 -2.028 2.220 3
1032 pf 50 0.683 1.036 1.241 6
1056 em 00 -0.089 -0.542 0.549 2
1056 cf 00 -1.094 -0.926 1.434 1
1056 pf 01 -0.151 0.186 0.240 7
1056 pf 02 -1.561 -2.359 2.829 2
1056 pf 03 -0.093 0.057 0.109 8
1056 pf 04 0.989 -1.255 1.598 3
1056 pf 05 0.599 0.611 0.855 6
1056 pf 06 0.267 -1.463 1.487 3
1056 pf 07 -1.106 -1.030 1.511 1
1056 pf 08 -0.490 -0.353 0.604 1
1056 pf 09 0.052 -0.994 0.995 3
1056 pf 10 0.101 -1.455 1.459 3
1056 pf 11 -1.139 -0.865 1.430 1
1056 pf 12 -0.164 0.328 0.367 7
1056 pf 13 -0.417 -0.622 0.749 2
1056 pf 14 0.005 -2.051 2.051 3
1056 pf 15 0.388 -0.908 0.988 3
1056 pf 16 0.766 -1.115 1.353 3
1056 pf 17 -0.664 -0.042 0.665 1
1056 pf 18 -1.486 0.797 1.686 8
1056 pf 19 0.278 1.082 1.117 6
1056 pf 20 -0.424 -0.470 0.633 2
1056 pf 21 0.139 -0.230 0.269 3
1056 pf 22 -0.696 -0.564 0.895 1
1056 pf 23 -0.273 -1.573 1.596 2
1056 pf 24 -1.597 0.768 1.772 8
1056 pf 25 1.045 -1.592 1.905 3
1056 pf 26 0.487 0.991 1.104 6
1056 pf 27 1.328 -0.276 1.357 4
1056 pf 28 1.020 -1.515 1.827 3
1056 pf 29 -1.250 -0.806 1.487 1
1056 pf 30 0.416 -0.044 0.418 4
1056 pf 31 -0.255 -0.841 0.878 2
1056 pf 32 -2.011 -1.131 2.308 1
1056 pf 33 0.528 -2.019 2.087 3
1056 pf 34 0.103 -0.841 0.847 3
1056 pf 35 -1.848 -0.492 1.912 1
1056 pf 36 1.235 -0.864 1.507 4
1056 pf 37 1.115 -0.603 1.268 4
1056 pf 38 0.095 -2.080 2.083 3
1056 pf 39 0.224 0.354 0.419 6
1056 pf 40 -0.350 -1.893 1.925 2
1056 pf 41 0.503 1.466 1.550 6
1056 pf 42 -0.975 -0.393 1.051 1
1056 pf 43 -0.585 -0.111 0.595 1
1056 pf 44 0.911 1.198 1.505 6
1056 pf 45 0.478 0.104 0.489 5
1056 pf 46 -1.789 -1.344 2.237 1
1056 pf 47 0.790 0.076 0.794 5
1056 pf 48 -0.829 0.770 1.131 8
1056 pf 49 1.239 -1.737 2.134 3
1056 pf 50 1.043 0.947 1.409 5
1080 em 00 -0.037 -0.589 0.590 2
1080 cf 00 -1.212 -1.094 1.632 1
1080 pf 01 -0.395 0.039 0.397 8
1080 pf 02 -1.272 -2.158 2.505 2
1080 pf 03 0.190 -0.023 0.192 4
1080 pf 04 1.028 -1.222 1.596 3
1080 pf 05 0.162 0.795 0.811 6
1080 pf 06 0.237 -1.482 1.501 3
1080 pf 07 -0.796 -1.184 1.427 2
1080 pf 08 -0.569 -0.505 0.761 1
1080 pf 09 -0.159 -1.017 1.030 2
1080 pf 10 0.415 -1.720 1.769 3
1080 pf 11 -0.840 -0.706 1.097 1
1080 pf 12 -0.383 -0.002 0.383 1
1080 pf 13 -0.786 -1.004 1.275 2
1080 pf 14 -0.155 -2.087 2.092 2
1080 pf 15 0.553 -1.076 1.210 3
1080 pf 16 0.671 -0.938 1.153 3
1080 pf 17 -0.492 -0.114 0.505 1
1080 pf 18 -1.550 0.603 1.663 8
1080 pf 19 0.250 0.887 0.921 6
1080 pf 20 -0.063 -0.831 0.833 2
1080 pf 21 -0.197 -0.366 0.416 2
1080 pf 22 -0.304 -0.841 0.894 2
1080 pf 23 -0.314 -1.651 1.681 2
1080 pf 24 -1.250 0.723 1.444 8
1080 pf 25 1.291 -1.646 2.092 3
1080 pf 26 0.537 1.068 1.195 6
1080 pf 27 1.156 0.057 1.157 5
1080 pf 28 1.003 -1.100 1.488 3
1080 pf 29 -1.139 -1.152 1.620 2
1080 pf 30 0.251 0.074 0.262 5
1080 pf 31 -0.238 -0.573 0.620 2
1080 pf 32 -1.580 -1.517 2.190 1
1080 pf 33 0.970 -2.155 2.363 3
1080 pf 34 0.207 -0.948 0.970 3
1080 pf 35 -1.678 -0.178 1.687 1
1080 pf 36 1.166 -0.641 1.331 4
1080 pf 37 1.140 -0.279 1.174 4
1080 pf 38 0.216 -2.103 2.114 3
1080 pf 39 0.436 0.459 0.633 6
1080 pf 40 0.019 -2.293 2.293 3
1080 pf 41 0.399 1.473 1.527 6
1080 pf 42 -0.639 -0.256 0.688 1
1080 pf 43 -0.273 -0.313 0.415 2
1080 pf 44 0.386 0.820 0.906 6
1080 pf 45 0.587 0.121 0.599 5
1080 pf 46 -1.599 -1.999 2.560 2
1080 pf 47 0.860 0.073 0.864 5
1080 pf 48 -1.189 0.580 1.323 8
1080 pf 49 1.208 -1.320 1.790 3
1080 pf 50 1.215 0.935 1.533 5
1104 em 00 -0.013 -0.638 0.638 2
1104 cf 00 -1.196 -1.020 1.572 1
1104 pf 01 -0.319 -0.047 0.322 1
1104 pf 02 -0.951 -1.834 2.066 2
1104 pf 03 0.335 0.003 0.335 5
1104 pf 04 0.740 -1.212 1.420 3
1104 pf 05 0.134 0.770 0.781 6
1104 pf 06 0.306 -1.690 1.718 3
1104 pf 07 -0.425 -1.464 1.525 2
1104 pf 08 -0.286 -0.828 0.875 2
1104 pf 09 -0.126 -0.806 0.815 2
1104 pf 10 0.735 -1.796 1.941 3
1104 pf 11 -0.750 -0.551 0.930 1
1104 pf 12 -0.656 -0.343 0.741 1
1104 pf 13 -1.039 -1.597 1.905 2
1104 pf 14 -0.164 -2.090 2.096 2
1104 pf 15 0.939 -1.314 1.615 3
1104 pf 16 0.068 -0.815 0.817 3
1104 pf 17 -0.292 -0.314 0.429 2
1104 pf 18 -1.191 0.675 1.369 8
1104 pf 19 0.250 0.832 0.869 6
1104 pf 20 0.017 -1.166 1.167 3
1104 pf 21 -0.475 -0.547 0.724 2
1104 pf 22 -0.117 -1.213 1.219 2
1104 pf 23 -0.588 -1.598 1.703 2
1104 pf 24 -1.011 0.500 1.128 8
1104 pf 25 1.689 -1.468 2.238 4
1104 pf 26 0.570 1.294 1.414 6
1104 pf 27 0.876 -0.001 0.876 4
1104 pf 28 0.796 -0.996 1.275 3
1104 pf 29 -1.188 -1.782 2.142 2
1104 pf 30 -0.140 0.181 0.229 7
1104 pf 31 0.125 -0.674 0.686 3
1104 pf 32 -1.712 -1.740 2.441 2
1104 pf 33 1.246 -2.313 2.627 3
1104 pf 34 0.328 -0.967 1.021 3
1104 pf 35 -1.576 -0.260 1.597 1
1104 pf 36 1.281 -0.389 1.338 4
1104 pf 37 0.733 0.215 0.764 5
1104 pf 38 0.170 -1.999 2.006 3
1104 pf 39 1.105 0.228 1.128 5
1104 pf 40 0.167 -2.320 2.326 3
1104 pf 41 0.150 1.575 1.582 6
1104 pf 42 -0.461 -0.085 0.469 1
1104 pf 43 -0.209 -0.247 0.323 2
1104 pf 44 0.057 0.558 0.561 6
1104 pf 45 0.147 -0.030 0.150 4
1104 pf 46 -1.415 -2.221 2.633 2
1104 pf 47 0.891 0.080 0.894 5
1104 pf 48 -1.575 0.111 1.579 8
1104 pf 49 1.359 -0.941 1.653 4
1104 pf 50 1.242 1.115 1.669 5
