ecmf prod rt 2017120400 51 046
0024 em 00 1.579 1.129 1.941 5
0024 cf 00 1.487 1.170 1.892 5
0024 pf 01 1.675 1.060 1.982 5
0024 pf 02 1.464 1.114 1.839 5
0024 pf 03 1.494 1.068 1.837 5
0024 pf 04 1.429 1.054 1.775 5
0024 pf 05 1.586 0.983 1.866 5
0024 pf 06 1.439 1.141 1.837 5
0024 pf 07 1.617 1.091 1.950 5
0024 pf 08 1.488 1.169 1.893 5
0024 pf 09 1.563 1.152 1.942 5
0024 pf 10 1.469 1.109 1.841 5
0024 pf 11 1.619 0.984 1.894 5
0024 pf 12 1.518 1.134 1.895 5
0024 pf 13 1.669 1.220 2.067 5
0024 pf 14 1.561 0.948 1.826 5
0024 pf 15 1.622 1.120 1.971 5
0024 pf 16 1.471 1.104 1.840 5
0024 pf 17 1.515 1.078 1.859 5
0024 pf 18 1.711 1.065 2.016 5
0024 pf 19 1.692 1.242 2.099 5
0024 pf 20 1.521 1.170 1.919 5
0024 pf 21 1.509 1.100 1.867 5
0024 pf 22 1.543 1.232 1.975 5
0024 pf 23 1.530 1.074 1.870 5
0024 pf 24 1.524 1.182 1.929 5
0024 pf 25 1.408 1.176 1.835 5
0024 pf 26 1.577 1.109 1.928 5
0024 pf 27 1.560 1.060 1.886 5
0024 pf 28 1.640 1.032 1.937 5
0024 pf 29 1.504 1.143 1.890 5
0024 pf 30 1.716 0.977 1.974 5
0024 pf 31 1.574 1.087 1.913 5
0024 pf 32 1.720 1.080 2.031 5
0024 pf 33 1.502 1.228 1.940 5
0024 pf 34 1.678 1.277 2.109 5
0024 pf 35 1.576 1.159 1.956 5
0024 pf 36 1.716 1.143 2.062 5
0024 pf 37 1.631 1.193 2.021 5
0024 pf 38 1.493 1.317 1.991 5
0024 pf 39 1.644 1.109 1.983 5
0024 pf 40 1.565 1.023 1.870 5
0024 pf 41 1.358 1.073 1.730 5
0024 pf 42 1.489 1.140 1.875 5
0024 pf 43 1.555 1.203 1.966 5
0024 pf 44 1.395 1.077 1.762 5
0024 pf 45 1.523 1.097 1.877 5
0024 pf 46 1.621 1.176 2.003 5
0024 pf 47 1.625 1.108 1.966 5
0024 pf 48 1.531 1.193 1.941 5
0024 pf 49 1.599 1.178 1.986 5
0024 pf 50 1.613 1.112 1.960 5
0048 em 00 1.318 1.059 1.691 5
0048 cf 00 1.208 1.029 1.587 5
0048 pf 01 1.480 0.978 1.773 5
0048 pf 02 1.084 1.007 1.480 5
0048 pf 03 1.235 1.073 1.636 5
0048 pf 04 1.045 0.934 1.402 5
0048 pf 05 1.451 1.082 1.810 5
0048 pf 06 1.034 1.034 1.462 6
0048 pf 07 1.424 1.055 1.773 5
0048 pf 08 1.308 1.059 1.683 5
0048 pf 09 1.334 1.299 1.862 5
0048 pf 10 1.111 0.854 1.401 5
0048 pf 11 1.366 0.970 1.676 5
0048 pf 12 1.250 1.209 1.739 5
0048 pf 13 1.494 1.161 1.892 5
0048 pf 14 1.435 0.926 1.708 5
0048 pf 15 1.242 1.012 1.602 5
0048 pf 16 1.225 1.075 1.630 5
0048 pf 17 1.401 0.974 1.706 5
0048 pf 18 1.350 0.974 1.665 5
0048 pf 19 1.502 1.071 1.845 5
0048 pf 20 1.160 0.983 1.521 5
0048 pf 21 1.213 1.132 1.659 5
0048 pf 22 1.361 1.291 1.876 5
0048 pf 23 1.362 0.892 1.628 5
0048 pf 24 1.232 0.876 1.511 5
0048 pf 25 1.130 1.011 1.517 5
0048 pf 26 1.144 1.069 1.566 5
0048 pf 27 1.335 1.053 1.700 5
0048 pf 28 1.483 1.078 1.833 5
0048 pf 29 1.442 1.056 1.787 5
0048 pf 30 1.386 0.946 1.678 5
0048 pf 31 1.216 1.101 1.640 5
0048 pf 32 1.411 1.129 1.807 5
0048 pf 33 1.343 1.159 1.774 5
0048 pf 34 1.202 1.190 1.691 5
0048 pf 35 1.339 1.082 1.722 5
0048 pf 36 1.511 1.203 1.931 5
0048 pf 37 1.346 1.011 1.683 5
0048 pf 38 1.054 1.273 1.653 6
0048 pf 39 1.610 1.056 1.926 5
0048 pf 40 1.256 1.105 1.673 5
0048 pf 41 1.042 0.915 1.387 5
0048 pf 42 1.319 1.061 1.693 5
0048 pf 43 1.192 0.846 1.462 5
0048 pf 44 1.265 1.090 1.669 5
0048 pf 45 1.427 0.970 1.726 5
0048 pf 46 1.288 1.015 1.640 5
0048 pf 47 1.389 1.076 1.757 5
0048 pf 48 1.297 1.057 1.673 5
0048 pf 49 1.292 1.200 1.763 5
0048 pf 50 1.329 0.894 1.602 5
0072 em 00 0.940 1.077 1.429 6
0072 cf 00 0.807 0.995 1.281 6
0072 pf 01 1.007 1.056 1.460 6
0072 pf 02 0.591 1.042 1.198 6
0072 pf 03 0.788 0.922 1.213 6
0072 pf 04 0.750 0.958 1.217 6
0072 pf 05 1.017 1.000 1.426 5
0072 pf 06 0.731 0.892 1.153 6
0072 pf 07 1.064 1.105 1.534 6
0072 pf 08 0.981 1.182 1.536 6
0072 pf 09 0.913 1.254 1.551 6
0072 pf 10 0.819 0.843 1.175 6
0072 pf 11 0.947 1.147 1.488 6
0072 pf 12 0.825 1.074 1.354 6
0072 pf 13 1.098 1.071 1.534 5
0072 pf 14 1.069 0.966 1.441 5
0072 pf 15 0.742 0.959 1.213 6
0072 pf 16 0.828 0.960 1.268 6
0072 pf 17 1.094 1.084 1.540 5
0072 pf 18 1.090 1.002 1.481 5
0072 pf 19 1.165 1.344 1.779 6
0072 pf 20 0.888 0.929 1.285 6
0072 pf 21 0.778 1.135 1.376 6
0072 pf 22 1.009 1.213 1.578 6
0072 pf 23 0.906 0.836 1.233 5
0072 pf 24 0.847 0.964 1.284 6
0072 pf 25 0.659 1.046 1.236 6
0072 pf 26 0.900 1.145 1.456 6
0072 pf 27 0.785 0.909 1.201 6
0072 pf 28 1.121 1.086 1.561 5
0072 pf 29 1.170 1.224 1.693 6
0072 pf 30 1.027 1.236 1.607 6
0072 pf 31 0.717 1.099 1.312 6
0072 pf 32 0.888 1.189 1.484 6
0072 pf 33 0.855 1.382 1.625 6
0072 pf 34 0.798 1.157 1.406 6
0072 pf 35 1.136 0.834 1.409 5
0072 pf 36 0.937 1.259 1.570 6
0072 pf 37 0.908 0.907 1.284 5
0072 pf 38 0.734 1.243 1.444 6
0072 pf 39 1.015 1.165 1.545 6
0072 pf 40 0.718 1.140 1.347 6
0072 pf 41 0.934 0.843 1.259 5
0072 pf 42 0.895 1.155 1.461 6
0072 pf 43 0.888 0.890 1.257 6
0072 pf 44 1.003 0.884 1.337 5
0072 pf 45 1.194 0.923 1.509 5
0072 pf 46 0.960 1.276 1.597 6
0072 pf 47 1.091 1.280 1.681 6
0072 pf 48 1.128 1.065 1.552 5
0072 pf 49 0.888 1.292 1.568 6
0072 pf 50 0.891 1.008 1.345 6
0096 em 00 0.429 1.197 1.271 6
0096 cf 00 0.352 1.071 1.127 6
0096 pf 01 0.485 0.957 1.073 6
0096 pf 02 0.176 1.044 1.059 6
0096 pf 03 0.291 1.099 1.137 6
0096 pf 04 0.407 1.132 1.203 6
0096 pf 05 0.637 1.167 1.330 6
0096 pf 06 0.223 0.930 0.957 6
0096 pf 07 0.380 1.152 1.213 6
0096 pf 08 0.419 1.453 1.512 6
0096 pf 09 0.295 1.379 1.410 6
0096 pf 10 0.389 1.085 1.152 6
0096 pf 11 0.130 1.217 1.224 6
0096 pf 12 0.215 1.230 1.249 6
0096 pf 13 0.583 1.354 1.474 6
0096 pf 14 0.652 1.082 1.264 6
0096 pf 15 0.318 1.295 1.334 6
0096 pf 16 0.291 1.286 1.319 6
0096 pf 17 0.487 1.291 1.380 6
0096 pf 18 0.590 1.208 1.344 6
0096 pf 19 0.573 1.416 1.527 6
0096 pf 20 0.286 1.068 1.105 6
0096 pf 21 0.211 1.225 1.243 6
0096 pf 22 0.515 1.256 1.357 6
0096 pf 23 0.523 1.145 1.259 6
0096 pf 24 0.427 0.754 0.866 6
0096 pf 25 0.359 0.968 1.032 6
0096 pf 26 0.446 1.148 1.231 6
0096 pf 27 0.318 1.104 1.148 6
0096 pf 28 0.511 1.349 1.442 6
0096 pf 29 0.656 1.277 1.435 6
0096 pf 30 0.601 1.171 1.316 6
0096 pf 31 0.081 1.098 1.101 6
0096 pf 32 0.454 1.353 1.428 6
0096 pf 33 0.269 1.582 1.604 6
0096 pf 34 0.208 1.097 1.117 6
0096 pf 35 0.744 1.118 1.343 6
0096 pf 36 0.401 1.300 1.361 6
0096 pf 37 0.327 1.161 1.206 6
0096 pf 38 0.279 1.272 1.303 6
0096 pf 39 0.396 1.436 1.490 6
0096 pf 40 0.318 1.057 1.103 6
0096 pf 41 0.396 1.100 1.170 6
0096 pf 42 0.299 1.257 1.293 6
0096 pf 43 0.503 1.084 1.195 6
0096 pf 44 0.389 0.900 0.980 6
0096 pf 45 0.694 1.113 1.312 6
0096 pf 46 0.522 1.259 1.363 6
0096 pf 47 0.473 1.290 1.374 6
0096 pf 48 0.687 1.378 1.540 6
0096 pf 49 0.478 1.305 1.389 6
0096 pf 50 0.333 1.040 1.092 6
0120 em 00 -0.013 1.176 1.176 7
0120 cf 00 -0.125 1.010 1.018 7
0120 pf 01 0.182 1.074 1.090 6
0120 pf 02 -0.132 1.047 1.055 7
0120 pf 03 -0.029 1.205 1.205 7
0120 pf 04 -0.034 1.165 1.166 7
0120 pf 05 0.344 1.221 1.269 6
0120 pf 06 -0.223 0.685 0.720 7
0120 pf 07 0.056 1.093 1.095 6
0120 pf 08 -0.158 1.279 1.289 7
0120 pf 09 -0.091 1.235 1.238 7
0120 pf 10 -0.093 1.267 1.271 7
0120 pf 11 -0.143 1.117 1.126 7
0120 pf 12 -0.332 1.226 1.270 7
0120 pf 13 0.067 1.411 1.413 6
0120 pf 14 0.172 1.053 1.067 6
0120 pf 15 -0.051 1.247 1.248 7
0120 pf 16 -0.275 1.223 1.254 7
0120 pf 17 0.031 1.194 1.194 6
0120 pf 18 0.057 1.360 1.361 6
0120 pf 19 0.176 1.447 1.458 6
0120 pf 20 -0.370 0.993 1.060 7
0120 pf 21 -0.144 1.094 1.103 7
0120 pf 22 0.063 1.231 1.232 6
0120 pf 23 0.086 1.062 1.066 6
0120 pf 24 0.008 0.825 0.825 6
0120 pf 25 0.193 0.917 0.937 6
0120 pf 26 -0.001 1.230 1.230 6
0120 pf 27 -0.036 1.049 1.050 7
0120 pf 28 -0.166 1.136 1.148 7
0120 pf 29 0.037 0.941 0.941 6
0120 pf 30 0.290 1.144 1.180 6
0120 pf 31 -0.512 0.915 1.049 7
0120 pf 32 -0.157 1.408 1.417 7
0120 pf 33 -0.196 1.303 1.318 7
0120 pf 34 -0.370 0.993 1.059 7
0120 pf 35 0.161 1.003 1.016 6
0120 pf 36 -0.154 1.031 1.042 7
0120 pf 37 -0.204 1.150 1.168 7
0120 pf 38 -0.040 1.305 1.306 7
0120 pf 39 -0.102 1.544 1.548 7
0120 pf 40 -0.096 1.209 1.213 7
0120 pf 41 -0.236 0.940 0.969 7
0120 pf 42 0.061 1.312 1.313 6
0120 pf 43 0.078 1.147 1.150 6
0120 pf 44 0.070 1.054 1.056 6
0120 pf 45 0.223 0.964 0.990 6
0120 pf 46 0.056 1.297 1.299 6
0120 pf 47 0.149 1.383 1.391 6
0120 pf 48 0.453 1.486 1.553 6
0120 pf 49 0.135 1.476 1.482 6
0120 pf 50 -0.090 1.275 1.278 7
0144 em 00 -0.091 0.937 0.942 7
0144 cf 00 -0.069 0.834 0.836 7
0144 pf 01 0.155 1.130 1.140 6
0144 pf 02 -0.063 0.671 0.674 7
0144 pf 03 0.072 1.038 1.041 6
0144 pf 04 0.029 0.875 0.875 6
0144 pf 05 0.243 1.093 1.120 6
0144 pf 06 -0.291 0.450 0.536 7
0144 pf 07 0.144 0.824 0.837 6
0144 pf 08 -0.273 1.206 1.237 7
0144 pf 09 -0.271 0.777 0.823 7
0144 pf 10 0.052 0.910 0.911 6
0144 pf 11 -0.125 0.746 0.757 7
0144 pf 12 -0.443 0.890 0.994 7
0144 pf 13 -0.284 1.286 1.317 7
0144 pf 14 0.270 0.855 0.897 6
0144 pf 15 -0.081 1.076 1.079 7
0144 pf 16 -0.423 0.886 0.982 7
0144 pf 17 0.006 0.979 0.979 6
0144 pf 18 -0.128 0.942 0.951 7
0144 pf 19 -0.113 1.271 1.276 7
0144 pf 20 -0.621 0.887 1.083 7
0144 pf 21 -0.243 0.822 0.857 7
0144 pf 22 -0.068 0.723 0.726 7
0144 pf 23 -0.111 0.748 0.756 7
0144 pf 24 -0.143 0.685 0.700 7
0144 pf 25 0.069 0.737 0.740 6
0144 pf 26 -0.007 0.961 0.961 7
0144 pf 27 -0.074 1.079 1.081 7
0144 pf 28 -0.359 1.124 1.180 7
0144 pf 29 -0.054 0.777 0.779 7
0144 pf 30 -0.007 0.988 0.988 7
0144 pf 31 -0.238 0.564 0.612 7
0144 pf 32 -0.178 1.189 1.202 7
0144 pf 33 -0.303 0.952 0.999 7
0144 pf 34 -0.338 0.763 0.834 7
0144 pf 35 0.031 1.055 1.055 6
0144 pf 36 -0.096 0.592 0.600 7
0144 pf 37 -0.320 0.750 0.816 7
0144 pf 38 -0.273 1.091 1.125 7
0144 pf 39 -0.171 1.226 1.238 7
0144 pf 40 -0.323 0.879 0.937 7
0144 pf 41 -0.213 0.782 0.810 7
0144 pf 42 -0.035 1.078 1.079 7
0144 pf 43 -0.067 0.894 0.897 7
0144 pf 44 0.153 0.911 0.924 6
0144 pf 45 0.134 0.906 0.916 6
0144 pf 46 0.173 0.970 0.986 6
0144 pf 47 0.035 1.206 1.207 6
0144 pf 48 0.080 1.122 1.125 6
0144 pf 49 0.002 1.133 1.133 6
0144 pf 50 -0.144 1.069 1.079 7
0168 em 00 -0.067 0.893 0.896 7
0168 cf 00 0.154 0.705 0.721 6
0168 pf 01 -0.278 1.257 1.288 7
0168 pf 02 -0.059 0.619 0.622 7
0168 pf 03 -0.046 0.921 0.922 7
0168 pf 04 0.249 0.745 0.785 6
0168 pf 05 0.224 0.886 0.914 6
0168 pf 06 -0.100 0.518 0.528 7
0168 pf 07 0.210 0.785 0.813 6
0168 pf 08 -0.148 1.222 1.231 7
0168 pf 09 -0.236 0.544 0.593 7
0168 pf 10 0.141 0.994 1.004 6
0168 pf 11 -0.061 0.725 0.728 7
0168 pf 12 -0.361 0.673 0.764 7
0168 pf 13 -0.417 1.260 1.327 7
0168 pf 14 0.478 0.835 0.962 6
0168 pf 15 0.003 0.746 0.746 6
0168 pf 16 -0.137 0.647 0.662 7
0168 pf 17 0.007 0.960 0.960 6
0168 pf 18 -0.046 1.117 1.118 7
0168 pf 19 0.007 1.320 1.320 6
0168 pf 20 -0.863 0.810 1.184 8
0168 pf 21 -0.365 0.812 0.891 7
0168 pf 22 0.038 0.645 0.646 6
0168 pf 23 -0.008 0.792 0.792 7
0168 pf 24 0.092 0.840 0.845 6
0168 pf 25 0.151 0.555 0.576 6
0168 pf 26 -0.008 1.068 1.068 7
0168 pf 27 -0.233 0.987 1.015 7
0168 pf 28 -0.449 0.949 1.050 7
0168 pf 29 0.076 0.755 0.759 6
0168 pf 30 -0.180 1.043 1.058 7
0168 pf 31 -0.298 0.287 0.414 8
0168 pf 32 -0.293 1.299 1.332 7
0168 pf 33 -0.349 0.890 0.956 7
0168 pf 34 -0.212 0.636 0.670 7
0168 pf 35 -0.012 0.924 0.924 7
0168 pf 36 0.001 0.510 0.510 6
0168 pf 37 -0.203 0.465 0.508 7
0168 pf 38 -0.201 1.128 1.146 7
0168 pf 39 -0.238 1.255 1.277 7
0168 pf 40 -0.200 0.661 0.691 7
0168 pf 41 -0.064 0.757 0.760 7
0168 pf 42 -0.113 1.326 1.331 7
0168 pf 43 -0.103 0.893 0.899 7
0168 pf 44 0.081 0.618 0.623 6
0168 pf 45 0.285 1.217 1.250 6
0168 pf 46 0.264 1.188 1.217 6
0168 pf 47 -0.116 1.170 1.175 7
0168 pf 48 0.123 1.225 1.231 6
0168 pf 49 -0.015 0.817 0.817 7
0168 pf 50 -0.094 1.161 1.164 7
0192 em 00 -0.038 0.920 0.921 7
0192 cf 00 0.147 0.794 0.807 6
0192 pf 01 -0.186 1.201 1.215 7
0192 pf 02 0.023 0.438 0.438 6
0192 pf 03 -0.135 0.905 0.915 7
0192 pf 04 0.622 0.835 1.042 6
0192 pf 05 0.360 0.804 0.881 6
0192 pf 06 -0.087 0.635 0.641 7
0192 pf 07 0.339 1.212 1.259 6
0192 pf 08 -0.254 1.062 1.092 7
0192 pf 09 -0.058 0.335 0.340 7
0192 pf 10 0.013 0.976 0.976 6
0192 pf 11 0.042 0.750 0.752 6
0192 pf 12 -0.254 0.645 0.693 7
0192 pf 13 -0.581 1.297 1.421 7
0192 pf 14 0.540 1.036 1.168 6
0192 pf 15 -0.025 1.024 1.025 7
0192 pf 16 0.087 0.490 0.497 6
0192 pf 17 0.036 1.014 1.015 6
0192 pf 18 -0.302 1.065 1.107 7
0192 pf 19 0.081 1.371 1.373 6
0192 pf 20 -0.505 0.915 1.045 7
0192 pf 21 -0.346 0.900 0.964 7
0192 pf 22 0.301 0.504 0.587 6
0192 pf 23 -0.091 1.147 1.151 7
0192 pf 24 0.213 0.981 1.004 6
0192 pf 25 -0.036 0.725 0.726 7
0192 pf 26 -0.102 1.207 1.212 7
0192 pf 27 -0.063 0.870 0.873 7
0192 pf 28 -0.594 1.015 1.176 7
0192 pf 29 0.252 0.941 0.974 6
0192 pf 30 -0.313 0.988 1.036 7
0192 pf 31 -0.259 0.266 0.371 7
0192 pf 32 -0.204 1.301 1.317 7
0192 pf 33 -0.429 1.042 1.127 7
0192 pf 34 0.024 0.704 0.705 6
0192 pf 35 0.110 0.956 0.962 6
0192 pf 36 0.227 0.662 0.700 6
0192 pf 37 0.076 0.568 0.573 6
0192 pf 38 -0.312 1.096 1.140 7
0192 pf 39 -0.247 0.942 0.973 7
0192 pf 40 -0.382 0.318 0.497 8
0192 pf 41 -0.151 0.936 0.948 7
0192 pf 42 -0.096 1.190 1.193 7
0192 pf 43 -0.115 1.053 1.060 7
0192 pf 44 0.138 0.537 0.554 6
0192 pf 45 0.018 1.333 1.333 6
0192 pf 46 0.340 1.264 1.309 6
0192 pf 47 -0.260 1.113 1.143 7
0192 pf 48 0.030 1.083 1.083 6
0192 pf 49 0.012 0.784 0.784 6
0192 pf 50 -0.013 1.255 1.255 7
0216 em 00 -0.119 0.857 0.865 7
0216 cf 00 0.023 0.691 0.691 6
0216 pf 01 -0.209 1.223 1.241 7
0216 pf 02 0.222 0.335 0.402 6
0216 pf 03 -0.239 0.966 0.995 7
0216 pf 04 0.449 0.831 0.945 6
0216 pf 05 0.313 0.437 0.538 6
0216 pf 06 -0.191 0.609 0.638 7
0216 pf 07 0.187 1.271 1.284 6
0216 pf 08 -0.472 1.039 1.142 7
0216 pf 09 -0.018 0.339 0.340 7
0216 pf 10 -0.239 0.799 0.834 7
0216 pf 11 0.044 0.981 0.982 6
0216 pf 12 -0.284 0.528 0.599 7
0216 pf 13 -0.711 0.972 1.204 7
0216 pf 14 0.532 1.121 1.241 6
0216 pf 15 0.088 0.863 0.867 6
0216 pf 16 0.157 0.510 0.534 6
0216 pf 17 -0.097 0.794 0.800 7
0216 pf 18 -0.300 1.013 1.056 7
0216 pf 19 -0.200 1.488 1.501 7
0216 pf 20 -0.464 0.442 0.641 8
0216 pf 21 -0.277 0.648 0.705 7
0216 pf 22 0.198 0.276 0.340 6
0216 pf 23 -0.267 0.988 1.024 7
0216 pf 24 0.174 1.255 1.267 6
0216 pf 25 -0.049 0.549 0.552 7
0216 pf 26 -0.364 1.171 1.226 7
0216 pf 27 0.352 0.689 0.774 6
0216 pf 28 -0.783 1.072 1.327 7
0216 pf 29 -0.131 1.078 1.086 7
0216 pf 30 -0.291 0.820 0.870 7
0216 pf 31 -0.348 0.466 0.582 7
0216 pf 32 -0.167 1.106 1.119 7
0216 pf 33 -0.433 1.166 1.244 7
0216 pf 34 0.196 0.727 0.753 6
0216 pf 35 -0.138 1.009 1.018 7
0216 pf 36 0.091 0.584 0.591 6
0216 pf 37 0.185 0.402 0.443 6
0216 pf 38 -0.626 0.984 1.166 7
0216 pf 39 -0.337 0.548 0.644 7
0216 pf 40 -0.599 0.330 0.684 8
0216 pf 41 -0.200 0.830 0.854 7
0216 pf 42 -0.110 1.284 1.289 7
0216 pf 43 -0.146 0.723 0.737 7
0216 pf 44 -0.044 0.607 0.609 7
0216 pf 45 -0.535 1.274 1.382 7
0216 pf 46 0.222 1.373 1.391 6
0216 pf 47 -0.370 0.925 0.997 7
0216 pf 48 0.102 1.172 1.177 6
0216 pf 49 -0.191 0.747 0.771 7
0216 pf 50 -0.052 1.153 1.154 7
0240 em 00 -0.136 0.965 0.975 7
0240 cf 00 0.140 0.700 0.714 6
0240 pf 01 -0.075 1.293 1.295 7
0240 pf 02 0.271 0.330 0.427 6
0240 pf 03 -0.153 1.090 1.100 7
0240 pf 04 0.401 1.118 1.188 6
0240 pf 05 0.186 0.412 0.452 6
0240 pf 06 -0.540 0.583 0.795 7
0240 pf 07 0.144 1.526 1.533 6
0240 pf 08 -0.429 1.236 1.308 7
0240 pf 09 -0.094 0.540 0.548 7
0240 pf 10 -0.359 0.966 1.031 7
0240 pf 11 0.013 0.882 0.882 6
0240 pf 12 -0.038 0.504 0.505 7
0240 pf 13 -0.738 0.591 0.945 8
0240 pf 14 0.403 1.365 1.423 6
0240 pf 15 0.358 1.202 1.254 6
0240 pf 16 -0.131 0.865 0.875 7
0240 pf 17 0.024 0.865 0.865 6
0240 pf 18 -0.189 0.933 0.952 7
0240 pf 19 -0.194 1.287 1.301 7
0240 pf 20 -0.469 0.678 0.824 7
0240 pf 21 -0.127 0.740 0.751 7
0240 pf 22 0.262 0.494 0.559 6
0240 pf 23 -0.153 1.208 1.217 7
0240 pf 24 0.077 1.421 1.423 6
0240 pf 25 -0.083 0.705 0.710 7
0240 pf 26 -0.496 1.189 1.288 7
0240 pf 27 0.537 0.621 0.821 6
0240 pf 28 -0.814 1.231 1.476 7
0240 pf 29 -0.205 1.255 1.271 7
0240 pf 30 -0.260 0.962 0.996 7
0240 pf 31 -0.428 0.666 0.791 7
0240 pf 32 -0.083 1.122 1.125 7
0240 pf 33 -0.419 1.507 1.565 7
0240 pf 34 0.316 0.914 0.966 6
0240 pf 35 -0.061 1.014 1.016 7
0240 pf 36 0.136 0.775 0.787 6
0240 pf 37 0.219 0.637 0.674 6
0240 pf 38 -0.613 1.008 1.179 7
0240 pf 39 -0.140 0.299 0.330 7
0240 pf 40 -0.695 0.669 0.965 8
0240 pf 41 -0.216 0.885 0.911 7
0240 pf 42 -0.212 1.482 1.497 7
0240 pf 43 -0.104 0.683 0.690 7
0240 pf 44 -0.257 0.836 0.875 7
0240 pf 45 -0.692 1.589 1.733 7
0240 pf 46 -0.090 1.651 1.654 7
0240 pf 47 -0.593 0.683 0.905 7
0240 pf 48 0.008 1.385 1.385 6
0240 pf 49 -0.260 1.007 1.040 7
0240 pf 50 -0.275 1.126 1.159 7
0264 em 00 -0.165 1.121 1.133 7
0264 cf 00 0.140 0.961 0.972 6
0264 pf 01 -0.307 1.547 1.577 7
0264 pf 02 0.253 0.547 0.603 6
0264 pf 03 -0.182 1.195 1.208 7
0264 pf 04 0.330 1.491 1.527 6
0264 pf 05 -0.009 0.786 0.786 7
0264 pf 06 -0.433 0.912 1.009 7
0264 pf 07 -0.136 1.761 1.766 7
0264 pf 08 -0.237 1.367 1.387 7
0264 pf 09 -0.251 0.807 0.845 7
0264 pf 10 -0.618 0.819 1.027 7
0264 pf 11 0.041 1.088 1.089 6
0264 pf 12 0.141 0.482 0.502 6
0264 pf 13 -0.808 0.687 1.060 8
0264 pf 14 0.278 1.549 1.574 6
0264 pf 15 0.062 1.298 1.300 6
0264 pf 16 -0.228 1.104 1.127 7
0264 pf 17 0.207 1.150 1.168 6
0264 pf 18 -0.160 1.061 1.074 7
0264 pf 19 -0.404 1.218 1.283 7
0264 pf 20 -0.507 0.713 0.875 7
0264 pf 21 0.073 0.871 0.874 6
0264 pf 22 0.111 0.724 0.733 6
0264 pf 23 -0.413 1.449 1.507 7
0264 pf 24 -0.063 1.744 1.745 7
0264 pf 25 0.117 1.060 1.066 6
0264 pf 26 -0.579 1.094 1.237 7
0264 pf 27 0.496 0.933 1.057 6
0264 pf 28 -0.528 1.344 1.444 7
0264 pf 29 -0.083 1.472 1.475 7
0264 pf 30 -0.148 1.279 1.287 7
0264 pf 31 -0.343 0.847 0.913 7
0264 pf 32 -0.321 1.171 1.214 7
0264 pf 33 -0.445 1.495 1.560 7
0264 pf 34 0.125 1.177 1.184 6
0264 pf 35 0.212 1.027 1.048 6
0264 pf 36 -0.056 0.861 0.862 7
0264 pf 37 0.426 0.920 1.014 6
0264 pf 38 -0.806 1.126 1.385 7
0264 pf 39 0.148 0.536 0.556 6
0264 pf 40 -0.420 0.588 0.722 7
0264 pf 41 -0.175 0.923 0.939 7
0264 pf 42 -0.362 1.581 1.622 7
0264 pf 43 -0.033 0.864 0.865 7
0264 pf 44 -0.365 0.604 0.706 7
0264 pf 45 -0.643 1.742 1.857 7
0264 pf 46 -0.452 1.683 1.742 7
0264 pf 47 -0.636 0.677 0.929 7
0264 pf 48 -0.182 1.519 1.530 7
0264 pf 49 -0.231 1.183 1.205 7
0264 pf 50 -0.441 1.616 1.676 7
0288 em 00 -0.151 1.172 1.181 7
0288 cf 00 0.227 1.128 1.151 6
0288 pf 01 -0.507 1.449 1.535 7
0288 pf 02 0.285 0.656 0.715 6
0288 pf 03 -0.096 1.298 1.301 7
0288 pf 04 -0.012 1.788 1.788 7
0288 pf 05 -0.068 0.802 0.805 7
0288 pf 06 -0.637 0.841 1.055 7
0288 pf 07 -0.404 1.880 1.923 7
0288 pf 08 -0.063 1.372 1.374 7
0288 pf 09 -0.078 1.148 1.150 7
0288 pf 10 -0.719 0.847 1.111 7
0288 pf 11 0.033 0.910 0.910 6
0288 pf 12 0.414 0.402 0.577 5
0288 pf 13 -0.615 0.864 1.061 7
0288 pf 14 0.348 1.529 1.568 6
0288 pf 15 0.263 1.385 1.410 6
0288 pf 16 -0.418 1.132 1.206 7
0288 pf 17 0.041 1.217 1.217 6
0288 pf 18 -0.048 0.778 0.780 7
0288 pf 19 -0.316 1.243 1.282 7
0288 pf 20 -0.513 0.727 0.890 7
0288 pf 21 0.246 1.042 1.071 6
0288 pf 22 0.126 0.802 0.811 6
0288 pf 23 -0.461 1.695 1.756 7
0288 pf 24 -0.211 1.662 1.675 7
0288 pf 25 0.262 1.286 1.313 6
0288 pf 26 -0.711 0.977 1.209 7
0288 pf 27 0.510 1.163 1.270 6
0288 pf 28 -0.568 1.141 1.275 7
0288 pf 29 -0.017 1.954 1.954 7
0288 pf 30 0.087 1.443 1.445 6
0288 pf 31 -0.132 0.838 0.848 7
0288 pf 32 -0.735 1.281 1.477 7
0288 pf 33 -0.411 1.130 1.203 7
0288 pf 34 -0.094 1.285 1.288 7
0288 pf 35 0.376 1.005 1.073 6
0288 pf 36 -0.062 0.748 0.751 7
0288 pf 37 0.508 1.184 1.289 6
0288 pf 38 -0.781 0.964 1.240 7
0288 pf 39 0.325 0.891 0.948 6
0288 pf 40 -0.339 0.230 0.410 8
0288 pf 41 -0.227 0.995 1.020 7
0288 pf 42 -0.376 1.770 1.810 7
0288 pf 43 0.250 0.846 0.882 6
0288 pf 44 -0.227 0.631 0.671 7
0288 pf 45 -0.381 1.808 1.848 7
0288 pf 46 -0.657 1.948 2.055 7
0288 pf 47 -0.441 0.720 0.844 7
0288 pf 48 -0.422 1.340 1.405 7
0288 pf 49 -0.078 1.279 1.281 7
0288 pf 50 -0.556 1.932 2.010 7
0312 em 00 -0.223 1.248 1.268 7
0312 cf 00 0.412 1.295 1.359 6
0312 pf 01 -0.656 1.651 1.776 7
0312 pf 02 0.413 1.053 1.131 6
0312 pf 03 -0.176 1.460 1.470 7
0312 pf 04 0.004 2.073 2.073 6
0312 pf 05 0.022 1.144 1.144 6
0312 pf 06 -0.624 1.272 1.417 7
0312 pf 07 -0.570 1.722 1.814 7
0312 pf 08 -0.212 1.055 1.076 7
0312 pf 09 -0.173 1.225 1.238 7
0312 pf 10 -0.922 0.925 1.306 7
0312 pf 11 -0.014 1.320 1.320 7
0312 pf 12 0.630 0.531 0.823 5
0312 pf 13 -0.544 1.005 1.143 7
0312 pf 14 0.306 1.905 1.929 6
0312 pf 15 0.355 1.698 1.735 6
0312 pf 16 -0.295 1.334 1.366 7
0312 pf 17 -0.046 1.577 1.578 7
0312 pf 18 -0.128 1.116 1.123 7
0312 pf 19 -0.466 1.635 1.700 7
0312 pf 20 -0.348 0.450 0.568 7
0312 pf 21 -0.001 0.854 0.854 7
0312 pf 22 0.289 1.069 1.107 6
0312 pf 23 -0.441 1.804 1.857 7
0312 pf 24 -0.545 1.587 1.678 7
0312 pf 25 0.051 1.429 1.430 6
0312 pf 26 -0.879 0.908 1.263 7
0312 pf 27 -0.052 1.436 1.437 7
0312 pf 28 -0.698 0.997 1.217 7
0312 pf 29 -0.337 1.788 1.820 7
0312 pf 30 -0.206 1.750 1.762 7
0312 pf 31 -0.137 0.999 1.008 7
0312 pf 32 -0.983 1.128 1.496 7
0312 pf 33 -0.314 1.115 1.158 7
0312 pf 34 0.085 1.172 1.175 6
0312 pf 35 0.239 1.341 1.362 6
0312 pf 36 -0.043 0.642 0.643 7
0312 pf 37 0.263 0.980 1.014 6
0312 pf 38 -0.707 0.920 1.160 7
0312 pf 39 0.162 1.301 1.311 6
0312 pf 40 -0.407 0.145 0.432 8
0312 pf 41 -0.687 0.557 0.884 8
0312 pf 42 -0.434 2.013 2.059 7
0312 pf 43 0.521 0.945 1.079 6
0312 pf 44 -0.140 0.404 0.428 7
0312 pf 45 -0.495 1.891 1.955 7
0312 pf 46 -0.647 1.642 1.765 7
0312 pf 47 -0.246 0.548 0.601 7
0312 pf 48 -0.679 1.303 1.469 7
0312 pf 49 -0.386 1.144 1.207 7
0312 pf 50 -0.706 1.924 2.049 7
0336 em 00 -0.397 1.333 1.390 7
0336 cf 00 0.357 1.798 1.833 6
0336 pf 01 -1.116 1.628 1.974 7
0336 pf 02 0.570 1.312 1.430 6
0336 pf 03 -0.301 1.698 1.725 7
0336 pf 04 -0.447 2.336 2.378 7
0336 pf 05 -0.118 1.368 1.373 7
0336 pf 06 -0.556 1.531 1.629 7
0336 pf 07 -0.834 1.710 1.903 7
0336 pf 08 0.002 1.092 1.092 6
0336 pf 09 -0.494 1.363 1.450 7
0336 pf 10 -1.139 0.954 1.486 8
0336 pf 11 -0.049 1.336 1.337 7
0336 pf 12 0.441 0.971 1.067 6
0336 pf 13 -0.494 0.896 1.024 7
0336 pf 14 -0.005 2.258 2.258 7
0336 pf 15 -0.048 1.820 1.821 7
0336 pf 16 -0.333 1.328 1.369 7
0336 pf 17 -0.338 1.595 1.631 7
0336 pf 18 -0.529 1.359 1.458 7
0336 pf 19 -0.303 1.787 1.813 7
0336 pf 20 -0.661 0.640 0.920 8
0336 pf 21 -0.309 0.784 0.843 7
0336 pf 22 0.119 1.037 1.044 6
0336 pf 23 -0.837 1.667 1.865 7
0336 pf 24 -1.073 1.499 1.843 7
0336 pf 25 -0.231 1.720 1.736 7
0336 pf 26 -0.733 1.156 1.369 7
0336 pf 27 -0.464 1.722 1.783 7
0336 pf 28 -0.534 1.458 1.553 7
0336 pf 29 -0.333 1.759 1.791 7
0336 pf 30 -0.451 1.397 1.468 7
0336 pf 31 -0.408 0.954 1.038 7
0336 pf 32 -0.902 1.274 1.561 7
0336 pf 33 -0.444 1.424 1.491 7
0336 pf 34 -0.219 1.251 1.270 7
0336 pf 35 0.238 1.260 1.282 6
0336 pf 36 -0.472 1.099 1.196 7
0336 pf 37 -0.051 0.894 0.896 7
0336 pf 38 -1.063 0.741 1.296 8
0336 pf 39 -0.027 1.523 1.523 7
0336 pf 40 -0.441 0.222 0.494 8
0336 pf 41 -1.149 0.364 1.206 8
0336 pf 42 -0.564 2.063 2.138 7
0336 pf 43 0.546 1.020 1.157 6
0336 pf 44 -0.326 0.580 0.665 7
0336 pf 45 -0.647 1.848 1.958 7
0336 pf 46 -0.876 1.189 1.477 7
0336 pf 47 -0.127 0.416 0.435 7
0336 pf 48 -0.694 1.155 1.347 7
0336 pf 49 -0.920 1.001 1.359 7
0336 pf 50 -0.666 2.106 2.209 7
0360 em 00 -0.522 1.310 1.410 7
0360 cf 00 0.164 2.179 2.185 6
0360 pf 01 -1.352 1.447 1.980 7
0360 pf 02 0.106 1.383 1.387 6
0360 pf 03 -0.164 1.500 1.509 7
0360 pf 04 -0.746 2.416 2.528 7
0360 pf 05 -0.365 1.392 1.439 7
0360 pf 06 -0.364 1.776 1.812 7
0360 pf 07 -1.113 1.355 1.753 7
0360 pf 08 0.193 0.998 1.017 6
0360 pf 09 -0.895 0.915 1.280 7
0360 pf 10 -1.035 0.833 1.329 8
0360 pf 11 -0.305 1.451 1.482 7
0360 pf 12 0.359 1.075 1.133 6
0360 pf 13 -0.295 1.238 1.272 7
0360 pf 14 -0.446 2.181 2.226 7
0360 pf 15 -0.668 1.809 1.928 7
0360 pf 16 -0.081 1.771 1.773 7
0360 pf 17 -0.404 1.725 1.772 7
0360 pf 18 -0.545 1.411 1.513 7
0360 pf 19 -0.458 1.759 1.818 7
0360 pf 20 -0.479 0.669 0.823 7
0360 pf 21 -0.229 0.813 0.845 7
0360 pf 22 -0.016 1.019 1.020 7
0360 pf 23 -0.729 1.721 1.869 7
0360 pf 24 -1.388 1.226 1.852 8
0360 pf 25 -0.281 1.838 1.859 7
0360 pf 26 -0.759 1.481 1.664 7
0360 pf 27 -0.814 1.678 1.865 7
0360 pf 28 -0.508 1.549 1.630 7
0360 pf 29 -0.527 1.880 1.953 7
0360 pf 30 -0.600 1.147 1.294 7
0360 pf 31 -0.555 1.257 1.374 7
0360 pf 32 -0.955 1.194 1.529 7
0360 pf 33 -0.721 1.336 1.518 7
0360 pf 34 -0.558 1.352 1.463 7
0360 pf 35 0.255 1.064 1.094 6
0360 pf 36 -0.537 1.334 1.438 7
0360 pf 37 -0.135 0.852 0.862 7
0360 pf 38 -1.355 0.753 1.550 8
0360 pf 39 -0.078 1.183 1.186 7
0360 pf 40 -0.532 0.212 0.573 8
0360 pf 41 -1.114 0.050 1.115 8
0360 pf 42 -0.926 1.475 1.741 7
0360 pf 43 0.291 0.967 1.010 6
0360 pf 44 -0.622 0.551 0.831 8
0360 pf 45 -0.840 1.380 1.615 7
0360 pf 46 -0.583 1.053 1.204 7
0360 pf 47 -0.199 0.441 0.484 7
0360 pf 48 -0.598 0.806 1.004 7
0360 pf 49 -1.498 0.817 1.706 8
0360 pf 50 -0.814 2.371 2.507 7
0384 em 00 -0.605 1.233 1.374 7
0384 cf 00 0.009 2.174 2.174 6
0384 pf 01 -1.555 0.909 1.801 8
0384 pf 02 -0.045 1.586 1.587 7
0384 pf 03 -0.025 1.475 1.476 7
0384 pf 04 -0.771 2.499 2.615 7
0384 pf 05 -0.486 1.388 1.471 7
0384 pf 06 -0.481 1.403 1.483 7
0384 pf 07 -1.326 1.379 1.913 7
0384 pf 08 0.273 0.915 0.955 6
0384 pf 09 -0.935 0.675 1.153 8
0384 pf 10 -1.162 0.810 1.416 8
0384 pf 11 -0.419 1.470 1.529 7
0384 pf 12 0.551 1.108 1.237 6
0384 pf 13 0.060 1.284 1.285 6
0384 pf 14 -0.873 2.474 2.623 7
0384 pf 15 -1.386 1.648 2.153 7
0384 pf 16 -0.225 1.781 1.795 7
0384 pf 17 -0.368 1.795 1.832 7
0384 pf 18 -0.366 1.120 1.178 7
0384 pf 19 -0.424 1.966 2.011 7
0384 pf 20 -0.783 0.456 0.906 8
0384 pf 21 -0.010 0.886 0.886 7
0384 pf 22 -0.124 1.103 1.110 7
0384 pf 23 -0.349 1.598 1.636 7
0384 pf 24 -1.281 1.020 1.638 8
0384 pf 25 -0.754 1.677 1.839 7
0384 pf 26 -0.796 1.888 2.048 7
0384 pf 27 -1.029 1.330 1.682 7
0384 pf 28 -0.774 1.466 1.658 7
0384 pf 29 -0.644 1.686 1.805 7
0384 pf 30 -0.460 1.598 1.663 7
0384 pf 31 -0.622 1.176 1.330 7
0384 pf 32 -1.172 0.949 1.508 8
0384 pf 33 -0.825 1.308 1.546 7
0384 pf 34 -0.633 1.366 1.506 7
0384 pf 35 0.158 0.944 0.957 6
0384 pf 36 -0.670 0.991 1.196 7
0384 pf 37 -0.115 0.613 0.624 7
0384 pf 38 -1.444 0.283 1.472 8
0384 pf 39 -0.049 0.810 0.812 7
0384 pf 40 -0.562 0.348 0.661 8
0384 pf 41 -0.663 0.348 0.749 8
0384 pf 42 -1.261 1.033 1.631 8
0384 pf 43 -0.269 0.966 1.002 7
0384 pf 44 -0.530 0.670 0.854 7
0384 pf 45 -1.142 1.163 1.630 7
0384 pf 46 -0.109 0.955 0.962 7
0384 pf 47 -0.321 0.245 0.404 8
0384 pf 48 -0.858 0.382 0.939 8
0384 pf 49 -1.898 0.784 2.054 8
0384 pf 50 -0.900 2.303 2.473 7
0408 em 00 -0.666 1.123 1.305 7
0408 cf 00 -0.167 1.959 1.966 7
0408 pf 01 -1.763 0.328 1.793 8
0408 pf 02 -0.330 1.563 1.597 7
0408 pf 03 -0.466 1.411 1.486 7
0408 pf 04 -0.883 2.210 2.380 7
0408 pf 05 -0.744 1.430 1.611 7
0408 pf 06 -0.822 1.299 1.538 7
0408 pf 07 -1.583 1.291 2.043 8
0408 pf 08 0.209 0.634 0.667 6
0408 pf 09 -0.525 0.504 0.728 8
0408 pf 10 -1.322 0.647 1.472 8
0408 pf 11 -0.764 1.663 1.830 7
0408 pf 12 0.100 1.112 1.116 6
0408 pf 13 0.204 1.414 1.428 6
0408 pf 14 -1.064 2.650 2.856 7
0408 pf 15 -1.800 1.491 2.337 8
0408 pf 16 -0.353 1.727 1.762 7
0408 pf 17 -0.800 1.496 1.697 7
0408 pf 18 -0.311 0.983 1.031 7
0408 pf 19 -0.661 1.669 1.795 7
0408 pf 20 -0.686 0.398 0.793 8
0408 pf 21 0.201 0.962 0.982 6
0408 pf 22 -0.194 1.428 1.441 7
0408 pf 23 -0.321 1.367 1.404 7
0408 pf 24 -0.912 1.065 1.402 7
0408 pf 25 -1.095 1.481 1.842 7
0408 pf 26 -0.782 2.048 2.192 7
0408 pf 27 -0.910 0.865 1.255 8
0408 pf 28 -1.087 0.998 1.476 8
0408 pf 29 -0.300 1.393 1.425 7
0408 pf 30 -0.666 1.504 1.645 7
0408 pf 31 -0.460 1.292 1.371 7
0408 pf 32 -1.377 0.669 1.531 8
0408 pf 33 -0.547 0.920 1.070 7
0408 pf 34 -0.826 1.694 1.885 7
0408 pf 35 0.316 1.316 1.354 6
0408 pf 36 -0.444 0.908 1.011 7
0408 pf 37 0.086 0.347 0.357 6
0408 pf 38 -1.557 0.063 1.559 8
0408 pf 39 -0.068 0.670 0.673 7
0408 pf 40 -0.656 -0.047 0.658 1
0408 pf 41 -0.487 0.376 0.615 8
0408 pf 42 -1.293 1.025 1.650 8
0408 pf 43 -0.535 0.837 0.993 7
0408 pf 44 -0.386 0.709 0.807 7
0408 pf 45 -1.174 0.841 1.444 8
0408 pf 46 -0.132 1.061 1.070 7
0408 pf 47 -0.084 0.117 0.144 7
0408 pf 48 -0.760 -0.004 0.760 1
0408 pf 49 -1.821 0.606 1.920 8
0408 pf 50 -1.040 2.210 2.442 7
0432 em 00 -0.684 0.996 1.208 7
0432 cf 00 -0.487 1.845 1.908 7
0432 pf 01 -1.666 -0.055 1.667 1
0432 pf 02 -0.815 1.175 1.430 7
0432 pf 03 -0.370 1.823 1.860 7
0432 pf 04 -1.059 1.676 1.982 7
0432 pf 05 -0.865 1.530 1.757 7
0432 pf 06 -0.772 1.129 1.368 7
0432 pf 07 -1.651 1.115 1.992 8
0432 pf 08 0.519 0.588 0.784 6
0432 pf 09 -0.589 0.618 0.854 7
0432 pf 10 -1.429 0.403 1.485 8
0432 pf 11 -0.923 1.548 1.803 7
0432 pf 12 -0.235 0.799 0.833 7
0432 pf 13 0.553 1.343 1.452 6
0432 pf 14 -1.168 2.468 2.731 7
0432 pf 15 -1.888 1.036 2.154 8
0432 pf 16 -0.695 1.475 1.631 7
0432 pf 17 -0.731 1.516 1.683 7
0432 pf 18 -0.241 0.769 0.806 7
0432 pf 19 -0.422 1.251 1.321 7
0432 pf 20 -0.495 0.535 0.728 7
0432 pf 21 -0.016 0.765 0.765 7
0432 pf 22 -0.387 1.257 1.315 7
0432 pf 23 -0.127 1.077 1.085 7
0432 pf 24 -0.540 1.208 1.323 7
0432 pf 25 -1.105 1.249 1.668 7
0432 pf 26 -0.846 1.816 2.003 7
0432 pf 27 -0.772 0.876 1.168 7
0432 pf 28 -1.106 0.838 1.388 8
0432 pf 29 -0.510 1.296 1.393 7
0432 pf 30 -0.669 1.588 1.723 7
0432 pf 31 -0.383 1.642 1.686 7
0432 pf 32 -1.339 0.612 1.472 8
0432 pf 33 -0.354 0.776 0.853 7
0432 pf 34 -1.181 1.806 2.158 7
0432 pf 35 0.388 1.339 1.394 6
0432 pf 36 -0.259 0.883 0.920 7
0432 pf 37 0.043 0.240 0.244 6
0432 pf 38 -1.599 -0.357 1.639 1
0432 pf 39 -0.236 0.647 0.689 7
0432 pf 40 -0.877 -0.427 0.975 1
0432 pf 41 -0.693 0.507 0.859 8
0432 pf 42 -1.218 1.271 1.761 7
0432 pf 43 -0.471 0.708 0.850 7
0432 pf 44 -0.473 0.765 0.899 7
0432 pf 45 -1.205 0.528 1.315 8
0432 pf 46 -0.029 0.776 0.776 7
0432 pf 47 -0.063 -0.019 0.066 1
0432 pf 48 -0.603 -0.309 0.678 1
0432 pf 49 -1.588 0.208 1.601 8
0432 pf 50 -1.164 2.060 2.366 7
0456 em 00 -0.687 0.878 1.115 7
0456 cf 00 -0.828 1.836 2.014 7
0456 pf 01 -1.593 -0.048 1.593 1
0456 pf 02 -0.996 1.048 1.445 7
0456 pf 03 -0.295 1.884 1.907 7
0456 pf 04 -1.022 1.313 1.664 7
0456 pf 05 -0.953 1.386 1.682 7
0456 pf 06 -0.672 1.274 1.440 7
0456 pf 07 -2.001 0.962 2.221 8
0456 pf 08 0.187 0.687 0.712 6
0456 pf 09 -0.522 0.453 0.691 8
0456 pf 10 -1.180 -0.071 1.182 1
0456 pf 11 -1.005 1.534 1.834 7
0456 pf 12 -0.440 0.701 0.827 7
0456 pf 13 0.606 0.885 1.072 6
0456 pf 14 -1.403 1.892 2.355 7
0456 pf 15 -1.744 0.727 1.889 8
0456 pf 16 -0.954 1.312 1.622 7
0456 pf 17 -0.270 1.286 1.314 7
0456 pf 18 -0.096 1.069 1.074 7
0456 pf 19 -0.432 0.914 1.011 7
0456 pf 20 0.052 0.510 0.513 6
0456 pf 21 0.117 0.590 0.602 6
0456 pf 22 -0.505 1.261 1.359 7
0456 pf 23 -0.185 1.062 1.078 7
0456 pf 24 -0.588 1.196 1.332 7
0456 pf 25 -1.396 0.795 1.607 8
0456 pf 26 -1.058 1.323 1.694 7
0456 pf 27 -0.600 0.738 0.951 7
0456 pf 28 -0.990 0.505 1.112 8
0456 pf 29 -0.508 1.173 1.278 7
0456 pf 30 -0.915 1.714 1.943 7
0456 pf 31 -0.457 1.674 1.735 7
0456 pf 32 -1.150 1.077 1.576 8
0456 pf 33 -0.240 0.946 0.976 7
0456 pf 34 -1.330 1.546 2.039 7
0456 pf 35 0.384 1.382 1.435 6
0456 pf 36 -0.270 0.567 0.628 7
0456 pf 37 0.056 0.367 0.371 6
0456 pf 38 -1.772 -0.401 1.817 1
0456 pf 39 -0.279 0.554 0.620 7
0456 pf 40 -1.134 -0.653 1.308 1
0456 pf 41 -0.689 0.276 0.742 8
0456 pf 42 -1.057 1.586 1.906 7
0456 pf 43 -0.298 0.831 0.883 7
0456 pf 44 -0.697 0.524 0.872 8
0456 pf 45 -0.819 0.126 0.828 8
0456 pf 46 0.013 0.427 0.427 6
0456 pf 47 -0.165 -0.150 0.223 1
0456 pf 48 -0.465 -0.379 0.599 1
0456 pf 49 -1.419 -0.283 1.448 1
0456 pf 50 -1.034 2.104 2.344 7
0480 em 00 -0.700 0.816 1.075 7
0480 cf 00 -1.242 1.475 1.928 7
0480 pf 01 -1.435 0.070 1.437 8
0480 pf 02 -0.823 1.131 1.399 7
0480 pf 03 -0.324 1.730 1.760 7
0480 pf 04 -0.974 1.239 1.576 7
0480 pf 05 -0.683 1.302 1.470 7
0480 pf 06 -0.682 1.260 1.432 7
0480 pf 07 -2.168 0.625 2.256 8
0480 pf 08 0.083 0.696 0.701 6
0480 pf 09 -0.466 0.262 0.534 8
0480 pf 10 -0.925 -0.330 0.982 1
0480 pf 11 -1.086 1.117 1.558 7
0480 pf 12 -0.617 0.641 0.890 7
0480 pf 13 0.357 0.660 0.751 6
0480 pf 14 -1.683 1.508 2.259 8
0480 pf 15 -1.537 0.861 1.762 8
0480 pf 16 -1.150 1.034 1.547 8
0480 pf 17 -0.362 1.208 1.261 7
0480 pf 18 0.019 1.304 1.305 6
0480 pf 19 -0.532 0.519 0.743 8
0480 pf 20 -0.045 0.460 0.462 7
0480 pf 21 0.245 0.485 0.543 6
0480 pf 22 -0.564 1.308 1.425 7
0480 pf 23 -0.212 0.984 1.007 7
0480 pf 24 -0.639 1.439 1.575 7
0480 pf 25 -1.598 0.724 1.755 8
0480 pf 26 -1.214 1.642 2.041 7
0480 pf 27 -0.401 0.607 0.727 7
0480 pf 28 -0.835 0.264 0.876 8
0480 pf 29 -0.533 1.379 1.479 7
0480 pf 30 -0.848 1.796 1.987 7
0480 pf 31 -0.405 1.811 1.856 7
0480 pf 32 -1.266 1.012 1.621 8
0480 pf 33 -0.362 0.809 0.886 7
0480 pf 34 -1.635 1.622 2.303 8
0480 pf 35 0.153 1.348 1.356 6
0480 pf 36 -0.631 0.004 0.631 8
0480 pf 37 0.240 0.378 0.447 6
0480 pf 38 -1.643 -0.293 1.669 1
0480 pf 39 -0.174 0.948 0.964 7
0480 pf 40 -0.957 -0.751 1.217 1
0480 pf 41 -0.637 -0.007 0.637 1
0480 pf 42 -0.755 1.672 1.835 7
0480 pf 43 -0.440 0.848 0.955 7
0480 pf 44 -1.022 0.573 1.172 8
0480 pf 45 -0.549 0.130 0.564 8
0480 pf 46 -0.062 0.390 0.395 7
0480 pf 47 -0.040 -0.260 0.263 2
0480 pf 48 -0.565 -0.344 0.662 1
0480 pf 49 -1.280 -0.500 1.374 1
0480 pf 50 -0.888 2.105 2.285 7
0504 em 00 -0.694 0.785 1.048 7
0504 cf 00 -1.316 1.323 1.866 7
0504 pf 01 -0.975 0.315 1.025 8
0504 pf 02 -0.805 1.262 1.497 7
0504 pf 03 -0.531 1.478 1.570 7
0504 pf 04 -0.973 0.910 1.332 8
0504 pf 05 -0.621 1.222 1.371 7
0504 pf 06 -0.522 1.164 1.276 7
0504 pf 07 -2.344 0.267 2.359 8
0504 pf 08 0.369 0.920 0.991 6
0504 pf 09 -0.238 0.456 0.514 7
0504 pf 10 -0.749 -0.204 0.777 1
0504 pf 11 -1.059 0.905 1.392 8
0504 pf 12 -0.895 0.790 1.194 8
0504 pf 13 0.026 0.503 0.503 6
0504 pf 14 -1.601 1.335 2.085 8
0504 pf 15 -1.134 1.052 1.546 8
0504 pf 16 -1.168 0.870 1.456 8
0504 pf 17 -0.432 1.399 1.464 7
0504 pf 18 -0.084 1.245 1.248 7
0504 pf 19 -1.046 0.197 1.065 8
0504 pf 20 0.127 0.405 0.425 6
0504 pf 21 0.114 0.349 0.367 6
0504 pf 22 -0.565 1.579 1.677 7
0504 pf 23 -0.037 1.059 1.060 7
0504 pf 24 -0.602 1.350 1.478 7
0504 pf 25 -1.526 0.672 1.667 8
0504 pf 26 -1.422 1.939 2.404 7
0504 pf 27 -0.421 0.302 0.518 8
0504 pf 28 -0.815 0.016 0.815 8
0504 pf 29 -0.586 1.395 1.513 7
0504 pf 30 -0.864 1.874 2.063 7
0504 pf 31 -0.589 2.016 2.100 7
0504 pf 32 -1.435 0.858 1.672 8
0504 pf 33 -0.492 0.359 0.609 8
0504 pf 34 -1.729 1.554 2.325 8
0504 pf 35 -0.098 0.935 0.940 7
0504 pf 36 -0.376 -0.062 0.381 1
0504 pf 37 0.161 0.557 0.580 6
0504 pf 38 -1.314 -0.451 1.390 1
0504 pf 39 -0.394 1.370 1.425 7
0504 pf 40 -0.890 -0.739 1.156 1
0504 pf 41 -0.653 -0.119 0.664 1
0504 pf 42 -0.715 1.431 1.600 7
0504 pf 43 -0.512 0.966 1.093 7
0504 pf 44 -0.905 0.612 1.093 8
0504 pf 45 -0.727 0.256 0.771 8
0504 pf 46 -0.002 0.547 0.547 7
0504 pf 47 0.447 0.035 0.448 5
0504 pf 48 -0.544 -0.562 0.782 2
0504 pf 49 -1.075 -0.587 1.225 1
0504 pf 50 -0.921 1.898 2.110 7
0528 em 00 -0.585 0.732 0.937 7
0528 cf 00 -1.236 1.511 1.952 7
0528 pf 01 -0.643 0.281 0.701 8
0528 pf 02 -0.836 1.100 1.382 7
0528 pf 03 -0.917 1.427 1.696 7
0528 pf 04 -0.734 0.680 1.000 8
0528 pf 05 -0.283 1.221 1.253 7
0528 pf 06 -0.226 1.140 1.162 7
0528 pf 07 -1.935 -0.080 1.936 1
0528 pf 08 0.246 0.883 0.917 6
0528 pf 09 -0.064 0.537 0.541 7
0528 pf 10 -0.464 -0.208 0.508 1
0528 pf 11 -1.102 0.930 1.442 8
0528 pf 12 -1.037 1.141 1.542 7
0528 pf 13 -0.067 0.525 0.529 7
0528 pf 14 -1.385 1.281 1.886 8
0528 pf 15 -0.705 1.150 1.349 7
0528 pf 16 -1.171 0.776 1.405 8
0528 pf 17 -0.373 1.445 1.492 7
0528 pf 18 -0.040 0.986 0.987 7
0528 pf 19 -0.947 0.108 0.953 8
0528 pf 20 0.009 0.395 0.395 6
0528 pf 21 -0.073 0.303 0.312 7
0528 pf 22 -0.583 1.729 1.825 7
0528 pf 23 0.575 0.887 1.057 6
0528 pf 24 -0.680 1.115 1.306 7
0528 pf 25 -1.167 0.689 1.355 8
0528 pf 26 -1.192 1.854 2.204 7
0528 pf 27 -0.228 0.143 0.269 8
0528 pf 28 -0.708 -0.095 0.714 1
0528 pf 29 -0.479 1.340 1.423 7
0528 pf 30 -0.984 1.915 2.153 7
0528 pf 31 -0.526 1.663 1.744 7
0528 pf 32 -1.448 0.426 1.510 8
0528 pf 33 -0.297 -0.114 0.318 1
0528 pf 34 -1.780 1.265 2.183 8
0528 pf 35 0.079 0.527 0.532 6
0528 pf 36 -0.266 0.166 0.313 8
0528 pf 37 0.164 0.502 0.529 6
0528 pf 38 -1.024 -0.446 1.117 1
0528 pf 39 -0.417 1.876 1.922 7
0528 pf 40 -0.740 -0.591 0.947 1
0528 pf 41 -0.241 0.071 0.251 8
0528 pf 42 -0.789 1.339 1.555 7
0528 pf 43 -0.328 0.897 0.955 7
0528 pf 44 -0.746 0.844 1.126 7
0528 pf 45 -0.791 0.233 0.825 8
0528 pf 46 0.172 0.430 0.463 6
0528 pf 47 0.758 0.199 0.784 5
0528 pf 48 -0.372 -0.883 0.958 2
0528 pf 49 -0.880 -0.810 1.196 1
0528 pf 50 -1.073 1.799 2.094 7
0552 em 00 -0.549 0.608 0.819 7
0552 cf 00 -1.007 1.357 1.690 7
0552 pf 01 -0.565 0.017 0.565 8
0552 pf 02 -0.872 0.843 1.213 8
0552 pf 03 -1.050 1.200 1.595 7
0552 pf 04 -0.791 0.584 0.984 8
0552 pf 05 -0.098 1.206 1.210 7
0552 pf 06 -0.315 1.059 1.105 7
0552 pf 07 -1.731 -0.491 1.799 1
0552 pf 08 -0.276 0.757 0.806 7
0552 pf 09 -0.136 0.640 0.655 7
0552 pf 10 -0.099 -0.163 0.191 2
0552 pf 11 -0.933 0.936 1.322 7
0552 pf 12 -1.178 1.190 1.674 7
0552 pf 13 -0.111 0.520 0.531 7
0552 pf 14 -1.130 1.307 1.728 7
0552 pf 15 -0.452 0.907 1.013 7
0552 pf 16 -1.484 0.645 1.618 8
0552 pf 17 -0.712 1.415 1.584 7
0552 pf 18 -0.337 1.012 1.067 7
0552 pf 19 -0.726 -0.012 0.726 1
0552 pf 20 0.011 0.360 0.360 6
0552 pf 21 -0.437 0.298 0.529 8
0552 pf 22 -0.560 1.588 1.684 7
0552 pf 23 0.515 0.462 0.692 5
0552 pf 24 -0.878 0.960 1.301 7
0552 pf 25 -0.967 0.461 1.071 8
0552 pf 26 -1.228 1.958 2.311 7
0552 pf 27 -0.067 0.013 0.068 8
0552 pf 28 -0.566 0.018 0.567 8
0552 pf 29 -0.508 0.988 1.111 7
0552 pf 30 -0.845 2.056 2.223 7
0552 pf 31 -0.893 1.250 1.537 7
0552 pf 32 -1.473 0.018 1.473 8
0552 pf 33 -0.238 -0.602 0.647 2
0552 pf 34 -1.776 0.931 2.005 8
0552 pf 35 0.374 0.480 0.609 6
0552 pf 36 -0.017 0.049 0.052 7
0552 pf 37 0.015 0.480 0.481 6
0552 pf 38 -0.461 -0.498 0.679 2
0552 pf 39 -0.557 2.164 2.235 7
0552 pf 40 -0.243 -0.916 0.948 2
0552 pf 41 0.026 0.095 0.098 6
0552 pf 42 -0.977 0.893 1.324 8
0552 pf 43 -0.201 0.202 0.285 7
0552 pf 44 -0.583 0.680 0.896 7
0552 pf 45 -0.476 -0.132 0.494 1
0552 pf 46 0.509 0.286 0.584 5
0552 pf 47 0.642 0.576 0.862 5
0552 pf 48 -0.313 -0.959 1.009 2
0552 pf 49 -0.589 -0.855 1.038 2
0552 pf 50 -1.348 1.843 2.283 7
0576 em 00 -0.598 0.508 0.785 8
0576 cf 00 -0.864 1.077 1.380 7
0576 pf 01 -0.384 0.002 0.384 8
0576 pf 02 -0.980 0.745 1.231 8
0576 pf 03 -1.178 0.902 1.484 8
0576 pf 04 -0.818 0.661 1.052 8
0576 pf 05 -0.033 1.152 1.152 7
0576 pf 06 -0.781 0.967 1.243 7
0576 pf 07 -1.459 -0.702 1.619 1
0576 pf 08 -0.996 0.413 1.078 8
0576 pf 09 0.020 0.816 0.816 6
0576 pf 10 -0.091 -0.020 0.093 1
0576 pf 11 -0.878 0.763 1.163 8
0576 pf 12 -1.145 1.046 1.551 8
0576 pf 13 -0.141 0.473 0.493 7
0576 pf 14 -0.913 1.452 1.716 7
0576 pf 15 -0.626 0.753 0.979 7
0576 pf 16 -1.542 0.377 1.588 8
0576 pf 17 -1.125 1.339 1.749 7
0576 pf 18 -0.610 0.802 1.008 7
0576 pf 19 -0.905 0.032 0.905 8
0576 pf 20 -0.583 0.543 0.797 8
0576 pf 21 -0.859 0.336 0.923 8
0576 pf 22 -0.634 1.645 1.763 7
0576 pf 23 0.291 0.257 0.388 5
0576 pf 24 -1.010 1.034 1.445 7
0576 pf 25 -0.746 0.455 0.874 8
0576 pf 26 -1.142 2.115 2.404 7
0576 pf 27 0.008 -0.149 0.149 3
0576 pf 28 -0.548 0.269 0.610 8
0576 pf 29 -0.574 1.009 1.161 7
0576 pf 30 -0.696 1.863 1.988 7
0576 pf 31 -1.157 1.044 1.559 8
0576 pf 32 -1.102 -0.477 1.201 1
0576 pf 33 0.046 -0.771 0.772 3
0576 pf 34 -1.684 0.326 1.716 8
0576 pf 35 0.592 0.561 0.816 5
0576 pf 36 -0.256 0.062 0.263 8
0576 pf 37 -0.135 0.369 0.393 7
0576 pf 38 -0.187 -0.550 0.581 2
0576 pf 39 -0.884 1.933 2.126 7
0576 pf 40 -0.212 -1.088 1.108 2
0576 pf 41 -0.022 0.066 0.069 7
0576 pf 42 -0.990 0.478 1.100 8
0576 pf 43 -0.363 0.010 0.363 8
0576 pf 44 -0.554 0.524 0.762 8
0576 pf 45 -0.445 -0.163 0.474 1
0576 pf 46 0.470 0.093 0.479 5
0576 pf 47 0.231 0.403 0.464 6
0576 pf 48 -0.216 -0.981 1.005 2
0576 pf 49 -0.336 -1.085 1.136 2
0576 pf 50 -1.328 1.763 2.208 7
0600 em 00 -0.625 0.380 0.732 8
0600 cf 00 -0.671 0.965 1.175 7
0600 pf 01 -0.299 -0.191 0.355 1
0600 pf 02 -1.110 0.568 1.247 8
0600 pf 03 -1.006 0.671 1.209 8
0600 pf 04 -1.141 0.833 1.412 8
0600 pf 05 0.088 1.053 1.057 6
0600 pf 06 -0.910 0.971 1.331 7
0600 pf 07 -0.885 -0.970 1.313 2
0600 pf 08 -1.329 0.360 1.377 8
0600 pf 09 -0.187 0.919 0.938 7
0600 pf 10 -0.221 0.041 0.225 8
0600 pf 11 -0.730 0.785 1.072 7
0600 pf 12 -0.729 1.220 1.421 7
0600 pf 13 -0.109 0.194 0.223 7
0600 pf 14 -0.875 1.350 1.609 7
0600 pf 15 -0.480 0.558 0.736 7
0600 pf 16 -1.560 0.094 1.563 8
0600 pf 17 -1.200 0.914 1.508 8
0600 pf 18 -0.595 1.055 1.211 7
0600 pf 19 -1.097 0.005 1.097 8
0600 pf 20 -0.915 0.417 1.005 8
0600 pf 21 -0.946 -0.053 0.948 1
0600 pf 22 -1.004 1.526 1.826 7
0600 pf 23 0.088 0.170 0.192 6
0600 pf 24 -0.948 0.996 1.375 7
0600 pf 25 -0.689 0.183 0.713 8
0600 pf 26 -0.951 2.208 2.404 7
0600 pf 27 -0.062 -0.365 0.370 2
0600 pf 28 -0.394 0.434 0.587 7
0600 pf 29 -0.570 0.866 1.037 7
0600 pf 30 -0.607 1.544 1.659 7
0600 pf 31 -1.130 0.992 1.504 8
0600 pf 32 -0.663 -0.725 0.982 2
0600 pf 33 0.124 -0.803 0.813 3
0600 pf 34 -1.582 0.212 1.596 8
0600 pf 35 0.123 0.308 0.332 6
0600 pf 36 -0.443 -0.031 0.444 1
0600 pf 37 -0.361 0.058 0.366 8
0600 pf 38 -0.449 -0.796 0.913 2
0600 pf 39 -0.970 1.349 1.661 7
0600 pf 40 -0.015 -1.211 1.211 2
0600 pf 41 -0.103 0.153 0.185 7
0600 pf 42 -0.940 -0.002 0.940 1
0600 pf 43 -0.501 0.102 0.512 8
0600 pf 44 -0.617 0.294 0.684 8
0600 pf 45 -0.571 -0.240 0.619 1
0600 pf 46 0.203 0.165 0.262 5
0600 pf 47 -0.110 0.341 0.358 7
0600 pf 48 0.170 -1.073 1.086 3
0600 pf 49 -0.323 -1.114 1.160 2
0600 pf 50 -1.473 1.289 1.957 8
0624 em 00 -0.639 0.320 0.714 8
0624 cf 00 -0.841 0.899 1.231 7
0624 pf 01 -0.303 -0.166 0.345 1
0624 pf 02 -1.691 0.417 1.742 8
0624 pf 03 -1.218 0.565 1.343 8
0624 pf 04 -1.186 0.692 1.373 8
0624 pf 05 0.285 1.092 1.128 6
0624 pf 06 -0.684 0.463 0.826 8
0624 pf 07 -0.462 -1.147 1.236 2
0624 pf 08 -1.111 0.470 1.206 8
0624 pf 09 -0.218 0.970 0.994 7
0624 pf 10 0.021 0.205 0.206 6
0624 pf 11 -0.745 1.158 1.377 7
0624 pf 12 -0.703 1.214 1.403 7
0624 pf 13 0.063 0.579 0.583 6
0624 pf 14 -0.873 1.403 1.652 7
0624 pf 15 -0.585 0.568 0.815 8
0624 pf 16 -1.017 -0.138 1.027 1
0624 pf 17 -1.169 0.867 1.456 8
0624 pf 18 -0.849 0.775 1.149 8
0624 pf 19 -0.736 0.023 0.737 8
0624 pf 20 -1.355 0.115 1.360 8
0624 pf 21 -1.181 0.008 1.181 8
0624 pf 22 -0.971 1.570 1.846 7
0624 pf 23 -0.176 0.264 0.317 7
0624 pf 24 -1.066 0.708 1.280 8
0624 pf 25 -0.572 0.058 0.575 8
0624 pf 26 -0.772 2.154 2.288 7
0624 pf 27 -0.106 -0.695 0.703 2
0624 pf 28 -0.718 0.315 0.784 8
0624 pf 29 -0.750 0.608 0.965 8
0624 pf 30 -0.483 1.453 1.531 7
0624 pf 31 -0.957 0.830 1.267 8
0624 pf 32 -0.683 -0.953 1.173 2
0624 pf 33 -0.063 -0.619 0.622 2
0624 pf 34 -1.473 0.348 1.513 8
0624 pf 35 -0.292 0.328 0.439 7
0624 pf 36 -0.446 0.096 0.456 8
0624 pf 37 -0.321 0.191 0.373 8
0624 pf 38 -0.269 -0.758 0.804 2
0624 pf 39 -1.212 1.083 1.625 8
0624 pf 40 -0.205 -0.968 0.990 2
0624 pf 41 -0.172 -0.026 0.174 1
0624 pf 42 -1.102 -0.630 1.270 1
0624 pf 43 -0.603 -0.150 0.622 1
0624 pf 44 -0.524 0.316 0.612 8
0624 pf 45 -0.244 -0.274 0.367 2
0624 pf 46 -0.087 0.066 0.109 8
0624 pf 47 -0.130 0.514 0.530 7
0624 pf 48 0.661 -1.190 1.361 3
0624 pf 49 -0.346 -1.239 1.286 2
0624 pf 50 -1.613 1.163 1.988 8
0648 em 00 -0.638 0.222 0.675 8
0648 cf 00 -0.587 0.725 0.933 7
0648 pf 01 -0.177 -0.401 0.438 2
0648 pf 02 -1.969 0.335 1.997 8
0648 pf 03 -1.286 0.580 1.411 8
0648 pf 04 -0.984 0.373 1.052 8
0648 pf 05 0.354 1.210 1.261 6
0648 pf 06 -0.529 0.043 0.531 8
0648 pf 07 -0.214 -1.369 1.386 2
0648 pf 08 -0.953 0.502 1.077 8
0648 pf 09 -0.422 1.059 1.140 7
0648 pf 10 0.070 0.185 0.198 6
0648 pf 11 -0.998 1.436 1.748 7
0648 pf 12 -0.627 1.130 1.292 7
0648 pf 13 0.362 0.739 0.823 6
0648 pf 14 -1.069 1.339 1.714 7
0648 pf 15 -0.619 0.709 0.941 7
0648 pf 16 -0.536 -0.164 0.560 1
0648 pf 17 -1.163 0.525 1.276 8
0648 pf 18 -1.372 0.682 1.532 8
0648 pf 19 -0.595 -0.243 0.642 1
0648 pf 20 -1.804 -0.316 1.832 1
0648 pf 21 -1.337 -0.166 1.347 1
0648 pf 22 -1.246 1.646 2.064 7
0648 pf 23 -0.265 0.159 0.309 8
0648 pf 24 -1.269 0.112 1.274 8
0648 pf 25 -0.478 -0.206 0.521 1
0648 pf 26 -0.979 1.761 2.015 7
0648 pf 27 -0.242 -0.707 0.747 2
0648 pf 28 -1.062 0.314 1.107 8
0648 pf 29 -0.664 0.487 0.823 8
0648 pf 30 -0.392 1.458 1.510 7
0648 pf 31 -0.730 0.696 1.008 8
0648 pf 32 -0.928 -1.181 1.502 2
0648 pf 33 -0.343 -0.635 0.721 2
0648 pf 34 -1.203 0.288 1.237 8
0648 pf 35 -0.446 0.470 0.648 7
0648 pf 36 -0.726 0.065 0.729 8
0648 pf 37 -0.119 0.221 0.251 7
0648 pf 38 -0.059 -0.549 0.552 2
0648 pf 39 -0.814 0.502 0.957 8
0648 pf 40 -0.020 -0.870 0.870 2
0648 pf 41 -0.137 -0.382 0.406 2
0648 pf 42 -0.992 -0.796 1.272 1
0648 pf 43 -0.569 -0.155 0.590 1
0648 pf 44 -0.666 0.163 0.685 8
0648 pf 45 -0.205 -0.492 0.533 2
0648 pf 46 -0.032 0.123 0.127 7
0648 pf 47 -0.044 0.456 0.458 7
0648 pf 48 1.085 -0.873 1.392 4
0648 pf 49 -0.184 -1.110 1.125 2
0648 pf 50 -1.925 0.960 2.151 8
0672 em 00 -0.645 0.131 0.659 8
0672 cf 00 -0.516 0.374 0.637 8
0672 pf 01 0.017 -0.372 0.372 3
0672 pf 02 -2.094 -0.099 2.096 1
0672 pf 03 -1.368 0.669 1.523 8
0672 pf 04 -0.941 0.279 0.982 8
0672 pf 05 0.126 1.091 1.099 6
0672 pf 06 -0.538 -0.088 0.545 1
0672 pf 07 -0.078 -1.428 1.430 2
0672 pf 08 -1.107 0.482 1.208 8
0672 pf 09 -0.513 1.118 1.230 7
0672 pf 10 0.257 -0.004 0.257 4
0672 pf 11 -1.208 1.453 1.890 7
0672 pf 12 -0.551 1.078 1.211 7
0672 pf 13 0.289 0.816 0.865 6
0672 pf 14 -1.025 1.269 1.631 7
0672 pf 15 -1.120 0.607 1.273 8
0672 pf 16 -0.276 -0.092 0.291 1
0672 pf 17 -0.679 0.575 0.890 8
0672 pf 18 -1.520 0.191 1.532 8
0672 pf 19 -0.628 -0.257 0.678 1
0672 pf 20 -1.933 -0.423 1.978 1
0672 pf 21 -1.397 -0.255 1.420 1
0672 pf 22 -1.252 1.443 1.910 7
0672 pf 23 -0.315 -0.041 0.317 1
0672 pf 24 -1.287 -0.155 1.297 1
0672 pf 25 -0.701 -0.567 0.902 1
0672 pf 26 -1.187 1.532 1.938 7
0672 pf 27 -0.472 -0.698 0.843 2
0672 pf 28 -1.265 0.064 1.266 8
0672 pf 29 -0.732 0.506 0.889 8
0672 pf 30 -0.655 1.557 1.690 7
0672 pf 31 -0.624 0.519 0.812 8
0672 pf 32 -0.817 -1.345 1.573 2
0672 pf 33 -0.360 -0.499 0.615 2
0672 pf 34 -1.224 -0.030 1.224 1
0672 pf 35 -0.256 0.475 0.540 7
0672 pf 36 -0.510 0.086 0.517 8
0672 pf 37 -0.070 0.241 0.251 7
0672 pf 38 -0.098 -0.728 0.734 2
0672 pf 39 -0.571 0.317 0.653 8
0672 pf 40 -0.416 -0.980 1.064 2
0672 pf 41 -0.009 -0.468 0.468 2
0672 pf 42 -0.649 -0.667 0.931 2
0672 pf 43 -0.345 -0.198 0.398 1
0672 pf 44 -0.920 0.171 0.936 8
0672 pf 45 0.007 -0.296 0.296 3
0672 pf 46 -0.046 0.152 0.159 7
0672 pf 47 -0.149 0.360 0.389 7
0672 pf 48 1.032 -0.916 1.380 4
0672 pf 49 0.001 -1.180 1.180 3
0672 pf 50 -1.831 0.671 1.951 8
0696 em 00 -0.684 0.002 0.684 8
0696 cf 00 -0.572 0.295 0.643 8
0696 pf 01 0.032 -0.012 0.035 4
0696 pf 02 -1.905 -0.308 1.930 1
0696 pf 03 -1.516 0.667 1.656 8
0696 pf 04 -0.787 0.151 0.802 8
0696 pf 05 -0.010 0.603 0.603 7
0696 pf 06 -0.566 -0.015 0.567 1
0696 pf 07 -0.129 -1.556 1.561 2
0696 pf 08 -1.413 0.472 1.490 8
0696 pf 09 -0.751 0.944 1.206 7
0696 pf 10 0.173 -0.006 0.173 4
0696 pf 11 -1.287 1.234 1.783 8
0696 pf 12 -0.736 0.690 1.008 8
0696 pf 13 0.276 0.788 0.835 6
0696 pf 14 -0.709 0.950 1.186 7
0696 pf 15 -1.309 0.344 1.353 8
0696 pf 16 -0.362 -0.298 0.469 1
0696 pf 17 -0.643 0.336 0.726 8
0696 pf 18 -1.669 -0.148 1.675 1
0696 pf 19 -0.513 -0.094 0.522 1
0696 pf 20 -1.657 -0.310 1.685 1
0696 pf 21 -1.299 -0.398 1.358 1
0696 pf 22 -1.348 1.145 1.768 8
0696 pf 23 -0.955 -0.186 0.973 1
0696 pf 24 -1.477 -0.364 1.521 1
0696 pf 25 -0.878 -1.122 1.425 2
0696 pf 26 -1.362 1.210 1.822 8
0696 pf 27 -0.423 -0.645 0.772 2
0696 pf 28 -1.441 -0.256 1.463 1
0696 pf 29 -0.942 0.054 0.944 8
0696 pf 30 -0.745 1.377 1.565 7
0696 pf 31 -0.847 0.470 0.969 8
0696 pf 32 -0.824 -1.502 1.714 2
0696 pf 33 -0.264 -0.681 0.731 2
0696 pf 34 -1.686 -0.285 1.710 1
0696 pf 35 -0.345 0.370 0.506 7
0696 pf 36 -0.484 -0.150 0.506 1
0696 pf 37 -0.173 0.436 0.469 7
0696 pf 38 0.454 -0.682 0.820 3
0696 pf 39 -0.710 -0.047 0.712 1
0696 pf 40 -0.356 -1.113 1.169 2
0696 pf 41 0.046 -0.471 0.474 3
0696 pf 42 -0.691 -0.641 0.943 1
0696 pf 43 -0.215 -0.237 0.321 2
0696 pf 44 -0.855 0.120 0.863 8
0696 pf 45 -0.001 -0.362 0.362 2
0696 pf 46 -0.063 0.463 0.467 7
0696 pf 47 -0.236 0.163 0.287 8
0696 pf 48 0.721 -0.868 1.128 3
0696 pf 49 0.240 -1.205 1.229 3
0696 pf 50 -1.307 0.559 1.422 8
0720 em 00 -0.694 -0.062 0.697 1
0720 cf 00 -0.831 0.497 0.968 8
0720 pf 01 0.118 0.297 0.320 6
0720 pf 02 -1.426 -0.513 1.515 1
0720 pf 03 -1.419 0.681 1.573 8
0720 pf 04 -0.858 0.131 0.868 8
0720 pf 05 -0.264 0.380 0.463 7
0720 pf 06 -0.884 -0.002 0.884 1
0720 pf 07 -0.185 -1.727 1.737 2
0720 pf 08 -1.622 0.334 1.656 8
0720 pf 09 -0.919 0.604 1.100 8
0720 pf 10 0.196 -0.231 0.303 3
0720 pf 11 -1.592 0.971 1.864 8
0720 pf 12 -1.134 0.496 1.237 8
0720 pf 13 0.254 0.898 0.933 6
0720 pf 14 -0.598 1.127 1.276 7
0720 pf 15 -1.223 0.109 1.228 8
0720 pf 16 -0.785 -0.324 0.850 1
0720 pf 17 -0.635 0.377 0.739 8
0720 pf 18 -1.585 -0.557 1.680 1
0720 pf 19 -0.210 0.150 0.258 8
0720 pf 20 -1.338 -0.526 1.438 1
0720 pf 21 -1.192 -0.267 1.221 1
0720 pf 22 -1.447 0.917 1.713 8
0720 pf 23 -1.164 0.050 1.165 8
0720 pf 24 -1.506 -0.684 1.654 1
0720 pf 25 -0.681 -1.373 1.533 2
0720 pf 26 -1.544 1.041 1.862 8
0720 pf 27 -0.623 -0.560 0.837 1
0720 pf 28 -1.331 -0.297 1.364 1
0720 pf 29 -0.985 -0.274 1.022 1
0720 pf 30 -0.677 1.042 1.243 7
0720 pf 31 -1.015 0.421 1.098 8
0720 pf 32 -0.652 -1.376 1.522 2
0720 pf 33 -0.246 -0.916 0.949 2
0720 pf 34 -1.622 -0.237 1.639 1
0720 pf 35 -0.786 0.529 0.947 8
0720 pf 36 -0.594 -0.383 0.707 1
0720 pf 37 -0.207 0.554 0.591 7
0720 pf 38 0.250 -0.802 0.840 3
0720 pf 39 -0.746 -0.083 0.750 1
0720 pf 40 -0.245 -1.255 1.279 2
0720 pf 41 0.231 -0.324 0.399 3
0720 pf 42 -0.534 -0.549 0.766 2
0720 pf 43 -0.146 -0.406 0.432 2
0720 pf 44 -0.864 0.015 0.864 8
0720 pf 45 0.183 -0.340 0.386 3
0720 pf 46 -0.180 0.377 0.418 7
0720 pf 47 0.065 -0.124 0.140 3
0720 pf 48 0.835 -0.523 0.985 4
0720 pf 49 0.604 -0.987 1.157 3
0720 pf 50 -1.199 0.259 1.227 8
0744 em 00 -0.636 -0.188 0.663 1
0744 cf 00 -1.097 0.259 1.128 8
0744 pf 01 0.290 0.434 0.523 6
0744 pf 02 -1.120 -0.829 1.394 1
0744 pf 03 -1.271 0.526 1.375 8
0744 pf 04 -0.816 -0.118 0.825 1
0744 pf 05 -0.601 0.516 0.792 8
0744 pf 06 -0.902 0.234 0.932 8
0744 pf 07 -0.110 -1.765 1.768 2
0744 pf 08 -1.867 0.049 1.867 8
0744 pf 09 -0.855 0.615 1.053 8
0744 pf 10 0.272 -0.566 0.628 3
0744 pf 11 -1.565 0.536 1.654 8
0744 pf 12 -1.387 0.136 1.394 8
0744 pf 13 0.207 0.812 0.838 6
0744 pf 14 -0.800 0.608 1.004 8
0744 pf 15 -1.104 -0.086 1.107 1
0744 pf 16 -0.690 -0.113 0.699 1
0744 pf 17 -0.678 0.389 0.781 8
0744 pf 18 -1.701 -0.763 1.865 1
0744 pf 19 -0.071 0.097 0.120 7
0744 pf 20 -1.080 -0.970 1.452 1
0744 pf 21 -0.720 -0.356 0.803 1
0744 pf 22 -1.221 0.457 1.304 8
0744 pf 23 -1.067 0.078 1.069 8
0744 pf 24 -1.207 -0.760 1.426 1
0744 pf 25 -0.189 -1.550 1.562 2
0744 pf 26 -1.573 0.828 1.777 8
0744 pf 27 -0.733 -0.409 0.839 1
0744 pf 28 -1.136 -0.613 1.291 1
0744 pf 29 -0.607 -0.515 0.796 1
0744 pf 30 -0.730 0.638 0.969 8
0744 pf 31 -1.053 0.145 1.063 8
0744 pf 32 -0.513 -1.148 1.257 2
0744 pf 33 -0.457 -0.930 1.036 2
0744 pf 34 -1.612 -0.338 1.647 1
0744 pf 35 -0.907 0.652 1.117 8
0744 pf 36 -0.497 -0.733 0.886 2
0744 pf 37 -0.379 0.521 0.644 7
0744 pf 38 0.470 -0.426 0.634 4
0744 pf 39 -0.436 -0.099 0.447 1
0744 pf 40 -0.256 -1.455 1.477 2
0744 pf 41 0.431 -0.518 0.674 3
0744 pf 42 -0.569 -0.931 1.091 2
0744 pf 43 0.032 -0.168 0.171 3
0744 pf 44 -1.033 -0.139 1.042 1
0744 pf 45 0.456 -0.424 0.623 4
0744 pf 46 -0.270 0.311 0.412 7
0744 pf 47 0.108 -0.213 0.239 3
0744 pf 48 0.726 -0.489 0.876 4
0744 pf 49 0.725 -1.080 1.301 3
0744 pf 50 -0.898 -0.106 0.904 1
0768 em 00 -0.618 -0.313 0.692 1
0768 cf 00 -1.379 0.084 1.382 8
0768 pf 01 0.246 0.305 0.392 6
0768 pf 02 -1.025 -1.094 1.499 2
0768 pf 03 -1.143 0.381 1.205 8
0768 pf 04 -0.670 -0.203 0.700 1
0768 pf 05 -0.875 0.298 0.924 8
0768 pf 06 -0.762 0.438 0.879 8
0768 pf 07 -0.237 -1.756 1.772 2
0768 pf 08 -1.920 -0.706 2.045 1
0768 pf 09 -0.845 0.485 0.974 8
0768 pf 10 0.488 -0.735 0.882 3
0768 pf 11 -1.633 0.185 1.643 8
0768 pf 12 -1.404 0.163 1.414 8
0768 pf 13 0.092 0.956 0.961 6
0768 pf 14 -0.706 0.277 0.759 8
0768 pf 15 -1.180 -0.293 1.216 1
0768 pf 16 -0.703 -0.089 0.709 1
0768 pf 17 -0.545 0.067 0.549 8
0768 pf 18 -1.551 -1.369 2.069 1
0768 pf 19 -0.014 -0.019 0.023 2
0768 pf 20 -0.906 -1.346 1.623 2
0768 pf 21 -0.770 -0.167 0.788 1
0768 pf 22 -0.935 0.220 0.961 8
0768 pf 23 -0.922 0.004 0.922 8
0768 pf 24 -0.770 -0.804 1.113 2
0768 pf 25 -0.289 -1.774 1.797 2
0768 pf 26 -1.776 0.618 1.880 8
0768 pf 27 -0.851 -0.423 0.951 1
0768 pf 28 -0.645 -0.848 1.065 2
0768 pf 29 -0.661 -0.726 0.982 2
0768 pf 30 -0.993 0.193 1.012 8
0768 pf 31 -1.037 0.041 1.038 8
0768 pf 32 -0.290 -1.429 1.458 2
0768 pf 33 -0.462 -0.636 0.786 2
0768 pf 34 -1.452 -0.548 1.552 1
0768 pf 35 -1.001 0.461 1.102 8
0768 pf 36 -0.571 -0.816 0.996 2
0768 pf 37 -0.350 0.312 0.469 8
0768 pf 38 0.494 -0.366 0.615 4
0768 pf 39 -0.329 -0.091 0.341 1
0768 pf 40 -0.195 -1.470 1.483 2
0768 pf 41 0.348 -0.604 0.698 3
0768 pf 42 -0.613 -1.247 1.389 2
0768 pf 43 -0.081 0.018 0.083 8
0768 pf 44 -0.954 -0.458 1.058 1
0768 pf 45 0.472 -0.164 0.499 4
0768 pf 46 -0.221 0.122 0.252 8
0768 pf 47 0.452 -0.055 0.455 4
0768 pf 48 0.564 -0.222 0.606 4
0768 pf 49 0.422 -1.125 1.202 3
0768 pf 50 -1.085 -0.210 1.105 1
0792 em 00 -0.620 -0.432 0.756 1
0792 cf 00 -1.598 -0.103 1.602 1
0792 pf 01 -0.239 0.444 0.504 7
0792 pf 02 -1.089 -0.981 1.465 1
0792 pf 03 -1.253 0.021 1.253 8
0792 pf 04 -0.517 -0.267 0.582 1
0792 pf 05 -0.970 0.266 1.006 8
0792 pf 06 -0.736 0.299 0.794 8
0792 pf 07 -0.406 -2.012 2.052 2
0792 pf 08 -2.040 -1.097 2.316 1
0792 pf 09 -0.708 0.389 0.808 8
0792 pf 10 0.771 -0.548 0.946 4
0792 pf 11 -1.745 -0.067 1.746 1
0792 pf 12 -1.505 0.169 1.514 8
0792 pf 13 0.077 1.132 1.135 6
0792 pf 14 -0.733 0.035 0.733 8
0792 pf 15 -1.521 -0.914 1.775 1
0792 pf 16 -0.637 0.184 0.663 8
0792 pf 17 -0.138 0.423 0.445 7
0792 pf 18 -1.450 -1.873 2.368 2
0792 pf 19 -0.074 -0.016 0.076 1
0792 pf 20 -0.188 -1.442 1.454 2
0792 pf 21 -0.940 -0.484 1.057 1
0792 pf 22 -0.939 -0.567 1.096 1
0792 pf 23 -0.937 -0.177 0.953 1
0792 pf 24 -0.382 -0.646 0.750 2
0792 pf 25 -0.072 -1.963 1.964 2
0792 pf 26 -1.965 0.248 1.980 8
0792 pf 27 -1.174 -0.778 1.408 1
0792 pf 28 0.036 -0.977 0.978 3
0792 pf 29 -0.788 -0.671 1.035 1
0792 pf 30 -1.201 0.092 1.205 8
0792 pf 31 -0.878 -0.428 0.976 1
0792 pf 32 -0.282 -1.467 1.494 2
0792 pf 33 -0.579 -0.391 0.699 1
0792 pf 34 -1.492 -1.193 1.910 1
0792 pf 35 -1.131 -0.214 1.151 1
0792 pf 36 -0.370 -1.001 1.067 2
0792 pf 37 -0.760 0.060 0.763 8
0792 pf 38 0.786 -0.133 0.797 4
0792 pf 39 -0.370 -0.075 0.377 1
0792 pf 40 0.390 -1.034 1.106 3
0792 pf 41 0.342 -0.528 0.629 3
0792 pf 42 -0.645 -1.181 1.345 2
0792 pf 43 -0.111 0.101 0.150 8
0792 pf 44 -1.097 -0.731 1.318 1
0792 pf 45 0.351 -0.353 0.498 3
0792 pf 46 0.052 -0.188 0.195 3
0792 pf 47 0.296 -0.086 0.308 4
0792 pf 48 0.074 0.010 0.075 5
0792 pf 49 0.094 -1.055 1.059 3
0792 pf 50 -1.160 -0.363 1.215 1
0816 em 00 -0.541 -0.493 0.732 1
0816 cf 00 -1.354 -0.267 1.380 1
0816 pf 01 -0.384 0.390 0.547 7
0816 pf 02 -1.280 -0.898 1.564 1
0816 pf 03 -1.518 -0.123 1.523 1
0816 pf 04 -0.367 -0.513 0.631 2
0816 pf 05 -1.164 0.043 1.165 8
0816 pf 06 -0.934 0.297 0.980 8
0816 pf 07 -0.347 -2.349 2.375 2
0816 pf 08 -1.923 -1.327 2.337 1
0816 pf 09 -0.552 0.731 0.916 7
0816 pf 10 1.256 -0.372 1.309 4
0816 pf 11 -1.566 -0.328 1.600 1
0816 pf 12 -1.531 0.034 1.531 8
0816 pf 13 -0.250 1.073 1.102 7
0816 pf 14 -0.694 -0.137 0.708 1
0816 pf 15 -1.830 -1.541 2.392 1
0816 pf 16 -0.592 0.074 0.596 8
0816 pf 17 0.080 0.397 0.405 6
0816 pf 18 -1.384 -2.014 2.444 2
0816 pf 19 -0.322 0.173 0.366 8
0816 pf 20 0.271 -1.313 1.340 3
0816 pf 21 -0.787 -0.703 1.055 1
0816 pf 22 -1.008 -0.933 1.373 1
0816 pf 23 -0.856 -0.060 0.858 1
0816 pf 24 0.129 -0.647 0.660 3
0816 pf 25 0.128 -1.960 1.964 3
0816 pf 26 -2.009 0.511 2.073 8
0816 pf 27 -1.187 -0.961 1.528 1
0816 pf 28 0.726 -0.845 1.114 3
0816 pf 29 -0.453 -0.948 1.051 2
0816 pf 30 -1.041 0.159 1.054 8
0816 pf 31 -0.834 -0.768 1.134 1
0816 pf 32 0.199 -1.573 1.586 3
0816 pf 33 -0.476 -0.069 0.481 1
0816 pf 34 -1.150 -1.574 1.949 2
0816 pf 35 -1.110 -0.627 1.275 1
0816 pf 36 -0.145 -0.858 0.870 2
0816 pf 37 -0.922 -0.143 0.933 1
0816 pf 38 0.860 -0.081 0.864 4
0816 pf 39 -0.488 -0.424 0.646 1
0816 pf 40 0.823 -0.809 1.154 4
0816 pf 41 0.499 -0.616 0.793 3
0816 pf 42 -0.623 -1.003 1.181 2
0816 pf 43 0.015 0.074 0.075 6
0816 pf 44 -1.090 -0.952 1.448 1
0816 pf 45 0.129 -0.254 0.285 3
0816 pf 46 0.112 0.123 0.166 6
0816 pf 47 0.135 0.030 0.138 5
0816 pf 48 -0.315 0.278 0.420 8
0816 pf 49 0.277 -0.921 0.961 3
0816 pf 50 -0.855 -0.645 1.071 1
0840 em 00 -0.483 -0.603 0.773 2
0840 cf 00 -1.114 -0.343 1.166 1
0840 pf 01 -0.640 -0.146 0.656 1
0840 pf 02 -1.045 -1.202 1.592 2
0840 pf 03 -1.243 -0.440 1.319 1
0840 pf 04 -0.248 -0.749 0.789 2
0840 pf 05 -1.544 -0.095 1.547 1
0840 pf 06 -0.868 0.047 0.869 8
0840 pf 07 -0.174 -2.418 2.424 2
0840 pf 08 -1.549 -1.455 2.125 1
0840 pf 09 -0.176 0.632 0.656 7
0840 pf 10 1.252 -0.019 1.252 4
0840 pf 11 -1.267 -0.586 1.396 1
0840 pf 12 -1.449 -0.181 1.460 1
0840 pf 13 -0.618 1.008 1.183 7
0840 pf 14 -0.615 -0.532 0.813 1
0840 pf 15 -1.725 -1.997 2.639 2
0840 pf 16 -0.774 -0.022 0.775 1
0840 pf 17 0.271 0.246 0.366 5
0840 pf 18 -1.225 -2.177 2.498 2
0840 pf 19 -0.016 0.139 0.139 7
0840 pf 20 0.266 -1.151 1.182 3
0840 pf 21 -0.754 -1.112 1.343 2
0840 pf 22 -1.063 -1.184 1.591 2
0840 pf 23 -0.573 -0.304 0.649 1
0840 pf 24 0.401 -0.510 0.648 3
0840 pf 25 0.606 -2.451 2.524 3
0840 pf 26 -2.098 0.732 2.222 8
0840 pf 27 -1.146 -1.273 1.712 2
0840 pf 28 0.956 -0.584 1.120 4
0840 pf 29 -0.376 -1.330 1.382 2
0840 pf 30 -0.862 0.060 0.864 8
0840 pf 31 -0.837 -0.961 1.274 2
0840 pf 32 0.562 -1.357 1.469 3
0840 pf 33 -0.930 -0.101 0.936 1
0840 pf 34 -0.705 -1.769 1.904 2
0840 pf 35 -1.302 -0.789 1.522 1
0840 pf 36 -0.292 -0.953 0.997 2
0840 pf 37 -1.014 -0.270 1.049 1
0840 pf 38 1.024 0.002 1.024 5
0840 pf 39 -0.836 -0.515 0.982 1
0840 pf 40 0.982 -0.625 1.164 4
0840 pf 41 0.182 -1.004 1.020 3
0840 pf 42 -0.476 -0.987 1.096 2
0840 pf 43 -0.100 0.124 0.159 7
0840 pf 44 -0.831 -1.280 1.526 2
0840 pf 45 -0.073 -0.061 0.095 1
0840 pf 46 -0.120 0.638 0.649 7
0840 pf 47 0.032 -0.013 0.034 4
0840 pf 48 -0.462 0.334 0.570 8
0840 pf 49 0.474 -1.044 1.147 3
0840 pf 50 -0.554 -0.697 0.890 2
0864 em 00 -0.483 -0.628 0.792 2
0864 cf 00 -0.824 -0.402 0.917 1
0864 pf 01 -0.466 -0.275 0.541 1
0864 pf 02 -0.842 -1.424 1.654 2
0864 pf 03 -1.268 -0.745 1.471 1
0864 pf 04 -0.336 -0.992 1.048 2
0864 pf 05 -1.210 -0.045 1.211 1
0864 pf 06 -0.631 -0.206 0.664 1
0864 pf 07 -0.186 -2.428 2.435 2
0864 pf 08 -1.284 -1.501 1.976 2
0864 pf 09 -0.270 0.858 0.899 7
0864 pf 10 1.079 0.628 1.248 5
0864 pf 11 -1.070 -0.898 1.397 1
0864 pf 12 -1.459 -0.642 1.594 1
0864 pf 13 -0.750 1.037 1.280 7
0864 pf 14 -0.683 -0.756 1.019 2
0864 pf 15 -1.467 -2.181 2.629 2
0864 pf 16 -1.055 -0.401 1.128 1
0864 pf 17 0.149 -0.122 0.193 4
0864 pf 18 -0.978 -2.324 2.522 2
0864 pf 19 0.054 0.113 0.125 6
0864 pf 20 0.052 -1.174 1.175 3
0864 pf 21 -0.729 -1.183 1.390 2
0864 pf 22 -1.049 -1.092 1.514 2
0864 pf 23 -0.477 0.038 0.479 8
0864 pf 24 0.397 -0.443 0.595 3
0864 pf 25 0.891 -2.387 2.548 3
0864 pf 26 -2.305 0.848 2.456 8
0864 pf 27 -0.720 -1.464 1.632 2
0864 pf 28 1.132 -0.054 1.133 4
0864 pf 29 -0.612 -1.506 1.625 2
0864 pf 30 -0.584 0.032 0.585 8
0864 pf 31 -0.634 -1.153 1.316 2
0864 pf 32 0.493 -1.205 1.302 3
0864 pf 33 -1.165 -0.363 1.220 1
0864 pf 34 -0.197 -1.926 1.936 2
0864 pf 35 -1.598 -0.949 1.858 1
0864 pf 36 -0.591 -0.918 1.092 2
0864 pf 37 -0.886 -0.251 0.920 1
0864 pf 38 0.812 0.228 0.844 5
0864 pf 39 -0.980 -0.722 1.217 1
0864 pf 40 0.534 -0.169 0.560 4
0864 pf 41 0.099 -1.100 1.105 3
0864 pf 42 -0.401 -0.915 0.999 2
0864 pf 43 -0.317 0.150 0.351 8
0864 pf 44 -0.655 -1.341 1.492 2
0864 pf 45 -0.470 0.053 0.473 8
0864 pf 46 -0.709 0.962 1.195 7
0864 pf 47 -0.138 0.130 0.189 8
0864 pf 48 -0.287 0.201 0.350 8
0864 pf 49 0.296 -0.855 0.904 3
0864 pf 50 -0.520 -0.853 0.999 2
0888 em 00 -0.428 -0.656 0.783 2
0888 cf 00 -0.450 -0.700 0.833 2
0888 pf 01 -0.470 -0.326 0.571 1
0888 pf 02 -0.850 -1.850 2.037 2
0888 pf 03 -1.252 -0.892 1.537 1
0888 pf 04 -0.211 -1.150 1.169 2
0888 pf 05 -0.843 -0.481 0.971 1
0888 pf 06 -0.558 -0.376 0.673 1
0888 pf 07 -0.090 -2.269 2.270 2
0888 pf 08 -0.880 -1.702 1.916 2
0888 pf 09 -0.370 0.946 1.016 7
0888 pf 10 0.841 0.880 1.218 6
0888 pf 11 -0.840 -1.069 1.359 2
0888 pf 12 -1.312 -1.108 1.717 1
0888 pf 13 -0.427 1.118 1.196 7
0888 pf 14 -0.496 -0.716 0.871 2
0888 pf 15 -0.896 -2.309 2.477 2
0888 pf 16 -0.984 -0.514 1.110 1
0888 pf 17 -0.162 -0.034 0.165 1
0888 pf 18 -0.501 -2.160 2.217 2
0888 pf 19 0.108 0.265 0.286 6
0888 pf 20 -0.332 -1.067 1.118 2
0888 pf 21 -0.526 -1.153 1.268 2
0888 pf 22 -0.748 -1.173 1.391 2
0888 pf 23 -0.802 0.027 0.802 8
0888 pf 24 0.153 -0.360 0.391 3
0888 pf 25 0.992 -2.073 2.298 3
0888 pf 26 -2.122 0.635 2.215 8
0888 pf 27 -0.421 -1.457 1.517 2
0888 pf 28 1.212 0.143 1.220 5
0888 pf 29 -0.754 -1.531 1.706 2
0888 pf 30 -0.807 0.009 0.807 8
0888 pf 31 -0.308 -1.212 1.251 2
0888 pf 32 0.562 -0.952 1.106 3
0888 pf 33 -1.140 -0.436 1.221 1
0888 pf 34 0.122 -1.931 1.935 3
0888 pf 35 -1.758 -1.199 2.128 1
0888 pf 36 -0.365 -0.916 0.987 2
0888 pf 37 -1.001 -0.420 1.086 1
0888 pf 38 0.419 0.316 0.524 5
0888 pf 39 -1.258 -0.944 1.573 1
0888 pf 40 0.539 0.066 0.543 5
0888 pf 41 -0.111 -0.934 0.940 2
0888 pf 42 -0.080 -0.819 0.823 2
0888 pf 43 -0.252 0.344 0.427 7
0888 pf 44 -0.679 -1.547 1.689 2
0888 pf 45 -0.416 -0.077 0.423 1
0888 pf 46 -1.016 1.354 1.693 7
0888 pf 47 -0.029 0.248 0.250 7
0888 pf 48 -0.051 -0.013 0.053 1
0888 pf 49 0.068 -0.822 0.824 3
0888 pf 50 -0.490 -1.164 1.263 2
0912 em 00 -0.317 -0.751 0.815 2
0912 cf 00 -0.165 -1.051 1.064 2
0912 pf 01 -0.205 -0.311 0.372 2
0912 pf 02 -0.789 -1.941 2.095 2
0912 pf 03 -0.983 -0.608 1.156 1
0912 pf 04 0.233 -1.348 1.368 3
0912 pf 05 -0.657 -0.692 0.955 2
0912 pf 06 -0.571 -0.630 0.850 2
0912 pf 07 0.269 -2.327 2.342 3
0912 pf 08 -0.729 -2.076 2.200 2
0912 pf 09 -0.540 0.990 1.127 7
0912 pf 10 0.399 0.760 0.859 6
0912 pf 11 -0.575 -1.378 1.493 2
0912 pf 12 -1.222 -1.699 2.092 2
0912 pf 13 -0.355 1.425 1.469 7
0912 pf 14 -0.379 -0.680 0.778 2
0912 pf 15 -0.406 -2.355 2.390 2
0912 pf 16 -1.091 -0.752 1.325 1
0912 pf 17 -0.228 -0.101 0.250 1
0912 pf 18 -0.318 -2.056 2.081 2
0912 pf 19 0.100 0.343 0.357 6
0912 pf 20 -0.011 -1.399 1.399 2
0912 pf 21 0.033 -1.109 1.109 3
0912 pf 22 -0.346 -1.256 1.303 2
0912 pf 23 -0.919 -0.013 0.919 1
0912 pf 24 -0.152 -0.484 0.507 2
0912 pf 25 0.905 -2.030 2.222 3
0912 pf 26 -1.831 0.470 1.891 8
0912 pf 27 -0.025 -1.760 1.760 2
0912 pf 28 1.230 0.121 1.236 5
0912 pf 29 -0.402 -1.618 1.667 2
0912 pf 30 -1.202 -0.136 1.209 1
0912 pf 31 -0.116 -1.268 1.273 2
0912 pf 32 0.500 -1.032 1.146 3
0912 pf 33 -1.240 -0.403 1.304 1
0912 pf 34 0.481 -1.800 1.863 3
0912 pf 35 -1.490 -1.281 1.964 1
0912 pf 36 0.066 -0.891 0.894 3
0912 pf 37 -0.920 -0.485 1.040 1
0912 pf 38 0.216 0.409 0.462 6
0912 pf 39 -1.088 -1.335 1.722 2
0912 pf 40 0.467 -0.263 0.536 4
0912 pf 41 0.166 -1.149 1.161 3
0912 pf 42 -0.195 -0.526 0.561 2
0912 pf 43 -0.429 0.272 0.508 8
0912 pf 44 -0.267 -1.432 1.457 2
0912 pf 45 -0.603 -0.475 0.767 1
0912 pf 46 -0.996 1.164 1.532 7
0912 pf 47 -0.030 0.445 0.446 7
0912 pf 48 0.071 -0.253 0.262 3
0912 pf 49 0.456 -0.942 1.046 3
0912 pf 50 -0.702 -1.496 1.652 2
0936 em 00 -0.261 -0.784 0.826 2
0936 cf 00 -0.242 -1.256 1.279 2
0936 pf 01 -0.168 -0.207 0.267 2
0936 pf 02 -0.482 -1.769 1.833 2
0936 pf 03 -0.466 -0.581 0.744 2
0936 pf 04 0.734 -0.966 1.213 3
0936 pf 05 -0.446 -0.838 0.949 2
0936 pf 06 -0.596 -0.768 0.972 2
0936 pf 07 0.313 -2.272 2.293 3
0936 pf 08 -0.545 -2.075 2.145 2
0936 pf 09 -0.617 1.110 1.270 7
0936 pf 10 0.164 1.317 1.328 6
0936 pf 11 -0.432 -1.408 1.472 2
0936 pf 12 -0.895 -2.079 2.263 2
0936 pf 13 -0.431 1.314 1.383 7
0936 pf 14 -0.120 -0.971 0.978 2
0936 pf 15 0.182 -2.416 2.423 3
0936 pf 16 -1.060 -1.006 1.462 1
0936 pf 17 -0.374 0.078 0.382 8
0936 pf 18 0.218 -2.064 2.076 3
0936 pf 19 -0.146 -0.006 0.146 1
0936 pf 20 0.172 -1.483 1.493 3
0936 pf 21 0.012 -1.059 1.059 3
0936 pf 22 -0.039 -1.240 1.241 2
0936 pf 23 -0.900 -0.389 0.981 1
0936 pf 24 -0.658 -0.374 0.757 1
0936 pf 25 0.926 -2.150 2.341 3
0936 pf 26 -1.701 0.114 1.705 8
0936 pf 27 0.139 -1.575 1.581 3
0936 pf 28 0.748 0.277 0.798 5
0936 pf 29 -0.170 -1.980 1.987 2
0936 pf 30 -1.318 -0.324 1.357 1
0936 pf 31 -0.510 -1.423 1.511 2
0936 pf 32 0.873 -0.976 1.309 3
0936 pf 33 -1.302 -0.631 1.446 1
0936 pf 34 0.373 -1.742 1.782 3
0936 pf 35 -1.134 -1.130 1.601 1
0936 pf 36 0.475 -0.739 0.879 3
0936 pf 37 -0.946 -0.652 1.149 1
0936 pf 38 -0.164 0.654 0.674 7
0936 pf 39 -1.002 -1.580 1.871 2
0936 pf 40 0.468 -0.185 0.504 4
0936 pf 41 0.172 -1.242 1.254 3
0936 pf 42 -0.327 -0.373 0.496 2
0936 pf 43 -0.452 0.194 0.492 8
0936 pf 44 0.081 -1.604 1.606 3
0936 pf 45 -0.663 -0.463 0.809 1
0936 pf 46 -1.075 1.190 1.604 7
0936 pf 47 -0.060 0.585 0.588 7
0936 pf 48 -0.028 -0.608 0.608 2
0936 pf 49 0.468 -0.984 1.090 3
0936 pf 50 -0.714 -1.340 1.518 2
0960 em 00 -0.208 -0.779 0.807 2
0960 cf 00 -0.146 -1.220 1.228 2
0960 pf 01 0.028 -0.012 0.030 4
0960 pf 02 0.002 -1.582 1.582 3
0960 pf 03 -0.186 -0.941 0.959 2
0960 pf 04 0.800 -0.645 1.028 4
0960 pf 05 -0.722 -0.776 1.060 2
0960 pf 06 -0.574 -1.044 1.192 2
0960 pf 07 0.486 -2.348 2.398 3
0960 pf 08 -0.642 -1.672 1.791 2
0960 pf 09 -0.725 0.901 1.156 7
0960 pf 10 -0.314 1.537 1.569 7
0960 pf 11 -0.092 -1.530 1.532 2
0960 pf 12 -0.579 -2.417 2.485 2
0960 pf 13 -0.050 1.205 1.206 7
0960 pf 14 0.011 -1.038 1.039 3
0960 pf 15 0.505 -2.146 2.204 3
0960 pf 16 -0.832 -1.043 1.334 2
0960 pf 17 -0.471 0.027 0.472 8
0960 pf 18 0.366 -1.911 1.946 3
0960 pf 19 -0.274 -0.087 0.288 1
0960 pf 20 0.133 -1.501 1.507 3
0960 pf 21 0.010 -0.827 0.827 3
0960 pf 22 0.300 -1.181 1.218 3
0960 pf 23 -0.577 -0.316 0.658 1
0960 pf 24 -0.812 -0.265 0.855 1
0960 pf 25 0.858 -2.059 2.230 3
0960 pf 26 -1.373 -0.173 1.383 1
0960 pf 27 0.367 -1.405 1.452 3
0960 pf 28 0.503 0.439 0.667 5
0960 pf 29 -0.207 -2.242 2.251 2
0960 pf 30 -1.289 -0.726 1.479 1
0960 pf 31 -0.515 -1.350 1.444 2
0960 pf 32 0.764 -0.930 1.204 3
0960 pf 33 -1.367 -0.908 1.641 1
0960 pf 34 0.440 -1.609 1.668 3
0960 pf 35 -0.962 -1.010 1.395 2
0960 pf 36 0.750 -0.521 0.914 4
0960 pf 37 -0.618 -0.881 1.076 2
0960 pf 38 -0.465 0.941 1.050 7
0960 pf 39 -0.796 -1.652 1.834 2
0960 pf 40 0.681 0.166 0.701 5
0960 pf 41 -0.025 -1.033 1.034 2
0960 pf 42 -0.433 -0.631 0.766 2
0960 pf 43 -0.350 -0.008 0.351 1
0960 pf 44 0.184 -1.579 1.590 3
0960 pf 45 -0.460 -0.576 0.737 2
0960 pf 46 -1.270 0.721 1.461 8
0960 pf 47 -0.346 1.087 1.141 7
0960 pf 48 -0.088 -0.665 0.671 2
0960 pf 49 0.500 -0.978 1.099 3
0960 pf 50 -0.886 -1.465 1.712 2
0984 em 00 -0.144 -0.779 0.792 2
0984 cf 00 -0.108 -1.316 1.321 2
0984 pf 01 0.298 -0.055 0.303 4
0984 pf 02 0.331 -1.520 1.556 3
0984 pf 03 -0.404 -1.146 1.215 2
0984 pf 04 0.604 -0.548 0.816 4
0984 pf 05 -0.669 -1.103 1.290 2
0984 pf 06 -0.411 -1.427 1.485 2
0984 pf 07 0.294 -2.222 2.241 3
0984 pf 08 -0.174 -1.390 1.401 2
0984 pf 09 -1.190 1.159 1.661 8
0984 pf 10 -0.760 1.378 1.574 7
0984 pf 11 0.269 -1.428 1.453 3
0984 pf 12 -0.375 -2.670 2.697 2
0984 pf 13 0.165 1.030 1.043 6
0984 pf 14 -0.079 -0.901 0.905 2
0984 pf 15 0.628 -2.218 2.305 3
0984 pf 16 -0.718 -1.188 1.388 2
0984 pf 17 -0.789 -0.201 0.814 1
0984 pf 18 0.306 -1.810 1.836 3
0984 pf 19 -0.183 -0.378 0.420 2
0984 pf 20 0.154 -1.489 1.497 3
0984 pf 21 0.096 -0.606 0.613 3
0984 pf 22 0.708 -1.045 1.263 3
0984 pf 23 -0.369 -0.301 0.476 1
0984 pf 24 -0.860 -0.584 1.040 1
0984 pf 25 0.839 -1.650 1.851 3
0984 pf 26 -1.053 -0.254 1.083 1
0984 pf 27 0.596 -1.051 1.208 3
0984 pf 28 0.391 0.631 0.742 6
0984 pf 29 -0.229 -2.049 2.062 2
0984 pf 30 -1.101 -1.260 1.673 2
0984 pf 31 -0.252 -1.271 1.295 2
0984 pf 32 0.860 -0.622 1.061 4
0984 pf 33 -1.489 -0.955 1.769 1
0984 pf 34 0.294 -1.285 1.318 3
0984 pf 35 -0.657 -0.622 0.904 1
0984 pf 36 0.536 -0.624 0.823 3
0984 pf 37 -0.283 -1.316 1.346 2
0984 pf 38 -0.498 0.961 1.082 7
0984 pf 39 -0.456 -1.753 1.811 2
0984 pf 40 0.886 0.643 1.095 5
0984 pf 41 -0.059 -0.758 0.760 2
0984 pf 42 -0.380 -0.930 1.004 2
0984 pf 43 0.026 -0.144 0.146 3
0984 pf 44 0.108 -1.437 1.441 3
0984 pf 45 -0.634 -0.895 1.097 2
0984 pf 46 -1.401 0.331 1.440 8
0984 pf 47 -0.238 1.359 1.380 7
0984 pf 48 -0.420 -0.589 0.723 2
0984 pf 49 0.706 -0.744 1.026 3
0984 pf 50 -0.210 -1.584 1.598 2
1008 em 00 -0.055 -0.750 0.752 2
1008 cf 00 0.011 -1.186 1.186 3
1008 pf 01 0.155 0.001 0.155 5
1008 pf 02 0.622 -1.485 1.610 3
1008 pf 03 0.120 -1.075 1.082 3
1008 pf 04 0.328 -0.344 0.475 3
1008 pf 05 -0.261 -1.370 1.394 2
1008 pf 06 -0.223 -1.539 1.555 2
1008 pf 07 -0.057 -2.133 2.134 2
1008 pf 08 -0.063 -1.499 1.501 2
1008 pf 09 -1.325 1.128 1.740 8
1008 pf 10 -1.179 0.996 1.543 8
1008 pf 11 0.208 -1.784 1.796 3
1008 pf 12 0.016 -2.833 2.833 3
1008 pf 13 -0.036 1.365 1.365 7
1008 pf 14 0.069 -1.007 1.009 3
1008 pf 15 0.470 -2.233 2.282 3
1008 pf 16 -0.154 -1.442 1.450 2
1008 pf 17 -0.680 -0.208 0.711 1
1008 pf 18 0.320 -1.258 1.298 3
1008 pf 19 -0.135 -0.441 0.461 2
1008 pf 20 0.420 -1.235 1.305 3
1008 pf 21 0.001 -0.587 0.587 3
1008 pf 22 0.908 -0.867 1.255 4
1008 pf 23 -0.303 -0.251 0.394 1
1008 pf 24 -0.841 -0.690 1.088 1
1008 pf 25 0.759 -1.029 1.278 3
1008 pf 26 -0.754 -0.600 0.964 1
1008 pf 27 1.159 -0.809 1.413 4
1008 pf 28 0.560 0.717 0.909 6
1008 pf 29 0.163 -2.112 2.118 3
1008 pf 30 -0.902 -1.455 1.712 2
1008 pf 31 -0.020 -1.281 1.282 2
1008 pf 32 0.832 -0.291 0.881 4
1008 pf 33 -1.250 -1.089 1.657 1
1008 pf 34 0.172 -1.006 1.020 3
1008 pf 35 -0.685 -0.844 1.087 2
1008 pf 36 0.619 -0.563 0.837 4
1008 pf 37 -0.017 -1.443 1.443 2
1008 pf 38 -0.488 0.888 1.014 7
1008 pf 39 0.151 -1.878 1.884 3
1008 pf 40 0.875 1.037 1.357 6
1008 pf 41 -0.030 -0.504 0.505 2
1008 pf 42 -0.216 -0.856 0.883 2
1008 pf 43 0.054 -0.256 0.262 3
1008 pf 44 -0.026 -1.387 1.387 2
1008 pf 45 -0.800 -0.685 1.054 1
1008 pf 46 -1.458 0.010 1.458 8
1008 pf 47 -0.144 1.481 1.488 7
1008 pf 48 -0.706 -0.356 0.791 1
1008 pf 49 0.654 -0.530 0.841 4
1008 pf 50 0.359 -1.599 1.639 3
1032 em 00 -0.123 -0.718 0.728 2
1032 cf 00 0.049 -1.078 1.080 3
1032 pf 01 -0.264 0.347 0.436 7
1032 pf 02 0.705 -1.360 1.532 3
1032 pf 03 0.116 -1.251 1.257 3
1032 pf 04 0.079 -0.175 0.192 3
1032 pf 05 -0.149 -1.478 1.486 2
1032 pf 06 -0.084 -1.481 1.483 2
1032 pf 07 -0.391 -1.976 2.014 2
1032 pf 08 -0.174 -1.692 1.701 2
1032 pf 09 -1.422 1.028 1.755 8
1032 pf 10 -1.632 0.849 1.839 8
1032 pf 11 -0.157 -1.530 1.538 2
1032 pf 12 0.474 -2.885 2.923 3
1032 pf 13 -0.473 1.172 1.264 7
1032 pf 14 0.045 -1.176 1.177 3
1032 pf 15 0.209 -2.285 2.295 3
1032 pf 16 0.016 -1.664 1.664 3
1032 pf 17 -0.359 -0.145 0.387 1
1032 pf 18 0.237 -1.125 1.149 3
1032 pf 19 -0.146 -0.652 0.668 2
1032 pf 20 0.435 -0.951 1.045 3
1032 pf 21 -0.287 -0.670 0.729 2
1032 pf 22 0.738 -0.716 1.028 4
1032 pf 23 -0.346 -0.560 0.659 2
1032 pf 24 -0.774 -0.741 1.072 1
1032 pf 25 0.458 -0.885 0.997 3
1032 pf 26 -0.661 -0.710 0.970 2
1032 pf 27 1.010 -0.391 1.083 4
1032 pf 28 0.419 0.911 1.003 6
1032 pf 29 0.449 -2.242 2.286 3
1032 pf 30 -0.565 -1.536 1.637 2
1032 pf 31 -0.099 -1.296 1.300 2
1032 pf 32 0.644 -0.162 0.664 4
1032 pf 33 -1.004 -0.765 1.263 1
1032 pf 34 -0.451 -1.040 1.134 2
1032 pf 35 -0.655 -0.863 1.083 2
1032 pf 36 0.594 -0.293 0.662 4
1032 pf 37 -0.202 -1.408 1.423 2
1032 pf 38 -0.400 0.379 0.551 8
1032 pf 39 0.463 -1.814 1.872 3
1032 pf 40 0.634 1.576 1.698 6
1032 pf 41 -0.710 -0.894 1.142 2
1032 pf 42 -0.148 -0.910 0.922 2
1032 pf 43 -0.086 -0.326 0.337 2
1032 pf 44 -0.111 -1.229 1.234 2
1032 pf 45 -0.772 -0.319 0.835 1
1032 pf 46 -1.280 0.123 1.286 8
1032 pf 47 -0.223 1.819 1.833 7
1032 pf 48 -0.800 -0.212 0.828 1
1032 pf 49 0.426 -0.520 0.672 3
1032 pf 50 0.354 -1.582 1.621 3
1056 em 00 -0.109 -0.697 0.706 2
1056 cf 00 -0.094 -0.868 0.873 2
1056 pf 01 -0.744 0.551 0.926 8
1056 pf 02 0.373 -1.295 1.347 3
1056 pf 03 0.422 -1.189 1.262 3
1056 pf 04 -0.014 -0.249 0.250 2
1056 pf 05 0.228 -1.399 1.418 3
1056 pf 06 0.320 -1.380 1.417 3
1056 pf 07 -0.539 -1.864 1.940 2
1056 pf 08 -0.148 -1.891 1.897 2
1056 pf 09 -1.431 0.746 1.614 8
1056 pf 10 -1.772 0.516 1.845 8
1056 pf 11 -0.240 -1.183 1.207 2
1056 pf 12 0.714 -2.868 2.955 3
1056 pf 13 -1.155 1.109 1.601 8
1056 pf 14 0.003 -1.574 1.574 3
1056 pf 15 0.048 -2.406 2.407 3
1056 pf 16 0.059 -1.654 1.655 3
1056 pf 17 -0.111 -0.293 0.313 2
1056 pf 18 -0.095 -1.312 1.316 2
1056 pf 19 -0.204 -0.668 0.699 2
1056 pf 20 0.843 -0.916 1.245 3
1056 pf 21 -0.056 -1.140 1.141 2
1056 pf 22 0.744 -0.464 0.877 4
1056 pf 23 -0.276 -0.575 0.638 2
1056 pf 24 -0.226 -0.922 0.950 2
1056 pf 25 0.134 -0.653 0.666 3
1056 pf 26 -0.326 -0.521 0.615 2
1056 pf 27 1.115 0.244 1.141 5
1056 pf 28 0.139 1.194 1.202 6
1056 pf 29 0.749 -2.352 2.468 3
1056 pf 30 -0.166 -1.789 1.797 2
1056 pf 31 -0.015 -1.035 1.035 2
1056 pf 32 0.519 0.109 0.530 5
1056 pf 33 -0.772 -0.757 1.081 1
1056 pf 34 -0.662 -0.900 1.118 2
1056 pf 35 -0.761 -1.068 1.312 2
1056 pf 36 0.752 -0.192 0.776 4
1056 pf 37 0.016 -1.128 1.129 3
1056 pf 38 -0.727 0.451 0.855 8
1056 pf 39 1.001 -1.773 2.037 3
1056 pf 40 0.340 1.738 1.771 6
1056 pf 41 -1.186 -1.209 1.694 2
1056 pf 42 -0.037 -1.012 1.012 2
1056 pf 43 0.070 -0.605 0.609 3
1056 pf 44 -0.082 -1.301 1.304 2
1056 pf 45 -0.781 -0.242 0.817 1
1056 pf 46 -1.156 0.269 1.187 8
1056 pf 47 -0.594 1.778 1.874 7
1056 pf 48 -0.754 0.006 0.754 8
1056 pf 49 0.484 -0.326 0.584 4
1056 pf 50 0.482 -1.470 1.547 3
1080 em 00 -0.067 -0.638 0.641 2
1080 cf 00 -0.027 -0.702 0.702 2
1080 pf 01 -1.052 0.158 1.064 8
1080 pf 02 0.268 -0.725 0.773 3
1080 pf 03 0.661 -1.181 1.353 3
1080 pf 04 -0.214 -0.518 0.560 2
1080 pf 05 0.190 -1.417 1.430 3
1080 pf 06 0.511 -1.291 1.388 3
1080 pf 07 -0.257 -1.774 1.792 2
1080 pf 08 0.527 -1.750 1.828 3
1080 pf 09 -1.240 0.859 1.508 8
1080 pf 10 -1.645 0.272 1.668 8
1080 pf 11 -0.147 -1.018 1.029 2
1080 pf 12 0.741 -2.640 2.742 3
1080 pf 13 -1.212 0.877 1.496 8
1080 pf 14 -0.046 -1.328 1.329 2
1080 pf 15 0.247 -2.417 2.430 3
1080 pf 16 0.114 -1.591 1.595 3
1080 pf 17 -0.056 -0.317 0.322 2
1080 pf 18 -0.066 -0.988 0.990 2
1080 pf 19 -0.013 -0.754 0.754 2
1080 pf 20 1.083 -0.563 1.221 4
1080 pf 21 0.036 -1.166 1.166 3
1080 pf 22 0.616 -0.139 0.631 4
1080 pf 23 -0.165 -0.545 0.570 2
1080 pf 24 0.334 -1.342 1.383 3
1080 pf 25 -0.021 -0.362 0.363 2
1080 pf 26 -0.119 -0.552 0.564 2
1080 pf 27 1.071 0.858 1.373 5
1080 pf 28 -0.005 1.529 1.529 7
1080 pf 29 0.832 -2.077 2.238 3
1080 pf 30 0.018 -2.004 2.004 3
1080 pf 31 -0.028 -0.941 0.941 2
1080 pf 32 0.242 0.497 0.553 6
1080 pf 33 -0.746 -0.554 0.929 1
1080 pf 34 -0.860 -0.499 0.994 1
1080 pf 35 -0.845 -0.879 1.219 2
1080 pf 36 0.656 -0.542 0.851 4
1080 pf 37 0.000 -1.075 1.075 2
1080 pf 38 -0.906 0.449 1.011 8
1080 pf 39 0.876 -1.621 1.842 3
1080 pf 40 -0.001 1.520 1.520 6
1080 pf 41 -1.240 -1.550 1.984 2
1080 pf 42 0.086 -1.230 1.233 3
1080 pf 43 0.243 -0.726 0.766 3
1080 pf 44 -0.154 -1.334 1.343 2
1080 pf 45 -0.398 -0.489 0.630 2
1080 pf 46 -0.864 0.292 0.912 8
1080 pf 47 -0.805 1.747 1.923 7
1080 pf 48 -0.610 0.245 0.657 8
1080 pf 49 0.459 -0.180 0.493 4
1080 pf 50 0.493 -1.079 1.186 3
1104 em 00 -0.013 -0.531 0.531 2
1104 cf 00 -0.189 -0.637 0.664 2
1104 pf 01 -0.848 0.291 0.896 8
1104 pf 02 0.433 -0.490 0.653 3
1104 pf 03 0.624 -1.030 1.204 3
1104 pf 04 -0.362 -0.223 0.425 1
1104 pf 05 0.239 -1.365 1.386 3
1104 pf 06 0.761 -0.854 1.144 3
1104 pf 07 0.017 -1.823 1.823 3
1104 pf 08 0.928 -1.730 1.963 3
1104 pf 09 -1.252 0.796 1.484 8
1104 pf 10 -1.609 -0.267 1.631 1
1104 pf 11 0.060 -0.921 0.923 3
1104 pf 12 0.800 -2.163 2.306 3
1104 pf 13 -1.149 0.695 1.343 8
1104 pf 14 0.104 -1.261 1.265 3
1104 pf 15 0.371 -2.478 2.505 3
1104 pf 16 -0.077 -1.450 1.452 2
1104 pf 17 -0.408 -0.567 0.699 2
1104 pf 18 0.049 -0.777 0.778 3
1104 pf 19 0.299 -0.777 0.832 3
1104 pf 20 0.627 -0.329 0.708 4
1104 pf 21 0.390 -0.959 1.035 3
1104 pf 22 0.535 0.098 0.544 5
1104 pf 23 -0.224 -0.277 0.357 2
1104 pf 24 0.812 -1.556 1.756 3
1104 pf 25 -0.294 -0.250 0.386 1
1104 pf 26 0.000 -0.734 0.734 2
1104 pf 27 0.571 1.367 1.482 6
1104 pf 28 -0.350 1.524 1.564 7
1104 pf 29 0.926 -1.618 1.864 3
1104 pf 30 -0.154 -1.995 2.000 2
1104 pf 31 0.193 -0.320 0.373 3
1104 pf 32 0.046 0.932 0.933 6
1104 pf 33 -0.956 -0.616 1.137 1
1104 pf 34 -0.848 -0.288 0.896 1
1104 pf 35 -0.955 -0.642 1.151 1
1104 pf 36 0.576 -0.524 0.779 4
1104 pf 37 0.322 -1.029 1.078 3
1104 pf 38 -0.489 0.512 0.708 7
1104 pf 39 1.128 -1.008 1.512 4
1104 pf 40 0.084 1.626 1.628 6
1104 pf 41 -0.977 -1.801 2.049 2
1104 pf 42 0.236 -1.037 1.063 3
1104 pf 43 0.232 -0.903 0.933 3
1104 pf 44 0.061 -1.182 1.183 3
1104 pf 45 0.171 -0.440 0.472 3
1104 pf 46 -0.840 0.282 0.886 8
1104 pf 47 -1.102 1.624 1.962 7
1104 pf 48 -0.246 0.197 0.315 8
1104 pf 49 0.605 0.053 0.607 5
1104 pf 50 0.402 -0.806 0.901 3
