ecmf prod rt 2020121400 51 046
0024 em 00 0.577 0.569 0.810 5
0024 cf 00 0.554 0.546 0.778 5
0024 pf 01 0.494 0.553 0.741 6
0024 pf 02 0.569 0.614 0.837 6
0024 pf 03 0.487 0.559 0.742 6
0024 pf 04 0.566 0.815 0.993 6
0024 pf 05 0.559 0.607 0.825 6
0024 pf 06 0.547 0.415 0.687 5
0024 pf 07 0.520 0.611 0.803 6
0024 pf 08 0.606 0.503 0.788 5
0024 pf 09 0.513 0.361 0.627 5
0024 pf 10 0.605 0.665 0.899 6
0024 pf 11 0.552 0.537 0.770 5
0024 pf 12 0.500 0.648 0.818 6
0024 pf 13 0.630 0.469 0.785 5
0024 pf 14 0.517 0.561 0.763 6
0024 pf 15 0.599 0.646 0.881 6
0024 pf 16 0.533 0.552 0.767 6
0024 pf 17 0.487 0.601 0.773 6
0024 pf 18 0.474 0.496 0.686 6
0024 pf 19 0.658 0.440 0.792 5
0024 pf 20 0.591 0.390 0.708 5
0024 pf 21 0.523 0.643 0.829 6
0024 pf 22 0.700 0.594 0.918 5
0024 pf 23 0.564 0.558 0.793 5
0024 pf 24 0.525 0.580 0.782 6
0024 pf 25 0.713 0.578 0.918 5
0024 pf 26 0.496 0.539 0.732 6
0024 pf 27 0.620 0.511 0.803 5
0024 pf 28 0.532 0.589 0.794 6
0024 pf 29 0.461 0.625 0.776 6
0024 pf 30 0.482 0.590 0.762 6
0024 pf 31 0.567 0.446 0.721 5
0024 pf 32 0.539 0.541 0.764 6
0024 pf 33 0.440 0.689 0.817 6
0024 pf 34 0.482 0.564 0.742 6
0024 pf 35 0.521 0.423 0.671 5
0024 pf 36 0.535 0.713 0.892 6
0024 pf 37 0.589 0.714 0.926 6
0024 pf 38 0.559 0.534 0.774 5
0024 pf 39 0.586 0.547 0.801 5
0024 pf 40 0.615 0.463 0.770 5
0024 pf 41 0.646 0.611 0.889 5
0024 pf 42 0.516 0.692 0.863 6
0024 pf 43 0.747 0.678 1.009 5
0024 pf 44 0.651 0.681 0.942 6
0024 pf 45 0.563 0.537 0.778 5
0024 pf 46 0.652 0.369 0.750 5
0024 pf 47 0.492 0.574 0.756 6
0024 pf 48 0.546 0.653 0.851 6
0024 pf 49 0.655 0.734 0.984 6
0024 pf 50 0.647 0.545 0.846 5
0048 em 00 0.731 0.470 0.870 5
0048 cf 00 0.707 0.388 0.807 5
0048 pf 01 0.551 0.315 0.635 5
0048 pf 02 0.822 0.747 1.111 5
0048 pf 03 0.655 0.220 0.691 5
0048 pf 04 0.608 0.686 0.917 6
0048 pf 05 0.819 0.594 1.012 5
0048 pf 06 0.986 0.374 1.054 5
0048 pf 07 0.598 0.569 0.826 5
0048 pf 08 0.802 0.369 0.883 5
0048 pf 09 0.659 0.211 0.692 5
0048 pf 10 0.579 0.691 0.901 6
0048 pf 11 0.737 0.379 0.828 5
0048 pf 12 0.420 0.483 0.640 6
0048 pf 13 0.830 0.467 0.953 5
0048 pf 14 0.678 0.604 0.908 5
0048 pf 15 0.720 0.496 0.874 5
0048 pf 16 0.802 0.504 0.948 5
0048 pf 17 0.564 0.548 0.787 5
0048 pf 18 0.576 0.420 0.713 5
0048 pf 19 0.910 0.576 1.077 5
0048 pf 20 0.674 0.346 0.758 5
0048 pf 21 0.747 0.389 0.842 5
0048 pf 22 1.059 0.604 1.219 5
0048 pf 23 0.515 0.308 0.600 5
0048 pf 24 0.762 0.558 0.945 5
0048 pf 25 0.869 0.622 1.069 5
0048 pf 26 0.626 0.550 0.833 5
0048 pf 27 0.921 0.504 1.049 5
0048 pf 28 0.628 0.451 0.773 5
0048 pf 29 0.375 0.413 0.558 6
0048 pf 30 0.719 0.431 0.838 5
0048 pf 31 0.747 0.337 0.820 5
0048 pf 32 0.748 0.397 0.846 5
0048 pf 33 0.792 0.647 1.023 5
0048 pf 34 0.552 0.437 0.704 5
0048 pf 35 0.769 0.267 0.814 5
0048 pf 36 0.515 0.587 0.781 6
0048 pf 37 0.609 0.561 0.828 5
0048 pf 38 0.733 0.607 0.952 5
0048 pf 39 0.668 0.545 0.862 5
0048 pf 40 0.691 0.326 0.764 5
0048 pf 41 0.770 0.476 0.905 5
0048 pf 42 0.618 0.562 0.836 5
0048 pf 43 0.823 0.585 1.009 5
0048 pf 44 0.700 0.582 0.910 5
0048 pf 45 0.821 0.357 0.895 5
0048 pf 46 0.969 0.329 1.023 5
0048 pf 47 0.749 0.372 0.836 5
0048 pf 48 0.622 0.364 0.721 5
0048 pf 49 0.861 0.605 1.052 5
0048 pf 50 0.766 0.422 0.875 5
0072 em 00 0.919 0.464 1.030 5
0072 cf 00 0.902 0.355 0.970 5
0072 pf 01 0.838 0.252 0.875 5
0072 pf 02 0.918 0.967 1.333 6
0072 pf 03 1.069 0.129 1.076 5
0072 pf 04 0.746 0.619 0.970 5
0072 pf 05 0.821 0.717 1.089 5
0072 pf 06 1.004 0.400 1.081 5
0072 pf 07 0.758 0.356 0.837 5
0072 pf 08 0.982 0.386 1.055 5
0072 pf 09 0.817 0.217 0.845 5
0072 pf 10 0.730 0.511 0.891 5
0072 pf 11 0.817 0.223 0.847 5
0072 pf 12 0.684 0.264 0.733 5
0072 pf 13 1.148 0.483 1.245 5
0072 pf 14 0.940 0.657 1.147 5
0072 pf 15 1.003 0.395 1.078 5
0072 pf 16 1.074 0.657 1.259 5
0072 pf 17 0.648 0.459 0.794 5
0072 pf 18 0.598 0.674 0.901 6
0072 pf 19 0.894 0.795 1.197 5
0072 pf 20 0.960 0.310 1.009 5
0072 pf 21 0.944 0.296 0.990 5
0072 pf 22 1.239 0.761 1.454 5
0072 pf 23 0.642 0.245 0.687 5
0072 pf 24 0.918 0.591 1.091 5
0072 pf 25 1.156 0.624 1.314 5
0072 pf 26 0.930 0.446 1.031 5
0072 pf 27 1.159 0.614 1.312 5
0072 pf 28 0.707 0.340 0.785 5
0072 pf 29 0.568 0.535 0.780 5
0072 pf 30 0.950 0.354 1.014 5
0072 pf 31 0.973 0.348 1.034 5
0072 pf 32 1.131 0.411 1.203 5
0072 pf 33 1.080 0.801 1.345 5
0072 pf 34 0.587 0.209 0.623 5
0072 pf 35 0.888 0.279 0.930 5
0072 pf 36 0.506 0.352 0.617 5
0072 pf 37 0.763 0.484 0.904 5
0072 pf 38 0.815 0.663 1.050 5
0072 pf 39 0.845 0.697 1.095 5
0072 pf 40 0.623 0.382 0.731 5
0072 pf 41 0.958 0.309 1.007 5
0072 pf 42 0.932 0.695 1.163 5
0072 pf 43 1.023 0.453 1.119 5
0072 pf 44 0.793 0.660 1.032 5
0072 pf 45 1.039 0.612 1.206 5
0072 pf 46 1.360 0.392 1.415 5
0072 pf 47 1.092 0.351 1.147 5
0072 pf 48 0.898 0.378 0.974 5
0072 pf 49 0.957 0.379 1.030 5
0072 pf 50 0.918 0.442 1.019 5
0096 em 00 0.753 0.542 0.928 5
0096 cf 00 0.788 0.489 0.927 5
0096 pf 01 0.772 0.467 0.903 5
0096 pf 02 0.579 0.986 1.144 6
0096 pf 03 0.984 0.121 0.991 5
0096 pf 04 0.488 0.839 0.971 6
0096 pf 05 0.486 0.724 0.872 6
0096 pf 06 0.775 0.586 0.972 5
0096 pf 07 0.634 0.376 0.737 5
0096 pf 08 0.679 0.406 0.791 5
0096 pf 09 0.743 0.383 0.836 5
0096 pf 10 0.562 0.547 0.784 5
0096 pf 11 0.653 0.188 0.679 5
0096 pf 12 0.662 0.353 0.750 5
0096 pf 13 1.148 0.474 1.242 5
0096 pf 14 0.860 0.789 1.167 5
0096 pf 15 0.922 0.533 1.064 5
0096 pf 16 0.857 0.847 1.205 5
0096 pf 17 0.522 0.565 0.770 6
0096 pf 18 0.396 0.627 0.742 6
0096 pf 19 0.695 0.962 1.187 6
0096 pf 20 0.896 0.492 1.022 5
0096 pf 21 0.724 0.476 0.866 5
0096 pf 22 1.078 0.975 1.453 5
0096 pf 23 0.465 0.271 0.538 5
0096 pf 24 0.723 0.504 0.882 5
0096 pf 25 0.954 0.662 1.162 5
0096 pf 26 0.824 0.410 0.921 5
0096 pf 27 0.896 0.564 1.059 5
0096 pf 28 0.332 0.233 0.406 5
0096 pf 29 0.449 0.858 0.969 6
0096 pf 30 0.931 0.339 0.991 5
0096 pf 31 0.686 0.382 0.785 5
0096 pf 32 1.062 0.351 1.119 5
0096 pf 33 1.097 0.813 1.365 5
0096 pf 34 0.541 0.100 0.551 5
0096 pf 35 0.791 0.456 0.913 5
0096 pf 36 0.525 0.426 0.676 5
0096 pf 37 0.513 0.514 0.726 6
0096 pf 38 0.397 0.788 0.882 6
0096 pf 39 0.500 0.662 0.830 6
0096 pf 40 0.286 0.311 0.422 6
0096 pf 41 0.958 0.403 1.040 5
0096 pf 42 1.071 0.897 1.397 5
0096 pf 43 1.081 0.655 1.264 5
0096 pf 44 0.302 0.677 0.741 6
0096 pf 45 0.861 0.785 1.166 5
0096 pf 46 1.256 0.615 1.399 5
0096 pf 47 0.863 0.576 1.037 5
0096 pf 48 0.714 0.343 0.792 5
0096 pf 49 0.746 0.424 0.858 5
0096 pf 50 0.591 0.578 0.826 5
0120 em 00 0.722 0.696 1.002 5
0120 cf 00 0.717 0.636 0.959 5
0120 pf 01 0.522 0.574 0.776 6
0120 pf 02 0.416 1.122 1.197 6
0120 pf 03 0.979 0.226 1.004 5
0120 pf 04 0.098 0.864 0.870 6
0120 pf 05 0.411 0.857 0.950 6
0120 pf 06 0.555 0.706 0.898 6
0120 pf 07 0.550 0.558 0.783 6
0120 pf 08 0.532 0.592 0.796 6
0120 pf 09 0.995 0.662 1.195 5
0120 pf 10 0.581 0.576 0.818 5
0120 pf 11 0.737 0.799 1.087 6
0120 pf 12 0.704 0.204 0.733 5
0120 pf 13 1.209 0.533 1.322 5
0120 pf 14 0.738 0.911 1.172 6
0120 pf 15 1.083 0.681 1.279 5
0120 pf 16 0.726 1.007 1.241 6
0120 pf 17 0.559 0.721 0.912 6
0120 pf 18 0.442 0.666 0.799 6
0120 pf 19 0.610 1.278 1.416 6
0120 pf 20 0.843 0.623 1.049 5
0120 pf 21 0.600 0.477 0.766 5
0120 pf 22 1.005 1.237 1.594 6
0120 pf 23 0.893 0.392 0.975 5
0120 pf 24 0.832 0.629 1.043 5
0120 pf 25 0.948 0.632 1.139 5
0120 pf 26 1.001 0.714 1.230 5
0120 pf 27 1.087 0.903 1.413 5
0120 pf 28 0.179 0.306 0.355 6
0120 pf 29 0.368 0.998 1.064 6
0120 pf 30 0.961 0.501 1.084 5
0120 pf 31 0.508 0.361 0.623 5
0120 pf 32 0.984 0.562 1.133 5
0120 pf 33 0.937 0.984 1.359 6
0120 pf 34 0.759 0.287 0.811 5
0120 pf 35 0.904 0.904 1.279 6
0120 pf 36 0.655 0.600 0.888 5
0120 pf 37 0.414 0.294 0.507 5
0120 pf 38 0.092 0.769 0.775 6
0120 pf 39 0.431 0.951 1.044 6
0120 pf 40 0.134 0.268 0.300 6
0120 pf 41 1.116 0.564 1.250 5
0120 pf 42 0.980 1.131 1.496 6
0120 pf 43 0.906 0.895 1.274 5
0120 pf 44 0.089 0.789 0.794 6
0120 pf 45 0.825 1.069 1.351 6
0120 pf 46 1.269 0.931 1.574 5
0120 pf 47 0.760 0.724 1.050 5
0120 pf 48 0.708 0.272 0.759 5
0120 pf 49 0.878 0.633 1.083 5
0120 pf 50 0.617 0.899 1.090 6
0144 em 00 0.738 0.893 1.158 6
0144 cf 00 0.693 0.753 1.023 6
0144 pf 01 0.394 0.463 0.608 6
0144 pf 02 0.365 1.207 1.261 6
0144 pf 03 1.083 0.477 1.183 5
0144 pf 04 0.177 1.037 1.052 6
0144 pf 05 0.529 1.011 1.141 6
0144 pf 06 0.515 0.693 0.864 6
0144 pf 07 0.664 0.788 1.030 6
0144 pf 08 0.560 0.854 1.021 6
0144 pf 09 1.212 0.922 1.523 5
0144 pf 10 0.734 0.991 1.233 6
0144 pf 11 0.644 1.041 1.224 6
0144 pf 12 0.797 0.075 0.800 5
0144 pf 13 1.123 0.984 1.493 5
0144 pf 14 0.477 1.059 1.162 6
0144 pf 15 0.911 1.092 1.422 6
0144 pf 16 0.674 1.378 1.534 6
0144 pf 17 0.660 1.371 1.521 6
0144 pf 18 0.687 1.037 1.244 6
0144 pf 19 0.484 1.704 1.772 6
0144 pf 20 0.953 0.729 1.200 5
0144 pf 21 0.598 0.642 0.877 6
0144 pf 22 1.113 1.618 1.964 6
0144 pf 23 1.177 0.730 1.385 5
0144 pf 24 0.544 0.770 0.943 6
0144 pf 25 0.999 0.792 1.275 5
0144 pf 26 1.012 0.906 1.358 5
0144 pf 27 1.096 1.110 1.560 6
0144 pf 28 0.224 0.249 0.335 6
0144 pf 29 0.336 0.989 1.045 6
0144 pf 30 1.255 0.832 1.505 5
0144 pf 31 0.629 0.506 0.807 5
0144 pf 32 1.022 0.759 1.273 5
0144 pf 33 0.871 1.054 1.368 6
0144 pf 34 1.003 0.364 1.068 5
0144 pf 35 0.972 1.249 1.583 6
0144 pf 36 0.751 0.802 1.099 6
0144 pf 37 0.535 0.144 0.554 5
0144 pf 38 -0.170 0.688 0.709 7
0144 pf 39 0.197 1.267 1.282 6
0144 pf 40 0.131 0.391 0.412 6
0144 pf 41 1.439 0.571 1.548 5
0144 pf 42 0.947 1.450 1.732 6
0144 pf 43 0.846 1.116 1.401 6
0144 pf 44 -0.085 0.816 0.820 7
0144 pf 45 0.740 1.158 1.375 6
0144 pf 46 1.226 1.109 1.653 5
0144 pf 47 0.685 1.025 1.233 6
0144 pf 48 0.838 0.378 0.919 5
0144 pf 49 0.745 0.960 1.215 6
0144 pf 50 0.596 1.126 1.274 6
0168 em 00 0.772 0.919 1.200 6
0168 cf 00 0.808 0.738 1.095 5
0168 pf 01 0.457 0.041 0.459 5
0168 pf 02 0.468 1.271 1.355 6
0168 pf 03 1.002 0.507 1.123 5
0168 pf 04 0.096 0.850 0.855 6
0168 pf 05 0.635 1.087 1.259 6
0168 pf 06 0.573 0.495 0.758 5
0168 pf 07 0.763 1.060 1.306 6
0168 pf 08 0.543 0.759 0.933 6
0168 pf 09 1.361 1.334 1.906 5
0168 pf 10 0.724 0.835 1.105 6
0168 pf 11 0.711 1.049 1.267 6
0168 pf 12 0.874 -0.012 0.874 4
0168 pf 13 1.052 1.101 1.523 6
0168 pf 14 0.499 1.115 1.221 6
0168 pf 15 0.774 1.030 1.288 6
0168 pf 16 0.618 1.496 1.618 6
0168 pf 17 0.465 1.255 1.338 6
0168 pf 18 0.827 1.306 1.546 6
0168 pf 19 0.164 1.830 1.837 6
0168 pf 20 0.867 0.871 1.229 6
0168 pf 21 0.934 0.802 1.231 5
0168 pf 22 1.007 1.780 2.045 6
0168 pf 23 1.248 1.020 1.612 5
0168 pf 24 0.516 0.696 0.867 6
0168 pf 25 1.033 0.810 1.313 5
0168 pf 26 1.131 1.039 1.536 5
0168 pf 27 1.046 1.194 1.588 6
0168 pf 28 0.497 -0.087 0.504 4
0168 pf 29 0.277 0.865 0.908 6
0168 pf 30 1.498 1.155 1.892 5
0168 pf 31 0.560 0.299 0.635 5
0168 pf 32 1.088 0.967 1.456 5
0168 pf 33 1.079 1.092 1.535 6
0168 pf 34 1.364 0.309 1.398 5
0168 pf 35 0.765 1.416 1.609 6
0168 pf 36 0.675 0.827 1.068 6
0168 pf 37 0.823 -0.030 0.824 4
0168 pf 38 -0.071 0.292 0.300 7
0168 pf 39 0.074 1.355 1.357 6
0168 pf 40 0.274 0.325 0.425 6
0168 pf 41 1.791 0.649 1.905 5
0168 pf 42 0.805 1.326 1.551 6
0168 pf 43 0.878 1.195 1.483 6
0168 pf 44 -0.084 0.779 0.783 7
0168 pf 45 0.767 1.302 1.512 6
0168 pf 46 1.198 1.292 1.762 6
0168 pf 47 0.730 0.938 1.188 6
0168 pf 48 0.950 0.316 1.002 5
0168 pf 49 0.721 1.158 1.364 6
0168 pf 50 0.435 1.419 1.484 6
0192 em 00 0.722 0.840 1.107 6
0192 cf 00 0.936 0.698 1.168 5
0192 pf 01 0.444 -0.148 0.469 4
0192 pf 02 0.439 1.102 1.186 6
0192 pf 03 0.968 0.521 1.099 5
0192 pf 04 0.172 0.860 0.877 6
0192 pf 05 0.325 0.929 0.984 6
0192 pf 06 0.594 0.333 0.681 5
0192 pf 07 0.652 1.056 1.241 6
0192 pf 08 0.409 0.478 0.629 6
0192 pf 09 1.083 1.612 1.942 6
0192 pf 10 0.624 0.741 0.969 6
0192 pf 11 0.717 0.875 1.131 6
0192 pf 12 0.913 0.017 0.913 5
0192 pf 13 0.976 1.022 1.413 6
0192 pf 14 0.513 0.942 1.073 6
0192 pf 15 0.626 0.869 1.070 6
0192 pf 16 0.567 1.411 1.521 6
0192 pf 17 0.263 1.021 1.054 6
0192 pf 18 0.607 1.177 1.324 6
0192 pf 19 0.122 1.670 1.674 6
0192 pf 20 0.845 0.978 1.293 6
0192 pf 21 1.167 1.017 1.548 5
0192 pf 22 0.537 1.503 1.596 6
0192 pf 23 1.300 0.965 1.619 5
0192 pf 24 0.505 0.669 0.838 6
0192 pf 25 1.158 0.710 1.358 5
0192 pf 26 0.842 0.976 1.289 6
0192 pf 27 0.862 1.171 1.454 6
0192 pf 28 0.765 -0.232 0.799 4
0192 pf 29 0.089 0.543 0.550 6
0192 pf 30 1.414 1.181 1.842 5
0192 pf 31 0.608 0.324 0.689 5
0192 pf 32 1.111 0.956 1.466 5
0192 pf 33 1.154 1.036 1.551 5
0192 pf 34 1.480 0.334 1.517 5
0192 pf 35 0.415 1.334 1.397 6
0192 pf 36 0.480 0.670 0.825 6
0192 pf 37 1.082 -0.496 1.190 4
0192 pf 38 0.118 -0.005 0.118 4
0192 pf 39 -0.168 1.081 1.094 7
0192 pf 40 0.415 0.585 0.718 6
0192 pf 41 2.144 0.716 2.260 5
0192 pf 42 0.799 1.486 1.688 6
0192 pf 43 0.885 0.958 1.304 6
0192 pf 44 0.064 0.614 0.617 6
0192 pf 45 0.820 1.381 1.606 6
0192 pf 46 0.989 0.995 1.403 6
0192 pf 47 0.389 0.853 0.937 6
0192 pf 48 0.940 0.219 0.965 5
0192 pf 49 0.485 1.319 1.405 6
0192 pf 50 0.089 1.379 1.382 6
0216 em 00 0.602 0.732 0.948 6
0216 cf 00 0.733 0.526 0.902 5
0216 pf 01 0.630 -0.337 0.714 4
0216 pf 02 0.634 1.125 1.292 6
0216 pf 03 0.982 0.618 1.160 5
0216 pf 04 0.313 0.590 0.668 6
0216 pf 05 0.187 0.734 0.757 6
0216 pf 06 0.740 0.274 0.789 5
0216 pf 07 0.609 0.979 1.153 6
0216 pf 08 -0.040 0.330 0.332 7
0216 pf 09 0.915 1.423 1.692 6
0216 pf 10 0.283 0.632 0.693 6
0216 pf 11 0.517 0.513 0.728 5
0216 pf 12 0.828 -0.110 0.835 4
0216 pf 13 0.493 0.668 0.830 6
0216 pf 14 0.536 1.095 1.219 6
0216 pf 15 0.516 0.682 0.855 6
0216 pf 16 0.392 1.287 1.345 6
0216 pf 17 -0.062 0.766 0.769 7
0216 pf 18 0.277 1.089 1.124 6
0216 pf 19 -0.074 1.293 1.295 7
0216 pf 20 0.408 0.832 0.927 6
0216 pf 21 1.280 1.008 1.629 5
0216 pf 22 0.090 1.380 1.382 6
0216 pf 23 1.234 1.058 1.625 5
0216 pf 24 0.409 0.712 0.821 6
0216 pf 25 0.945 0.939 1.333 5
0216 pf 26 0.649 0.875 1.089 6
0216 pf 27 0.720 1.209 1.407 6
0216 pf 28 1.061 -0.027 1.062 4
0216 pf 29 -0.121 0.169 0.208 7
0216 pf 30 1.234 0.917 1.537 5
0216 pf 31 0.490 0.233 0.543 5
0216 pf 32 0.762 0.713 1.044 5
0216 pf 33 0.921 0.961 1.331 6
0216 pf 34 1.495 0.501 1.577 5
0216 pf 35 0.178 0.973 0.989 6
0216 pf 36 0.636 0.687 0.936 6
0216 pf 37 1.481 -0.274 1.506 4
0216 pf 38 0.217 -0.087 0.233 4
0216 pf 39 -0.379 1.121 1.184 7
0216 pf 40 0.182 0.250 0.310 6
0216 pf 41 2.225 0.932 2.412 5
0216 pf 42 0.680 1.355 1.516 6
0216 pf 43 0.797 0.714 1.070 5
0216 pf 44 0.223 0.171 0.281 5
0216 pf 45 0.560 1.289 1.405 6
0216 pf 46 0.673 1.032 1.232 6
0216 pf 47 0.237 0.719 0.757 6
0216 pf 48 0.978 0.083 0.982 5
0216 pf 49 0.145 1.147 1.157 6
0216 pf 50 -0.305 1.228 1.266 7
0240 em 00 0.540 0.587 0.798 6
0240 cf 00 0.596 0.287 0.661 5
0240 pf 01 0.827 -0.341 0.895 4
0240 pf 02 0.609 0.847 1.043 6
0240 pf 03 1.081 0.341 1.133 5
0240 pf 04 0.189 0.411 0.452 6
0240 pf 05 0.069 0.503 0.507 6
0240 pf 06 0.751 0.447 0.873 5
0240 pf 07 0.400 0.633 0.749 6
0240 pf 08 -0.143 0.094 0.171 8
0240 pf 09 0.591 1.410 1.529 6
0240 pf 10 0.281 0.500 0.574 6
0240 pf 11 0.578 0.506 0.768 5
0240 pf 12 0.974 -0.355 1.037 4
0240 pf 13 0.237 0.437 0.498 6
0240 pf 14 0.246 0.935 0.967 6
0240 pf 15 0.674 0.534 0.860 5
0240 pf 16 0.286 1.136 1.171 6
0240 pf 17 -0.269 0.315 0.414 7
0240 pf 18 0.204 0.721 0.749 6
0240 pf 19 -0.383 1.042 1.111 7
0240 pf 20 0.143 0.650 0.666 6
0240 pf 21 1.265 1.027 1.630 5
0240 pf 22 -0.072 1.473 1.475 7
0240 pf 23 1.226 0.974 1.566 5
0240 pf 24 0.084 0.417 0.426 6
0240 pf 25 1.065 0.906 1.398 5
0240 pf 26 0.619 0.763 0.982 6
0240 pf 27 0.514 0.880 1.019 6
0240 pf 28 1.136 -0.030 1.136 4
0240 pf 29 0.067 -0.217 0.227 3
0240 pf 30 1.101 0.932 1.443 5
0240 pf 31 0.529 0.289 0.603 5
0240 pf 32 0.510 0.577 0.770 6
0240 pf 33 0.888 0.802 1.197 5
0240 pf 34 1.330 0.705 1.506 5
0240 pf 35 0.133 0.819 0.830 6
0240 pf 36 0.845 0.592 1.032 5
0240 pf 37 1.635 -0.147 1.642 4
0240 pf 38 0.438 -0.015 0.439 4
0240 pf 39 -0.693 0.775 1.040 7
0240 pf 40 0.197 -0.261 0.327 3
0240 pf 41 2.106 1.043 2.350 5
0240 pf 42 0.725 1.190 1.394 6
0240 pf 43 0.736 0.314 0.800 5
0240 pf 44 0.384 -0.002 0.384 4
0240 pf 45 0.306 1.005 1.050 6
0240 pf 46 0.652 1.199 1.364 6
0240 pf 47 0.273 0.483 0.554 6
0240 pf 48 0.984 0.006 0.984 5
0240 pf 49 -0.199 0.794 0.819 7
0240 pf 50 -0.309 1.210 1.248 7
0264 em 00 0.392 0.492 0.629 6
0264 cf 00 0.397 0.153 0.426 5
0264 pf 01 1.133 -0.319 1.177 4
0264 pf 02 0.367 0.663 0.758 6
0264 pf 03 0.860 0.441 0.967 5
0264 pf 04 -0.134 -0.049 0.143 1
0264 pf 05 0.042 0.333 0.336 6
0264 pf 06 0.907 0.364 0.977 5
0264 pf 07 0.240 0.493 0.549 6
0264 pf 08 -0.315 -0.228 0.389 1
0264 pf 09 0.177 1.489 1.499 6
0264 pf 10 0.155 0.010 0.156 5
0264 pf 11 0.750 0.755 1.065 6
0264 pf 12 0.816 -0.390 0.905 4
0264 pf 13 -0.084 0.475 0.483 7
0264 pf 14 0.099 0.655 0.662 6
0264 pf 15 1.040 0.772 1.295 5
0264 pf 16 0.038 1.043 1.044 6
0264 pf 17 -0.404 0.105 0.418 8
0264 pf 18 0.152 0.468 0.492 6
0264 pf 19 -0.514 0.785 0.938 7
0264 pf 20 0.392 0.575 0.695 6
0264 pf 21 0.786 0.728 1.072 5
0264 pf 22 -0.210 1.316 1.333 7
0264 pf 23 0.750 0.694 1.022 5
0264 pf 24 -0.156 0.067 0.170 8
0264 pf 25 1.060 1.020 1.471 5
0264 pf 26 0.543 0.327 0.634 5
0264 pf 27 0.299 0.829 0.881 6
0264 pf 28 1.116 0.079 1.119 5
0264 pf 29 0.032 -0.383 0.384 3
0264 pf 30 0.745 0.959 1.215 6
0264 pf 31 0.159 0.390 0.421 6
0264 pf 32 0.369 0.626 0.726 6
0264 pf 33 0.573 0.901 1.068 6
0264 pf 34 1.159 0.656 1.332 5
0264 pf 35 -0.335 0.610 0.696 7
0264 pf 36 0.983 0.435 1.075 5
0264 pf 37 1.371 0.141 1.378 5
0264 pf 38 0.388 -0.227 0.449 4
0264 pf 39 -0.725 0.523 0.894 8
0264 pf 40 0.144 -0.430 0.453 3
0264 pf 41 1.788 1.263 2.189 5
0264 pf 42 0.475 0.790 0.922 6
0264 pf 43 0.595 0.096 0.602 5
0264 pf 44 0.255 0.051 0.260 5
0264 pf 45 0.342 1.081 1.134 6
0264 pf 46 0.463 1.346 1.424 6
0264 pf 47 0.158 0.548 0.570 6
0264 pf 48 0.706 0.062 0.709 5
0264 pf 49 -0.396 0.441 0.593 7
0264 pf 50 -0.674 1.021 1.223 7
0288 em 00 0.330 0.482 0.584 6
0288 cf 00 0.410 0.136 0.432 5
0288 pf 01 1.461 -0.392 1.513 4
0288 pf 02 0.411 0.921 1.008 6
0288 pf 03 0.778 0.684 1.036 5
0288 pf 04 -0.469 -0.289 0.551 1
0288 pf 05 -0.118 0.120 0.168 7
0288 pf 06 0.746 0.555 0.930 5
0288 pf 07 0.601 0.366 0.704 5
0288 pf 08 -0.297 -0.345 0.455 2
0288 pf 09 -0.159 1.682 1.689 7
0288 pf 10 0.176 -0.290 0.339 3
0288 pf 11 0.838 1.054 1.347 6
0288 pf 12 0.998 -0.116 1.004 4
0288 pf 13 -0.465 0.434 0.636 8
0288 pf 14 -0.021 0.305 0.306 7
0288 pf 15 1.286 0.787 1.507 5
0288 pf 16 -0.049 0.993 0.994 7
0288 pf 17 -0.159 -0.179 0.240 2
0288 pf 18 -0.163 0.389 0.421 7
0288 pf 19 -0.595 0.811 1.006 7
0288 pf 20 0.455 0.520 0.691 6
0288 pf 21 0.563 0.468 0.732 5
0288 pf 22 -0.658 1.012 1.207 7
0288 pf 23 0.912 0.572 1.076 5
0288 pf 24 -0.075 -0.258 0.269 2
0288 pf 25 0.873 1.064 1.376 6
0288 pf 26 0.418 0.101 0.430 5
0288 pf 27 0.530 0.752 0.920 6
0288 pf 28 1.096 0.454 1.186 5
0288 pf 29 -0.015 -0.326 0.326 2
0288 pf 30 0.390 1.066 1.135 6
0288 pf 31 0.027 0.139 0.141 6
0288 pf 32 0.170 0.532 0.559 6
0288 pf 33 0.459 0.836 0.953 6
0288 pf 34 0.608 0.768 0.979 6
0288 pf 35 -0.295 0.401 0.498 7
0288 pf 36 0.972 0.388 1.047 5
0288 pf 37 1.077 0.436 1.162 5
0288 pf 38 0.191 -0.218 0.290 3
0288 pf 39 -0.407 0.274 0.491 8
0288 pf 40 0.309 -0.075 0.318 4
0288 pf 41 1.441 1.430 2.030 5
0288 pf 42 0.463 0.695 0.835 6
0288 pf 43 0.571 0.001 0.571 5
0288 pf 44 0.129 0.093 0.159 5
0288 pf 45 0.228 1.108 1.132 6
0288 pf 46 -0.002 1.593 1.593 7
0288 pf 47 0.340 0.819 0.887 6
0288 pf 48 0.617 0.228 0.658 5
0288 pf 49 -0.316 0.399 0.509 7
0288 pf 50 -0.563 1.108 1.243 7
0312 em 00 0.314 0.547 0.630 6
0312 cf 00 0.696 0.156 0.713 5
0312 pf 01 1.582 -0.247 1.601 4
0312 pf 02 0.254 1.094 1.123 6
0312 pf 03 0.643 0.507 0.819 5
0312 pf 04 -0.581 -0.313 0.660 1
0312 pf 05 -0.108 -0.085 0.137 1
0312 pf 06 0.632 1.081 1.252 6
0312 pf 07 0.480 0.250 0.542 5
0312 pf 08 -0.272 -0.391 0.476 2
0312 pf 09 -0.389 1.644 1.690 7
0312 pf 10 0.314 -0.248 0.400 4
0312 pf 11 0.764 1.143 1.375 6
0312 pf 12 1.038 0.136 1.047 5
0312 pf 13 -0.635 0.356 0.728 8
0312 pf 14 0.048 0.244 0.249 6
0312 pf 15 1.390 0.946 1.681 5
0312 pf 16 -0.074 1.014 1.017 7
0312 pf 17 -0.108 -0.064 0.125 1
0312 pf 18 -0.185 0.511 0.544 7
0312 pf 19 -0.630 0.939 1.131 7
0312 pf 20 0.589 0.455 0.744 5
0312 pf 21 0.498 0.673 0.837 6
0312 pf 22 -0.681 0.848 1.088 7
0312 pf 23 0.890 0.846 1.228 5
0312 pf 24 0.216 -0.409 0.462 3
0312 pf 25 0.766 1.414 1.609 6
0312 pf 26 0.401 0.266 0.481 5
0312 pf 27 0.301 0.354 0.464 6
0312 pf 28 1.084 0.771 1.331 5
0312 pf 29 0.119 -0.329 0.350 3
0312 pf 30 0.101 0.825 0.831 6
0312 pf 31 0.246 0.021 0.246 5
0312 pf 32 0.371 0.470 0.599 6
0312 pf 33 0.420 0.969 1.056 6
0312 pf 34 0.431 0.790 0.900 6
0312 pf 35 -0.207 0.360 0.415 7
0312 pf 36 1.126 0.636 1.293 5
0312 pf 37 0.809 0.684 1.059 5
0312 pf 38 0.044 -0.321 0.324 3
0312 pf 39 -0.309 0.286 0.421 8
0312 pf 40 0.258 0.038 0.260 5
0312 pf 41 1.280 1.669 2.103 6
0312 pf 42 0.322 0.640 0.716 6
0312 pf 43 0.706 -0.017 0.706 4
0312 pf 44 0.069 0.127 0.144 6
0312 pf 45 0.179 1.119 1.133 6
0312 pf 46 -0.271 1.674 1.696 7
0312 pf 47 0.480 1.241 1.330 6
0312 pf 48 0.413 0.578 0.710 6
0312 pf 49 -0.277 0.299 0.408 7
0312 pf 50 -0.394 1.503 1.554 7
0336 em 00 0.274 0.557 0.621 6
0336 cf 00 0.919 0.330 0.976 5
0336 pf 01 0.905 -0.191 0.925 4
0336 pf 02 0.302 0.908 0.957 6
0336 pf 03 0.595 0.471 0.759 5
0336 pf 04 -0.665 -0.481 0.821 1
0336 pf 05 -0.019 0.012 0.022 8
0336 pf 06 0.434 1.299 1.370 6
0336 pf 07 0.423 0.343 0.545 5
0336 pf 08 -0.316 -0.257 0.407 1
0336 pf 09 -0.483 1.744 1.809 7
0336 pf 10 0.551 -0.109 0.561 4
0336 pf 11 0.775 1.260 1.480 6
0336 pf 12 0.993 0.173 1.008 5
0336 pf 13 -0.700 0.163 0.719 8
0336 pf 14 0.069 0.327 0.334 6
0336 pf 15 1.121 1.037 1.527 5
0336 pf 16 0.012 1.022 1.022 6
0336 pf 17 0.309 0.128 0.335 5
0336 pf 18 -0.353 0.306 0.467 8
0336 pf 19 -0.662 0.674 0.944 7
0336 pf 20 0.698 0.190 0.724 5
0336 pf 21 0.532 0.792 0.954 6
0336 pf 22 -0.722 0.787 1.068 7
0336 pf 23 0.560 0.826 0.998 6
0336 pf 24 0.231 -0.808 0.840 3
0336 pf 25 0.409 1.557 1.610 6
0336 pf 26 0.181 0.419 0.456 6
0336 pf 27 -0.001 0.205 0.205 7
0336 pf 28 1.212 1.015 1.581 5
0336 pf 29 0.037 -0.361 0.363 3
0336 pf 30 -0.083 0.945 0.949 7
0336 pf 31 0.559 -0.092 0.566 4
0336 pf 32 0.306 0.265 0.405 5
0336 pf 33 0.259 1.121 1.151 6
0336 pf 34 0.385 0.717 0.814 6
0336 pf 35 0.169 0.252 0.304 6
0336 pf 36 0.900 0.507 1.033 5
0336 pf 37 0.460 0.553 0.720 6
0336 pf 38 0.319 -0.224 0.389 4
0336 pf 39 -0.237 0.166 0.289 8
0336 pf 40 0.292 0.328 0.439 6
0336 pf 41 1.188 1.712 2.084 6
0336 pf 42 0.385 0.602 0.715 6
0336 pf 43 0.806 0.165 0.823 5
0336 pf 44 0.076 0.109 0.133 6
0336 pf 45 0.436 1.127 1.209 6
0336 pf 46 -0.366 1.686 1.726 7
0336 pf 47 0.549 1.353 1.461 6
0336 pf 48 -0.160 0.649 0.669 7
0336 pf 49 -0.229 0.165 0.282 8
0336 pf 50 -0.259 1.711 1.730 7
0360 em 00 0.095 0.554 0.562 6
0360 cf 00 0.833 0.356 0.906 5
0360 pf 01 0.295 0.151 0.331 5
0360 pf 02 0.217 1.002 1.025 6
0360 pf 03 0.373 0.590 0.698 6
0360 pf 04 -0.559 -0.834 1.004 2
0360 pf 05 -0.300 -0.158 0.339 1
0360 pf 06 0.224 1.189 1.210 6
0360 pf 07 0.563 0.451 0.721 5
0360 pf 08 -0.461 -0.253 0.525 1
0360 pf 09 -0.860 1.895 2.081 7
0360 pf 10 0.327 -0.231 0.400 4
0360 pf 11 0.746 1.418 1.602 6
0360 pf 12 0.955 0.346 1.016 5
0360 pf 13 -0.784 0.110 0.792 8
0360 pf 14 -0.102 0.198 0.223 7
0360 pf 15 0.965 1.222 1.557 6
0360 pf 16 -0.109 1.270 1.275 7
0360 pf 17 0.698 0.469 0.841 5
0360 pf 18 -0.375 0.357 0.518 8
0360 pf 19 -0.950 0.197 0.970 8
0360 pf 20 0.465 -0.135 0.484 4
0360 pf 21 0.518 1.099 1.215 6
0360 pf 22 -0.583 0.337 0.674 8
0360 pf 23 0.254 1.197 1.224 6
0360 pf 24 0.452 -0.748 0.874 3
0360 pf 25 -0.253 1.756 1.774 7
0360 pf 26 0.076 0.309 0.318 6
0360 pf 27 -0.399 0.367 0.542 8
0360 pf 28 0.937 1.170 1.498 6
0360 pf 29 -0.097 -0.544 0.553 2
0360 pf 30 -0.530 1.204 1.316 7
0360 pf 31 0.290 -0.494 0.573 3
0360 pf 32 0.319 0.133 0.345 5
0360 pf 33 -0.018 1.113 1.113 7
0360 pf 34 0.072 0.423 0.429 6
0360 pf 35 0.024 0.226 0.227 6
0360 pf 36 0.360 0.389 0.530 6
0360 pf 37 0.263 0.519 0.581 6
0360 pf 38 0.233 -0.153 0.279 4
0360 pf 39 -0.336 0.072 0.344 8
0360 pf 40 0.014 0.484 0.484 6
0360 pf 41 0.801 1.606 1.795 6
0360 pf 42 0.631 0.496 0.803 5
0360 pf 43 0.647 0.697 0.951 6
0360 pf 44 0.021 0.136 0.138 6
0360 pf 45 0.264 1.088 1.120 6
0360 pf 46 -0.683 1.423 1.578 7
0360 pf 47 0.175 1.254 1.266 6
0360 pf 48 -0.664 0.672 0.945 7
0360 pf 49 -0.174 -0.125 0.214 1
0360 pf 50 -0.594 1.704 1.805 7
0384 em 00 -0.064 0.503 0.507 7
0384 cf 00 0.650 0.234 0.691 5
0384 pf 01 0.052 0.545 0.547 6
0384 pf 02 0.032 1.126 1.126 6
0384 pf 03 0.105 0.550 0.560 6
0384 pf 04 -0.458 -1.189 1.274 2
0384 pf 05 -0.075 -0.239 0.250 2
0384 pf 06 -0.309 0.718 0.782 7
0384 pf 07 0.619 0.666 0.909 6
0384 pf 08 -0.358 -0.047 0.361 1
0384 pf 09 -1.368 1.889 2.332 7
0384 pf 10 0.383 -0.362 0.527 4
0384 pf 11 0.587 1.558 1.665 6
0384 pf 12 0.519 0.295 0.597 5
0384 pf 13 -0.930 -0.308 0.980 1
0384 pf 14 -0.367 -0.117 0.385 1
0384 pf 15 0.657 0.895 1.110 6
0384 pf 16 -0.394 1.292 1.351 7
0384 pf 17 0.819 0.514 0.967 5
0384 pf 18 -0.379 0.287 0.476 8
0384 pf 19 -1.212 0.231 1.234 8
0384 pf 20 0.038 -0.215 0.218 3
0384 pf 21 0.562 1.284 1.402 6
0384 pf 22 -0.353 0.019 0.354 8
0384 pf 23 0.168 1.457 1.466 6
0384 pf 24 0.584 -0.662 0.883 3
0384 pf 25 -0.610 1.738 1.842 7
0384 pf 26 0.055 0.203 0.211 6
0384 pf 27 -0.628 0.567 0.847 8
0384 pf 28 0.565 1.319 1.435 6
0384 pf 29 -0.240 -0.910 0.941 2
0384 pf 30 -0.498 0.893 1.023 7
0384 pf 31 0.256 -0.903 0.939 3
0384 pf 32 0.483 0.093 0.492 5
0384 pf 33 -0.391 1.041 1.112 7
0384 pf 34 -0.226 0.403 0.462 7
0384 pf 35 -0.102 0.082 0.131 8
0384 pf 36 -0.052 0.281 0.286 7
0384 pf 37 0.139 0.495 0.514 6
0384 pf 38 -0.009 -0.046 0.047 2
0384 pf 39 -0.565 -0.121 0.578 1
0384 pf 40 0.476 0.749 0.887 6
0384 pf 41 0.360 1.389 1.435 6
0384 pf 42 0.300 0.503 0.586 6
0384 pf 43 0.142 0.677 0.692 6
0384 pf 44 -0.383 0.036 0.385 8
0384 pf 45 0.077 1.228 1.231 6
0384 pf 46 -0.477 1.274 1.360 7
0384 pf 47 -0.308 0.975 1.022 7
0384 pf 48 -0.905 0.868 1.254 8
0384 pf 49 -0.117 0.133 0.177 7
0384 pf 50 -0.658 1.373 1.523 7
0408 em 00 -0.252 0.445 0.511 7
0408 cf 00 0.328 0.369 0.494 6
0408 pf 01 -0.265 0.770 0.814 7
0408 pf 02 -0.327 1.401 1.439 7
0408 pf 03 0.079 0.036 0.087 5
0408 pf 04 -0.492 -1.153 1.254 2
0408 pf 05 -0.177 -0.070 0.190 1
0408 pf 06 -0.591 0.454 0.745 8
0408 pf 07 0.346 0.785 0.858 6
0408 pf 08 -0.260 -0.205 0.331 1
0408 pf 09 -1.535 1.799 2.364 7
0408 pf 10 0.525 -0.568 0.773 3
0408 pf 11 0.324 1.610 1.642 6
0408 pf 12 0.411 0.628 0.750 6
0408 pf 13 -1.064 -0.698 1.272 1
0408 pf 14 -0.647 -0.073 0.651 1
0408 pf 15 0.424 0.638 0.766 6
0408 pf 16 -0.914 1.200 1.509 7
0408 pf 17 0.715 0.924 1.168 6
0408 pf 18 -0.332 0.264 0.425 8
0408 pf 19 -1.393 0.015 1.394 8
0408 pf 20 -0.177 -0.237 0.296 2
0408 pf 21 0.274 1.416 1.442 6
0408 pf 22 -0.055 -0.121 0.133 2
0408 pf 23 0.004 1.392 1.392 6
0408 pf 24 0.498 -0.604 0.783 3
0408 pf 25 -0.906 1.556 1.800 7
0408 pf 26 -0.215 0.223 0.310 7
0408 pf 27 -0.837 0.280 0.883 8
0408 pf 28 -0.141 1.281 1.288 7
0408 pf 29 -0.046 -1.071 1.072 2
0408 pf 30 -0.624 0.464 0.777 8
0408 pf 31 0.240 -0.929 0.960 3
0408 pf 32 0.247 0.181 0.307 5
0408 pf 33 -0.962 0.936 1.343 8
0408 pf 34 -0.655 0.385 0.760 8
0408 pf 35 0.013 -0.283 0.283 3
0408 pf 36 -0.307 0.287 0.420 8
0408 pf 37 0.097 0.509 0.519 6
0408 pf 38 -0.418 -0.035 0.419 1
0408 pf 39 -0.679 -0.197 0.707 1
0408 pf 40 0.144 0.663 0.679 6
0408 pf 41 -0.257 1.080 1.111 7
0408 pf 42 0.071 0.186 0.199 6
0408 pf 43 -0.062 0.556 0.559 7
0408 pf 44 -0.471 0.128 0.488 8
0408 pf 45 -0.256 1.232 1.258 7
0408 pf 46 -0.047 1.287 1.288 7
0408 pf 47 -0.743 1.051 1.287 7
0408 pf 48 -1.087 0.697 1.291 8
0408 pf 49 -0.233 0.083 0.248 8
0408 pf 50 -0.699 1.250 1.433 7
0432 em 00 -0.407 0.351 0.537 8
0432 cf 00 -0.013 0.274 0.274 7
0432 pf 01 -0.563 0.820 0.995 7
0432 pf 02 -0.554 1.134 1.263 7
0432 pf 03 -0.307 0.024 0.308 8
0432 pf 04 -0.462 -1.158 1.247 2
0432 pf 05 -0.048 -0.009 0.049 1
0432 pf 06 -1.167 0.352 1.219 8
0432 pf 07 0.202 0.488 0.528 6
0432 pf 08 -0.344 -0.309 0.462 1
0432 pf 09 -1.415 1.527 2.082 7
0432 pf 10 0.661 -0.561 0.867 4
0432 pf 11 -0.074 1.577 1.579 7
0432 pf 12 0.203 0.667 0.697 6
0432 pf 13 -1.124 -0.861 1.416 1
0432 pf 14 -0.728 -0.061 0.730 1
0432 pf 15 -0.124 0.824 0.833 7
0432 pf 16 -1.362 0.782 1.571 8
0432 pf 17 0.556 1.041 1.180 6
0432 pf 18 -0.289 0.350 0.454 7
0432 pf 19 -1.569 -0.348 1.607 1
0432 pf 20 -0.198 -0.428 0.471 2
0432 pf 21 0.131 1.443 1.449 6
0432 pf 22 -0.316 -0.347 0.469 2
0432 pf 23 -0.116 1.154 1.160 7
0432 pf 24 0.388 -0.294 0.487 4
0432 pf 25 -0.835 1.435 1.660 7
0432 pf 26 -0.286 0.124 0.312 8
0432 pf 27 -1.191 0.099 1.195 8
0432 pf 28 -0.593 1.349 1.473 7
0432 pf 29 -0.115 -1.138 1.144 2
0432 pf 30 -0.664 0.135 0.678 8
0432 pf 31 0.230 -0.791 0.824 3
0432 pf 32 -0.136 0.406 0.428 7
0432 pf 33 -1.240 0.542 1.353 8
0432 pf 34 -0.506 0.081 0.513 8
0432 pf 35 0.162 -0.202 0.259 3
0432 pf 36 -0.607 0.152 0.626 8
0432 pf 37 0.182 0.392 0.433 6
0432 pf 38 -0.390 -0.002 0.390 1
0432 pf 39 -0.681 -0.055 0.683 1
0432 pf 40 -0.064 0.341 0.347 7
0432 pf 41 -0.396 0.719 0.821 7
0432 pf 42 0.157 -0.016 0.158 4
0432 pf 43 -0.373 0.652 0.752 7
0432 pf 44 -0.812 0.074 0.815 8
0432 pf 45 -0.385 1.008 1.079 7
0432 pf 46 0.064 1.450 1.452 6
0432 pf 47 -0.830 0.902 1.226 7
0432 pf 48 -1.500 0.143 1.507 8
0432 pf 49 -0.584 0.100 0.593 8
0432 pf 50 -0.856 1.147 1.431 7
0456 em 00 -0.494 0.237 0.548 8
0456 cf 00 -0.374 0.202 0.425 8
0456 pf 01 -1.137 0.801 1.391 8
0456 pf 02 -0.898 0.945 1.304 7
0456 pf 03 -0.146 -0.092 0.173 1
0456 pf 04 -0.184 -1.369 1.381 2
0456 pf 05 0.284 -0.044 0.287 4
0456 pf 06 -1.309 0.279 1.339 8
0456 pf 07 0.220 0.641 0.678 6
0456 pf 08 -0.314 -0.115 0.335 1
0456 pf 09 -1.492 1.464 2.091 8
0456 pf 10 0.871 -0.493 1.001 4
0456 pf 11 -0.305 1.432 1.464 7
0456 pf 12 -0.107 0.480 0.492 7
0456 pf 13 -1.028 -1.067 1.481 2
0456 pf 14 -0.883 -0.224 0.911 1
0456 pf 15 -0.405 0.752 0.854 7
0456 pf 16 -1.463 0.445 1.529 8
0456 pf 17 0.402 1.246 1.309 6
0456 pf 18 -0.358 0.007 0.358 8
0456 pf 19 -1.483 -0.744 1.659 1
0456 pf 20 -0.328 -0.688 0.762 2
0456 pf 21 0.259 1.301 1.327 6
0456 pf 22 -0.478 -0.432 0.644 1
0456 pf 23 -0.101 1.056 1.061 7
0456 pf 24 -0.007 -0.428 0.428 2
0456 pf 25 -0.721 1.441 1.611 7
0456 pf 26 -0.183 0.223 0.289 7
0456 pf 27 -1.067 0.052 1.069 8
0456 pf 28 -0.968 1.015 1.403 7
0456 pf 29 -0.353 -1.213 1.263 2
0456 pf 30 -0.435 -0.134 0.455 1
0456 pf 31 0.226 -0.800 0.831 3
0456 pf 32 -0.215 0.308 0.375 7
0456 pf 33 -1.034 0.208 1.055 8
0456 pf 34 -0.350 -0.285 0.451 1
0456 pf 35 0.051 0.066 0.083 6
0456 pf 36 -0.808 0.388 0.897 8
0456 pf 37 0.124 0.338 0.360 6
0456 pf 38 -0.133 -0.152 0.202 2
0456 pf 39 -0.964 0.021 0.964 8
0456 pf 40 -0.158 0.280 0.322 7
0456 pf 41 -0.528 0.579 0.783 7
0456 pf 42 0.163 -0.000 0.163 4
0456 pf 43 -0.570 0.627 0.847 7
0456 pf 44 -1.006 -0.191 1.024 1
0456 pf 45 -0.728 0.674 0.992 8
0456 pf 46 -0.005 1.424 1.424 7
0456 pf 47 -0.736 0.873 1.142 7
0456 pf 48 -1.850 -0.092 1.852 1
0456 pf 49 -0.979 -0.143 0.990 1
0456 pf 50 -1.138 0.750 1.363 8
0480 em 00 -0.590 0.132 0.605 8
0480 cf 00 -0.719 -0.028 0.720 1
0480 pf 01 -1.254 0.592 1.387 8
0480 pf 02 -0.961 0.653 1.162 8
0480 pf 03 -0.001 0.032 0.032 7
0480 pf 04 -0.208 -1.379 1.394 2
0480 pf 05 0.377 -0.217 0.435 4
0480 pf 06 -1.440 0.302 1.471 8
0480 pf 07 -0.052 0.598 0.600 7
0480 pf 08 0.028 0.240 0.241 6
0480 pf 09 -1.832 1.096 2.135 8
0480 pf 10 0.781 -0.442 0.898 4
0480 pf 11 -0.319 1.260 1.300 7
0480 pf 12 -0.476 0.417 0.633 8
0480 pf 13 -0.879 -1.031 1.355 2
0480 pf 14 -1.065 -0.609 1.227 1
0480 pf 15 -0.646 0.647 0.915 7
0480 pf 16 -1.487 0.130 1.492 8
0480 pf 17 0.119 1.455 1.460 6
0480 pf 18 -0.314 -0.161 0.353 1
0480 pf 19 -1.311 -1.144 1.740 1
0480 pf 20 -0.168 -0.934 0.949 2
0480 pf 21 0.208 1.210 1.228 6
0480 pf 22 -0.562 -0.463 0.728 1
0480 pf 23 -0.430 0.644 0.775 7
0480 pf 24 -0.449 -0.578 0.732 2
0480 pf 25 -0.558 1.062 1.200 7
0480 pf 26 -0.248 0.424 0.491 7
0480 pf 27 -0.888 -0.134 0.898 1
0480 pf 28 -1.027 0.635 1.207 8
0480 pf 29 -0.531 -1.275 1.382 2
0480 pf 30 -0.740 -0.394 0.838 1
0480 pf 31 -0.018 -0.694 0.694 2
0480 pf 32 -0.465 0.054 0.468 8
0480 pf 33 -1.000 0.322 1.050 8
0480 pf 34 -0.505 -0.369 0.626 1
0480 pf 35 0.067 0.249 0.257 6
0480 pf 36 -1.345 0.607 1.476 8
0480 pf 37 0.356 0.586 0.686 6
0480 pf 38 0.071 -0.266 0.275 3
0480 pf 39 -1.212 0.084 1.215 8
0480 pf 40 -0.131 0.153 0.201 7
0480 pf 41 -0.740 0.494 0.889 8
0480 pf 42 0.387 0.166 0.421 5
0480 pf 43 -1.137 0.219 1.158 8
0480 pf 44 -1.114 -0.235 1.138 1
0480 pf 45 -0.756 0.243 0.794 8
0480 pf 46 -0.328 1.573 1.607 7
0480 pf 47 -0.643 0.889 1.097 7
0480 pf 48 -1.754 -0.487 1.821 1
0480 pf 49 -1.166 -0.227 1.187 1
0480 pf 50 -1.450 0.425 1.512 8
0504 em 00 -0.645 0.034 0.646 8
0504 cf 00 -0.660 -0.086 0.665 1
0504 pf 01 -1.258 0.148 1.266 8
0504 pf 02 -0.982 0.341 1.039 8
0504 pf 03 0.072 0.118 0.138 6
0504 pf 04 -0.220 -1.326 1.344 2
0504 pf 05 0.247 -0.179 0.305 4
0504 pf 06 -1.569 -0.100 1.572 1
0504 pf 07 -0.341 0.667 0.749 7
0504 pf 08 0.258 0.844 0.882 6
0504 pf 09 -2.103 1.323 2.484 8
0504 pf 10 0.544 -0.460 0.712 4
0504 pf 11 -0.403 1.353 1.412 7
0504 pf 12 -0.784 0.366 0.865 8
0504 pf 13 -0.446 -1.063 1.152 2
0504 pf 14 -1.217 -0.779 1.445 1
0504 pf 15 -0.574 0.662 0.877 7
0504 pf 16 -1.280 -0.153 1.289 1
0504 pf 17 -0.462 1.250 1.333 7
0504 pf 18 -0.303 -0.183 0.354 1
0504 pf 19 -0.974 -1.298 1.623 2
0504 pf 20 -0.167 -1.249 1.260 2
0504 pf 21 0.055 1.212 1.213 6
0504 pf 22 -0.436 -0.403 0.594 1
0504 pf 23 -0.699 0.258 0.746 8
0504 pf 24 -0.667 -0.569 0.877 1
0504 pf 25 -0.373 0.654 0.753 7
0504 pf 26 -0.488 0.383 0.620 8
0504 pf 27 -0.825 -0.275 0.870 1
0504 pf 28 -1.233 0.455 1.314 8
0504 pf 29 -0.676 -1.127 1.314 2
0504 pf 30 -1.076 -0.536 1.202 1
0504 pf 31 -0.381 -0.607 0.717 2
0504 pf 32 -0.467 -0.403 0.617 1
0504 pf 33 -0.863 0.168 0.879 8
0504 pf 34 -0.431 -0.116 0.447 1
0504 pf 35 -0.167 0.327 0.367 7
0504 pf 36 -1.883 0.141 1.888 8
0504 pf 37 0.399 0.582 0.706 6
0504 pf 38 -0.185 -0.264 0.322 2
0504 pf 39 -1.393 -0.176 1.404 1
0504 pf 40 0.092 0.110 0.143 6
0504 pf 41 -1.029 0.609 1.195 8
0504 pf 42 0.884 -0.073 0.887 4
0504 pf 43 -1.252 0.021 1.252 8
0504 pf 44 -1.081 -0.367 1.142 1
0504 pf 45 -0.461 -0.034 0.462 1
0504 pf 46 -0.309 1.983 2.007 7
0504 pf 47 -0.938 0.759 1.207 8
0504 pf 48 -1.732 -1.114 2.059 1
0504 pf 49 -1.206 -0.377 1.263 1
0504 pf 50 -1.352 0.016 1.352 8
0528 em 00 -0.644 -0.113 0.654 1
0528 cf 00 -0.556 -0.185 0.586 1
0528 pf 01 -1.015 -0.162 1.028 1
0528 pf 02 -0.694 -0.270 0.744 1
0528 pf 03 0.131 0.193 0.233 6
0528 pf 04 0.025 -1.524 1.524 3
0528 pf 05 0.230 0.123 0.261 5
0528 pf 06 -1.461 -0.222 1.478 1
0528 pf 07 -0.403 0.430 0.589 7
0528 pf 08 0.415 0.893 0.985 6
0528 pf 09 -2.081 1.126 2.366 8
0528 pf 10 0.504 -0.302 0.588 4
0528 pf 11 -0.665 1.139 1.319 7
0528 pf 12 -0.843 -0.378 0.924 1
0528 pf 13 -0.614 -0.947 1.129 2
0528 pf 14 -1.205 -1.092 1.626 1
0528 pf 15 -0.415 0.901 0.992 7
0528 pf 16 -0.928 -0.483 1.046 1
0528 pf 17 -0.951 0.809 1.249 8
0528 pf 18 -0.447 -0.299 0.537 1
0528 pf 19 -0.716 -1.453 1.620 2
0528 pf 20 0.142 -1.241 1.249 3
0528 pf 21 0.017 1.134 1.134 6
0528 pf 22 -0.337 -0.819 0.886 2
0528 pf 23 -0.566 -0.111 0.577 1
0528 pf 24 -0.719 -0.646 0.967 1
0528 pf 25 -0.128 0.844 0.854 7
0528 pf 26 -0.361 0.242 0.434 8
0528 pf 27 -0.742 -0.891 1.159 2
0528 pf 28 -1.531 -0.079 1.533 1
0528 pf 29 -0.633 -0.967 1.156 2
0528 pf 30 -1.137 -0.407 1.208 1
0528 pf 31 -0.435 -0.659 0.790 2
0528 pf 32 -0.553 -0.661 0.862 2
0528 pf 33 -0.559 0.044 0.560 8
0528 pf 34 -0.224 -0.187 0.292 1
0528 pf 35 -0.247 0.510 0.567 7
0528 pf 36 -2.076 -0.036 2.077 1
0528 pf 37 0.263 0.565 0.623 6
0528 pf 38 -0.636 -0.092 0.642 1
0528 pf 39 -1.481 -0.723 1.648 1
0528 pf 40 0.154 0.018 0.155 5
0528 pf 41 -1.473 0.754 1.654 8
0528 pf 42 0.924 0.378 0.998 5
0528 pf 43 -1.343 -0.462 1.420 1
0528 pf 44 -0.853 -0.531 1.004 1
0528 pf 45 -0.116 0.048 0.125 8
0528 pf 46 -0.611 2.059 2.148 7
0528 pf 47 -1.429 0.392 1.481 8
0528 pf 48 -1.624 -1.820 2.440 2
0528 pf 49 -1.212 -0.732 1.416 1
0528 pf 50 -1.507 -0.142 1.513 1
0552 em 00 -0.627 -0.224 0.666 1
0552 cf 00 -0.347 -0.177 0.390 1
0552 pf 01 -0.580 -0.722 0.926 2
0552 pf 02 -0.588 -0.546 0.803 1
0552 pf 03 0.270 0.120 0.295 5
0552 pf 04 0.200 -1.459 1.472 3
0552 pf 05 0.315 0.381 0.495 6
0552 pf 06 -1.243 -0.243 1.267 1
0552 pf 07 -0.336 0.346 0.483 7
0552 pf 08 -0.097 0.880 0.885 7
0552 pf 09 -1.814 1.027 2.085 8
0552 pf 10 -0.003 -0.247 0.247 2
0552 pf 11 -1.014 1.022 1.440 7
0552 pf 12 -0.529 -0.731 0.902 2
0552 pf 13 -0.823 -1.089 1.365 2
0552 pf 14 -1.289 -1.163 1.736 1
0552 pf 15 -0.314 0.658 0.729 7
0552 pf 16 -0.753 -0.412 0.858 1
0552 pf 17 -1.161 0.524 1.274 8
0552 pf 18 -0.423 -0.447 0.615 2
0552 pf 19 -0.416 -1.282 1.348 2
0552 pf 20 0.563 -0.999 1.146 3
0552 pf 21 0.212 1.185 1.204 6
0552 pf 22 -0.375 -1.020 1.087 2
0552 pf 23 -0.418 -0.292 0.510 1
0552 pf 24 -0.710 -0.572 0.912 1
0552 pf 25 -0.176 0.914 0.930 7
0552 pf 26 -0.848 0.080 0.852 8
0552 pf 27 -0.408 -1.405 1.463 2
0552 pf 28 -1.508 -0.390 1.558 1
0552 pf 29 -0.737 -1.252 1.453 2
0552 pf 30 -1.055 -0.531 1.181 1
0552 pf 31 -0.520 -0.923 1.059 2
0552 pf 32 -0.337 -0.561 0.654 2
0552 pf 33 -0.322 -0.164 0.361 1
0552 pf 34 -0.071 -0.467 0.472 2
0552 pf 35 -0.579 0.233 0.625 8
0552 pf 36 -1.768 -0.369 1.806 1
0552 pf 37 -0.043 0.501 0.503 7
0552 pf 38 -0.823 -0.485 0.955 1
0552 pf 39 -1.278 -1.127 1.704 1
0552 pf 40 0.304 -0.133 0.332 4
0552 pf 41 -1.639 0.608 1.748 8
0552 pf 42 0.670 0.977 1.185 6
0552 pf 43 -1.195 -0.580 1.328 1
0552 pf 44 -1.008 -0.246 1.038 1
0552 pf 45 -0.160 0.224 0.276 7
0552 pf 46 -1.252 2.040 2.393 7
0552 pf 47 -1.468 0.008 1.468 8
0552 pf 48 -1.217 -2.067 2.399 2
0552 pf 49 -1.287 -0.795 1.513 1
0552 pf 50 -1.554 -0.384 1.601 1
0576 em 00 -0.602 -0.327 0.685 1
0576 cf 00 -0.350 -0.137 0.376 1
0576 pf 01 -0.382 -0.786 0.874 2
0576 pf 02 -0.497 -0.464 0.680 1
0576 pf 03 0.037 -0.030 0.047 4
0576 pf 04 0.184 -1.301 1.314 3
0576 pf 05 0.030 0.365 0.367 6
0576 pf 06 -0.784 -0.365 0.864 1
0576 pf 07 0.185 -0.097 0.209 4
0576 pf 08 -0.340 1.142 1.191 7
0576 pf 09 -1.512 0.762 1.693 8
0576 pf 10 -0.283 -0.214 0.355 1
0576 pf 11 -1.005 0.520 1.132 8
0576 pf 12 -0.630 -1.017 1.196 2
0576 pf 13 -0.943 -1.161 1.496 2
0576 pf 14 -1.045 -1.358 1.713 2
0576 pf 15 -0.545 0.284 0.614 8
0576 pf 16 -0.641 -0.419 0.766 1
0576 pf 17 -1.196 0.061 1.198 8
0576 pf 18 -0.668 -0.378 0.767 1
0576 pf 19 0.149 -0.922 0.933 3
0576 pf 20 0.581 -0.640 0.865 3
0576 pf 21 0.356 1.601 1.640 6
0576 pf 22 -0.119 -1.072 1.079 2
0576 pf 23 -0.279 -0.399 0.487 2
0576 pf 24 -0.696 -0.825 1.079 2
0576 pf 25 -0.424 0.892 0.988 7
0576 pf 26 -1.263 -0.289 1.296 1
0576 pf 27 -0.142 -1.630 1.636 2
0576 pf 28 -1.550 -0.683 1.694 1
0576 pf 29 -0.916 -1.299 1.589 2
0576 pf 30 -0.700 -0.569 0.902 1
0576 pf 31 -0.668 -1.268 1.433 2
0576 pf 32 -0.363 -0.749 0.833 2
0576 pf 33 -0.506 -0.446 0.675 1
0576 pf 34 -0.032 -0.517 0.518 2
0576 pf 35 -0.640 -0.254 0.689 1
0576 pf 36 -1.302 -0.402 1.363 1
0576 pf 37 -0.236 0.648 0.690 7
0576 pf 38 -0.532 -0.560 0.772 2
0576 pf 39 -0.958 -1.298 1.613 2
0576 pf 40 0.180 -0.267 0.322 3
0576 pf 41 -1.639 0.195 1.651 8
0576 pf 42 0.563 0.960 1.113 6
0576 pf 43 -1.120 -0.970 1.482 1
0576 pf 44 -1.125 0.195 1.142 8
0576 pf 45 0.003 0.295 0.295 6
0576 pf 46 -1.677 1.961 2.580 7
0576 pf 47 -1.234 -0.082 1.236 1
0576 pf 48 -0.797 -2.025 2.176 2
0576 pf 49 -1.640 -0.940 1.890 1
0576 pf 50 -1.747 -0.870 1.951 1
0600 em 00 -0.536 -0.405 0.672 1
0600 cf 00 -0.442 -0.209 0.489 1
0600 pf 01 -0.389 -0.960 1.036 2
0600 pf 02 -0.226 -0.275 0.356 2
0600 pf 03 -0.624 -0.232 0.665 1
0600 pf 04 0.104 -1.108 1.113 3
0600 pf 05 -0.256 0.457 0.523 7
0600 pf 06 -0.701 -0.503 0.863 1
0600 pf 07 0.789 -0.093 0.794 4
0600 pf 08 -0.660 1.052 1.242 7
0600 pf 09 -0.926 0.608 1.108 8
0600 pf 10 0.017 -0.155 0.156 3
0600 pf 11 -0.715 0.161 0.733 8
0600 pf 12 -0.596 -1.230 1.367 2
0600 pf 13 -0.817 -1.192 1.446 2
0600 pf 14 -0.704 -1.624 1.770 2
0600 pf 15 -0.713 0.443 0.839 8
0600 pf 16 -0.457 -0.319 0.558 1
0600 pf 17 -1.048 -0.255 1.079 1
0600 pf 18 -0.866 -0.201 0.889 1
0600 pf 19 0.667 -0.586 0.888 4
0600 pf 20 0.284 -0.478 0.556 3
0600 pf 21 0.393 1.444 1.496 6
0600 pf 22 0.141 -1.338 1.346 3
0600 pf 23 -0.363 -0.073 0.370 1
0600 pf 24 -0.624 -1.114 1.277 2
0600 pf 25 -0.648 0.320 0.723 8
0600 pf 26 -1.495 -0.554 1.595 1
0600 pf 27 0.535 -1.586 1.674 3
0600 pf 28 -1.604 -0.830 1.806 1
0600 pf 29 -0.759 -1.051 1.297 2
0600 pf 30 -0.604 -0.593 0.847 1
0600 pf 31 -0.608 -1.212 1.356 2
0600 pf 32 -0.125 -0.683 0.695 2
0600 pf 33 -0.722 -0.651 0.972 1
0600 pf 34 0.141 -0.473 0.494 3
0600 pf 35 -0.811 -0.591 1.003 1
0600 pf 36 -0.840 -0.573 1.017 1
0600 pf 37 -0.463 0.523 0.699 7
0600 pf 38 -0.304 -0.575 0.650 2
0600 pf 39 -0.643 -0.998 1.187 2
0600 pf 40 0.061 -0.493 0.497 3
0600 pf 41 -1.601 -0.048 1.602 1
0600 pf 42 0.637 0.837 1.052 6
0600 pf 43 -1.003 -1.046 1.449 2
0600 pf 44 -0.889 0.068 0.892 8
0600 pf 45 -0.097 0.254 0.272 7
0600 pf 46 -1.741 1.851 2.541 7
0600 pf 47 -1.114 -0.373 1.175 1
0600 pf 48 -0.574 -1.986 2.068 2
0600 pf 49 -1.730 -1.101 2.051 1
0600 pf 50 -1.893 -1.403 2.356 1
0624 em 00 -0.425 -0.457 0.624 2
0624 cf 00 -0.634 -0.338 0.718 1
0624 pf 01 -0.151 -1.290 1.298 2
0624 pf 02 -0.149 -0.336 0.367 2
0624 pf 03 -0.811 -0.519 0.963 1
0624 pf 04 0.252 -1.095 1.123 3
0624 pf 05 -0.549 0.779 0.953 7
0624 pf 06 -0.499 -0.610 0.789 2
0624 pf 07 1.130 -0.161 1.142 4
0624 pf 08 -0.845 0.662 1.073 8
0624 pf 09 -0.393 0.585 0.705 7
0624 pf 10 0.201 -0.270 0.337 3
0624 pf 11 -0.443 0.087 0.452 8
0624 pf 12 -0.422 -1.460 1.520 2
0624 pf 13 -0.677 -1.093 1.286 2
0624 pf 14 -0.417 -1.706 1.756 2
0624 pf 15 -0.677 0.490 0.836 8
0624 pf 16 -0.415 -0.162 0.445 1
0624 pf 17 -0.657 -0.721 0.975 2
0624 pf 18 -0.561 -0.358 0.665 1
0624 pf 19 0.922 -0.088 0.926 4
0624 pf 20 0.413 -0.240 0.477 4
0624 pf 21 0.397 1.477 1.529 6
0624 pf 22 0.407 -1.381 1.440 3
0624 pf 23 -0.282 0.228 0.363 8
0624 pf 24 -0.709 -1.269 1.454 2
0624 pf 25 -0.862 0.105 0.868 8
0624 pf 26 -1.462 -0.989 1.766 1
0624 pf 27 0.861 -1.563 1.785 3
0624 pf 28 -1.662 -0.905 1.893 1
0624 pf 29 -0.786 -1.134 1.380 2
0624 pf 30 -0.388 -0.545 0.669 2
0624 pf 31 -0.574 -1.045 1.192 2
0624 pf 32 0.117 -0.733 0.742 3
0624 pf 33 -0.630 -0.465 0.783 1
0624 pf 34 0.298 -0.314 0.433 3
0624 pf 35 -0.502 -0.796 0.941 2
0624 pf 36 -0.484 -0.719 0.867 2
0624 pf 37 -0.572 0.204 0.608 8
0624 pf 38 -0.200 -0.835 0.858 2
0624 pf 39 -0.653 -0.668 0.934 2
0624 pf 40 0.233 -0.545 0.593 3
0624 pf 41 -1.477 0.029 1.477 8
0624 pf 42 0.867 1.139 1.432 6
0624 pf 43 -0.645 -1.134 1.304 2
0624 pf 44 -0.900 0.321 0.956 8
0624 pf 45 -0.533 0.138 0.550 8
0624 pf 46 -1.409 1.303 1.919 8
0624 pf 47 -1.073 -0.598 1.229 1
0624 pf 48 -0.077 -1.872 1.874 2
0624 pf 49 -1.944 -1.408 2.401 1
0624 pf 50 -1.836 -1.438 2.332 1
0648 em 00 -0.350 -0.488 0.600 2
0648 cf 00 -0.929 -0.425 1.021 1
0648 pf 01 0.014 -1.425 1.425 3
0648 pf 02 -0.425 -0.547 0.693 2
0648 pf 03 -0.529 -0.555 0.767 2
0648 pf 04 0.532 -1.068 1.193 3
0648 pf 05 -0.927 0.933 1.315 7
0648 pf 06 -0.421 -0.825 0.926 2
0648 pf 07 1.362 -0.094 1.365 4
0648 pf 08 -1.020 0.597 1.182 8
0648 pf 09 0.009 0.852 0.852 6
0648 pf 10 0.328 -0.359 0.487 3
0648 pf 11 -0.255 -0.184 0.315 1
0648 pf 12 -0.293 -1.640 1.666 2
0648 pf 13 -0.858 -1.397 1.640 2
0648 pf 14 -0.407 -1.596 1.647 2
0648 pf 15 -0.248 0.492 0.551 7
0648 pf 16 -0.435 -0.138 0.456 1
0648 pf 17 0.126 -0.877 0.886 3
0648 pf 18 -0.202 -0.532 0.569 2
0648 pf 19 0.917 -0.034 0.918 4
0648 pf 20 0.532 -0.003 0.532 4
0648 pf 21 0.188 1.351 1.364 6
0648 pf 22 0.462 -1.089 1.183 3
0648 pf 23 -0.153 0.568 0.588 7
0648 pf 24 -0.187 -1.336 1.349 2
0648 pf 25 -1.423 -0.021 1.423 1
0648 pf 26 -1.065 -1.192 1.599 2
0648 pf 27 0.955 -1.302 1.615 3
0648 pf 28 -1.331 -0.981 1.653 1
0648 pf 29 -0.870 -1.358 1.613 2
0648 pf 30 -0.178 -0.564 0.592 2
0648 pf 31 -0.715 -0.853 1.113 2
0648 pf 32 0.057 -0.580 0.583 3
0648 pf 33 -0.309 -0.325 0.448 2
0648 pf 34 0.086 -0.623 0.629 3
0648 pf 35 -0.383 -1.152 1.214 2
0648 pf 36 -0.155 -0.803 0.818 2
0648 pf 37 -0.398 -0.045 0.400 1
0648 pf 38 -0.166 -1.036 1.049 2
0648 pf 39 -0.626 -0.441 0.766 1
0648 pf 40 0.158 -0.447 0.474 3
0648 pf 41 -1.290 0.284 1.321 8
0648 pf 42 0.614 1.338 1.472 6
0648 pf 43 -0.146 -1.111 1.121 2
0648 pf 44 -0.963 0.710 1.197 8
0648 pf 45 -0.821 0.078 0.825 8
0648 pf 46 -1.498 0.866 1.730 8
0648 pf 47 -1.377 -0.966 1.682 1
0648 pf 48 0.203 -1.718 1.730 3
0648 pf 49 -2.071 -1.627 2.634 1
0648 pf 50 -1.524 -1.671 2.262 2
0672 em 00 -0.325 -0.530 0.622 2
0672 cf 00 -1.052 -0.556 1.189 1
0672 pf 01 0.060 -1.379 1.380 3
0672 pf 02 -0.411 -0.909 0.997 2
0672 pf 03 -0.575 -0.570 0.810 1
0672 pf 04 0.642 -0.947 1.144 3
0672 pf 05 -0.839 0.897 1.228 7
0672 pf 06 -0.559 -0.669 0.871 2
0672 pf 07 1.263 -0.014 1.263 4
0672 pf 08 -1.495 -0.101 1.499 1
0672 pf 09 -0.002 1.078 1.078 7
0672 pf 10 0.521 -0.383 0.646 4
0672 pf 11 0.017 -0.037 0.041 3
0672 pf 12 -0.134 -1.771 1.776 2
0672 pf 13 -1.026 -1.140 1.534 2
0672 pf 14 -0.025 -1.526 1.527 2
0672 pf 15 0.016 0.654 0.654 6
0672 pf 16 -0.495 -0.191 0.531 1
0672 pf 17 0.502 -0.760 0.911 3
0672 pf 18 -0.101 -0.969 0.975 2
0672 pf 19 0.987 -0.221 1.011 4
0672 pf 20 0.538 0.109 0.549 5
0672 pf 21 -0.088 0.994 0.998 7
0672 pf 22 0.292 -0.719 0.776 3
0672 pf 23 -0.037 0.851 0.851 7
0672 pf 24 0.034 -1.487 1.487 3
0672 pf 25 -1.422 -0.226 1.440 1
0672 pf 26 -0.829 -1.447 1.668 2
0672 pf 27 0.826 -1.214 1.468 3
0672 pf 28 -1.356 -1.230 1.831 1
0672 pf 29 -1.077 -1.888 2.174 2
0672 pf 30 -0.216 -0.530 0.573 2
0672 pf 31 -0.824 -0.665 1.059 1
0672 pf 32 0.158 -0.540 0.563 3
0672 pf 33 -0.024 -0.358 0.359 2
0672 pf 34 -0.051 -1.068 1.070 2
0672 pf 35 -0.115 -1.686 1.690 2
0672 pf 36 -0.293 -0.936 0.981 2
0672 pf 37 -0.215 0.133 0.252 8
0672 pf 38 -0.059 -0.763 0.765 2
0672 pf 39 -0.665 -0.719 0.980 2
0672 pf 40 -0.180 -0.713 0.736 2
0672 pf 41 -0.849 0.619 1.051 8
0672 pf 42 0.491 1.742 1.810 6
0672 pf 43 0.261 -1.083 1.114 3
0672 pf 44 -1.311 1.125 1.728 8
0672 pf 45 -0.590 0.014 0.590 8
0672 pf 46 -1.707 0.589 1.805 8
0672 pf 47 -1.683 -1.149 2.038 1
0672 pf 48 0.417 -1.653 1.704 3
0672 pf 49 -2.093 -1.805 2.764 1
0672 pf 50 -1.397 -1.887 2.347 2
0696 em 00 -0.303 -0.565 0.641 2
0696 cf 00 -0.843 -0.780 1.149 1
0696 pf 01 -0.058 -1.388 1.389 2
0696 pf 02 -0.282 -0.985 1.024 2
0696 pf 03 -0.833 -0.464 0.953 1
0696 pf 04 0.826 -0.873 1.202 3
0696 pf 05 -0.696 0.700 0.988 7
0696 pf 06 -0.656 -0.851 1.074 2
0696 pf 07 0.831 -0.093 0.836 4
0696 pf 08 -1.341 -0.704 1.514 1
0696 pf 09 -0.095 0.794 0.799 7
0696 pf 10 0.784 -0.712 1.059 4
0696 pf 11 0.003 -0.092 0.092 3
0696 pf 12 -0.191 -1.894 1.903 2
0696 pf 13 -1.047 -1.126 1.538 2
0696 pf 14 0.105 -1.238 1.243 3
0696 pf 15 0.164 0.779 0.796 6
0696 pf 16 -0.770 0.196 0.794 8
0696 pf 17 0.401 -0.744 0.846 3
0696 pf 18 -0.080 -1.219 1.221 2
0696 pf 19 0.895 -0.213 0.920 4
0696 pf 20 0.368 0.067 0.374 5
0696 pf 21 -0.295 0.564 0.636 7
0696 pf 22 0.136 -0.185 0.230 3
0696 pf 23 0.188 0.904 0.923 6
0696 pf 24 -0.151 -1.520 1.527 2
0696 pf 25 -1.009 -0.275 1.045 1
0696 pf 26 -0.608 -1.549 1.664 2
0696 pf 27 0.299 -1.173 1.210 3
0696 pf 28 -1.185 -1.387 1.824 2
0696 pf 29 -1.030 -1.617 1.918 2
0696 pf 30 -0.045 -0.742 0.744 2
0696 pf 31 -1.014 -0.824 1.307 1
0696 pf 32 0.311 -0.648 0.719 3
0696 pf 33 0.182 -0.258 0.315 3
0696 pf 34 -0.147 -1.463 1.471 2
0696 pf 35 -0.218 -1.915 1.927 2
0696 pf 36 -0.454 -0.785 0.907 2
0696 pf 37 -0.242 0.186 0.305 8
0696 pf 38 0.213 -0.601 0.638 3
0696 pf 39 -0.587 -0.881 1.059 2
0696 pf 40 -0.241 -0.685 0.726 2
0696 pf 41 -0.903 0.556 1.061 8
0696 pf 42 0.586 2.003 2.087 6
0696 pf 43 0.387 -0.835 0.920 3
0696 pf 44 -1.676 1.135 2.024 8
0696 pf 45 -0.157 -0.055 0.166 1
0696 pf 46 -1.779 0.328 1.808 8
0696 pf 47 -1.701 -1.260 2.117 1
0696 pf 48 0.900 -1.353 1.625 3
0696 pf 49 -1.839 -1.781 2.560 1
0696 pf 50 -1.139 -1.922 2.234 2
0720 em 00 -0.232 -0.660 0.700 2
0720 cf 00 -0.613 -0.985 1.160 2
0720 pf 01 -0.287 -1.433 1.461 2
0720 pf 02 -0.501 -0.919 1.047 2
0720 pf 03 -0.941 -0.566 1.098 1
0720 pf 04 0.999 -0.798 1.279 4
0720 pf 05 -0.733 0.421 0.845 8
0720 pf 06 -0.663 -0.887 1.108 2
0720 pf 07 0.536 -0.189 0.568 4
0720 pf 08 -1.315 -1.377 1.904 2
0720 pf 09 -0.015 0.697 0.697 7
0720 pf 10 0.672 -0.682 0.957 3
0720 pf 11 -0.272 -0.342 0.437 2
0720 pf 12 0.183 -1.804 1.813 3
0720 pf 13 -1.080 -1.503 1.850 2
0720 pf 14 0.550 -1.396 1.500 3
0720 pf 15 0.295 0.595 0.664 6
0720 pf 16 -0.665 0.177 0.688 8
0720 pf 17 0.477 -0.597 0.764 3
0720 pf 18 -0.007 -1.486 1.486 2
0720 pf 19 1.105 -0.126 1.112 4
0720 pf 20 0.306 0.233 0.384 5
0720 pf 21 -0.044 0.543 0.544 7
0720 pf 22 -0.063 -0.156 0.168 2
0720 pf 23 0.403 0.816 0.910 6
0720 pf 24 -0.280 -1.477 1.503 2
0720 pf 25 -0.608 -0.910 1.095 2
0720 pf 26 -0.411 -1.685 1.734 2
0720 pf 27 -0.180 -0.969 0.986 2
0720 pf 28 -1.001 -1.681 1.957 2
0720 pf 29 -0.609 -1.551 1.667 2
0720 pf 30 0.293 -1.150 1.187 3
0720 pf 31 -1.221 -0.858 1.493 1
0720 pf 32 0.691 -0.736 1.009 3
0720 pf 33 -0.150 -0.047 0.157 1
0720 pf 34 -0.115 -1.856 1.859 2
0720 pf 35 -0.018 -2.242 2.242 2
0720 pf 36 -0.299 -0.808 0.862 2
0720 pf 37 -0.119 0.330 0.351 7
0720 pf 38 0.352 -0.869 0.938 3
0720 pf 39 -0.523 -0.864 1.010 2
0720 pf 40 -0.346 -0.851 0.918 2
0720 pf 41 -0.935 0.527 1.073 8
0720 pf 42 0.365 1.855 1.891 6
0720 pf 43 0.460 -0.904 1.014 3
0720 pf 44 -1.581 0.834 1.788 8
0720 pf 45 -0.226 -0.171 0.283 1
0720 pf 46 -1.716 0.255 1.735 8
0720 pf 47 -1.379 -1.367 1.942 1
0720 pf 48 1.045 -0.950 1.412 4
0720 pf 49 -1.435 -1.825 2.322 2
0720 pf 50 -0.527 -1.913 1.985 2
0744 em 00 -0.230 -0.725 0.761 2
0744 cf 00 -0.532 -1.318 1.421 2
0744 pf 01 -0.341 -1.538 1.576 2
0744 pf 02 -0.577 -0.967 1.126 2
0744 pf 03 -0.819 -0.672 1.060 1
0744 pf 04 1.000 -0.737 1.242 4
0744 pf 05 -0.894 0.095 0.900 8
0744 pf 06 -0.546 -1.044 1.178 2
0744 pf 07 0.173 -0.204 0.267 3
0744 pf 08 -1.173 -1.592 1.977 2
0744 pf 09 -0.441 0.575 0.724 7
0744 pf 10 0.394 -0.839 0.927 3
0744 pf 11 -0.574 -0.258 0.629 1
0744 pf 12 0.414 -1.586 1.639 3
0744 pf 13 -1.131 -1.799 2.125 2
0744 pf 14 0.953 -1.301 1.613 3
0744 pf 15 0.352 0.787 0.862 6
0744 pf 16 -0.336 0.130 0.361 8
0744 pf 17 0.146 -0.864 0.876 3
0744 pf 18 0.011 -1.393 1.393 3
0744 pf 19 0.879 0.128 0.888 5
0744 pf 20 -0.066 0.278 0.286 7
0744 pf 21 -0.107 0.732 0.740 7
0744 pf 22 -0.483 -0.282 0.559 1
0744 pf 23 -0.021 0.695 0.696 7
0744 pf 24 0.165 -1.503 1.512 3
0744 pf 25 -0.312 -1.150 1.192 2
0744 pf 26 -0.379 -1.724 1.766 2
0744 pf 27 -0.466 -0.824 0.947 2
0744 pf 28 -0.871 -1.833 2.029 2
0744 pf 29 -0.224 -1.939 1.952 2
0744 pf 30 0.067 -1.317 1.318 3
0744 pf 31 -0.993 -1.211 1.566 2
0744 pf 32 0.942 -0.740 1.198 4
0744 pf 33 -0.124 0.379 0.399 7
0744 pf 34 -0.203 -2.257 2.266 2
0744 pf 35 0.327 -2.477 2.498 3
0744 pf 36 -0.174 -0.916 0.932 2
0744 pf 37 -0.186 0.378 0.421 7
0744 pf 38 0.103 -0.915 0.921 3
0744 pf 39 -0.667 -1.021 1.220 2
0744 pf 40 -0.205 -0.623 0.656 2
0744 pf 41 -0.819 0.406 0.914 8
0744 pf 42 0.070 1.430 1.431 6
0744 pf 43 0.530 -0.856 1.007 3
0744 pf 44 -1.273 0.538 1.382 8
0744 pf 45 -0.794 -0.519 0.949 1
0744 pf 46 -1.452 -0.091 1.455 1
0744 pf 47 -0.977 -1.383 1.694 2
0744 pf 48 0.944 -0.626 1.133 4
0744 pf 49 -1.212 -1.650 2.047 2
0744 pf 50 -0.088 -1.544 1.546 2
0768 em 00 -0.184 -0.731 0.754 2
0768 cf 00 -0.244 -1.500 1.520 2
0768 pf 01 -0.235 -1.986 2.000 2
0768 pf 02 -0.347 -0.864 0.931 2
0768 pf 03 -0.617 -0.958 1.139 2
0768 pf 04 0.712 -0.241 0.752 4
0768 pf 05 -0.759 -0.203 0.786 1
0768 pf 06 -0.200 -1.092 1.110 2
0768 pf 07 0.022 -0.063 0.067 3
0768 pf 08 -0.834 -1.748 1.937 2
0768 pf 09 -1.123 0.385 1.187 8
0768 pf 10 0.884 -0.965 1.309 3
0768 pf 11 -0.638 -0.160 0.658 1
0768 pf 12 0.554 -1.312 1.424 3
0768 pf 13 -0.971 -1.848 2.088 2
0768 pf 14 1.053 -1.025 1.470 4
0768 pf 15 0.036 0.743 0.744 6
0768 pf 16 -0.621 0.159 0.641 8
0768 pf 17 -0.065 -1.243 1.245 2
0768 pf 18 0.452 -1.201 1.283 3
0768 pf 19 0.816 0.081 0.820 5
0768 pf 20 -0.256 0.196 0.323 8
0768 pf 21 0.102 0.808 0.815 6
0768 pf 22 -0.604 -0.415 0.733 1
0768 pf 23 -0.170 0.832 0.849 7
0768 pf 24 0.759 -1.244 1.458 3
0768 pf 25 -0.073 -1.308 1.310 2
0768 pf 26 -0.101 -1.848 1.851 2
0768 pf 27 -0.776 -0.696 1.043 1
0768 pf 28 -0.923 -2.179 2.366 2
0768 pf 29 -0.032 -1.941 1.941 2
0768 pf 30 0.093 -1.324 1.327 3
0768 pf 31 -0.766 -1.595 1.770 2
0768 pf 32 0.992 -0.504 1.113 4
0768 pf 33 -0.252 0.421 0.491 7
0768 pf 34 -0.343 -2.169 2.196 2
0768 pf 35 0.604 -2.226 2.306 3
0768 pf 36 -0.243 -0.897 0.929 2
0768 pf 37 -0.258 0.372 0.453 7
0768 pf 38 -0.184 -0.882 0.900 2
0768 pf 39 -0.886 -1.047 1.371 2
0768 pf 40 -0.145 -0.730 0.744 2
0768 pf 41 -0.669 0.454 0.809 8
0768 pf 42 0.075 0.985 0.988 6
0768 pf 43 0.636 -0.930 1.127 3
0768 pf 44 -0.708 0.528 0.883 8
0768 pf 45 -0.865 -0.276 0.908 1
0768 pf 46 -1.466 -0.315 1.499 1
0768 pf 47 -0.755 -1.184 1.405 2
0768 pf 48 0.855 -0.440 0.962 4
0768 pf 49 -0.901 -1.502 1.752 2
0768 pf 50 -0.017 -1.196 1.197 2
0792 em 00 -0.163 -0.722 0.740 2
0792 cf 00 0.061 -1.787 1.788 3
0792 pf 01 -0.498 -2.319 2.372 2
0792 pf 02 -0.388 -0.778 0.870 2
0792 pf 03 -0.476 -1.003 1.110 2
0792 pf 04 0.184 0.167 0.249 5
0792 pf 05 -0.564 -0.195 0.597 1
0792 pf 06 -0.087 -1.075 1.078 2
0792 pf 07 -0.085 -0.183 0.202 2
0792 pf 08 -0.343 -1.908 1.939 2
0792 pf 09 -1.284 0.049 1.285 8
0792 pf 10 1.051 -0.762 1.298 4
0792 pf 11 -0.988 0.073 0.991 8
0792 pf 12 0.462 -1.282 1.363 3
0792 pf 13 -0.787 -1.611 1.793 2
0792 pf 14 0.778 -0.867 1.165 3
0792 pf 15 -0.172 0.949 0.965 7
0792 pf 16 -1.162 -0.049 1.163 1
0792 pf 17 -0.162 -1.594 1.602 2
0792 pf 18 0.983 -1.090 1.467 3
0792 pf 19 1.007 0.156 1.019 5
0792 pf 20 -0.324 -0.063 0.330 1
0792 pf 21 -0.092 1.225 1.228 7
0792 pf 22 -0.469 -0.674 0.821 2
0792 pf 23 -0.258 1.117 1.147 7
0792 pf 24 0.942 -0.915 1.313 4
0792 pf 25 0.080 -1.454 1.457 3
0792 pf 26 0.066 -2.302 2.302 3
0792 pf 27 -0.632 -0.356 0.725 1
0792 pf 28 -0.598 -2.264 2.342 2
0792 pf 29 0.352 -1.951 1.982 3
0792 pf 30 0.141 -1.036 1.045 3
0792 pf 31 -0.679 -1.723 1.852 2
0792 pf 32 0.597 -0.212 0.633 4
0792 pf 33 -0.352 0.444 0.566 7
0792 pf 34 -0.334 -2.169 2.194 2
0792 pf 35 0.930 -1.792 2.019 3
0792 pf 36 -0.271 -0.733 0.782 2
0792 pf 37 -0.241 0.225 0.330 8
0792 pf 38 -0.503 -0.609 0.790 2
0792 pf 39 -1.053 -1.210 1.604 2
0792 pf 40 -0.147 -0.934 0.945 2
0792 pf 41 -0.638 0.287 0.699 8
0792 pf 42 0.071 0.760 0.763 6
0792 pf 43 0.678 -0.715 0.985 3
0792 pf 44 -0.249 0.291 0.383 7
0792 pf 45 -0.549 -0.179 0.577 1
0792 pf 46 -1.678 -0.238 1.695 1
0792 pf 47 -0.728 -1.281 1.474 2
0792 pf 48 0.843 -0.488 0.974 4
0792 pf 49 -0.635 -1.484 1.614 2
0792 pf 50 0.014 -1.229 1.229 3
0816 em 00 -0.116 -0.753 0.762 2
0816 cf 00 0.247 -1.989 2.004 3
0816 pf 01 -0.275 -2.414 2.430 2
0816 pf 02 -0.439 -0.593 0.737 2
0816 pf 03 -0.054 -1.149 1.150 2
0816 pf 04 0.023 0.539 0.539 6
0816 pf 05 -0.429 -0.485 0.648 2
0816 pf 06 0.026 -1.021 1.021 3
0816 pf 07 -0.315 -0.486 0.579 2
0816 pf 08 0.078 -2.029 2.031 3
0816 pf 09 -1.265 0.034 1.266 8
0816 pf 10 0.984 -1.102 1.477 3
0816 pf 11 -0.988 0.015 0.988 8
0816 pf 12 0.203 -1.331 1.346 3
0816 pf 13 -0.241 -1.906 1.922 2
0816 pf 14 0.658 -1.133 1.311 3
0816 pf 15 -0.507 1.015 1.134 7
0816 pf 16 -1.438 0.037 1.438 8
0816 pf 17 -0.348 -1.646 1.683 2
0816 pf 18 1.467 -1.040 1.799 4
0816 pf 19 0.960 0.323 1.013 5
0816 pf 20 -0.488 -0.017 0.488 1
0816 pf 21 -0.333 1.378 1.418 7
0816 pf 22 -0.418 -0.819 0.919 2
0816 pf 23 -0.122 0.911 0.919 7
0816 pf 24 1.000 -0.515 1.125 4
0816 pf 25 0.447 -1.497 1.562 3
0816 pf 26 0.361 -2.235 2.264 3
0816 pf 27 -0.653 -0.242 0.697 1
0816 pf 28 -0.300 -2.400 2.418 2
0816 pf 29 0.531 -1.837 1.913 3
0816 pf 30 0.311 -0.914 0.966 3
0816 pf 31 -0.783 -1.945 2.097 2
0816 pf 32 0.137 -0.169 0.217 3
0816 pf 33 -0.676 0.181 0.700 8
0816 pf 34 0.089 -2.306 2.308 3
0816 pf 35 1.276 -1.584 2.034 3
0816 pf 36 -0.320 -0.960 1.012 2
0816 pf 37 0.086 0.309 0.321 6
0816 pf 38 -0.794 -0.645 1.023 1
0816 pf 39 -1.245 -1.363 1.846 2
0816 pf 40 -0.135 -0.951 0.960 2
0816 pf 41 -0.543 0.239 0.593 8
0816 pf 42 0.244 0.857 0.891 6
0816 pf 43 0.724 -0.818 1.092 3
0816 pf 44 -0.188 0.125 0.226 8
0816 pf 45 -0.295 -0.123 0.320 1
0816 pf 46 -1.798 -0.354 1.832 1
0816 pf 47 -0.542 -1.330 1.436 2
0816 pf 48 0.670 -0.524 0.851 4
0816 pf 49 -0.434 -1.287 1.358 2
0816 pf 50 -0.003 -1.099 1.099 2
0840 em 00 -0.060 -0.733 0.735 2
0840 cf 00 0.283 -1.894 1.915 3
0840 pf 01 0.023 -2.671 2.671 3
0840 pf 02 -0.426 -0.652 0.779 2
0840 pf 03 0.002 -1.112 1.112 3
0840 pf 04 -0.236 0.519 0.570 7
0840 pf 05 -0.186 -0.519 0.552 2
0840 pf 06 0.282 -0.812 0.859 3
0840 pf 07 -0.579 -0.527 0.783 1
0840 pf 08 0.452 -2.000 2.051 3
0840 pf 09 -1.234 -0.079 1.237 1
0840 pf 10 0.986 -0.855 1.305 4
0840 pf 11 -0.756 -0.031 0.757 1
0840 pf 12 0.275 -1.185 1.216 3
0840 pf 13 0.033 -2.039 2.039 3
0840 pf 14 0.177 -1.104 1.118 3
0840 pf 15 -0.748 1.326 1.522 7
0840 pf 16 -0.997 -0.141 1.007 1
0840 pf 17 -0.218 -1.594 1.608 2
0840 pf 18 1.540 -0.733 1.705 4
0840 pf 19 0.649 0.838 1.060 6
0840 pf 20 -0.681 0.129 0.693 8
0840 pf 21 -0.474 1.388 1.467 7
0840 pf 22 -0.609 -0.877 1.068 2
0840 pf 23 0.056 0.548 0.551 6
0840 pf 24 1.054 -0.585 1.206 4
0840 pf 25 0.521 -1.528 1.614 3
0840 pf 26 0.811 -2.371 2.506 3
0840 pf 27 -0.429 0.106 0.442 8
0840 pf 28 -0.028 -2.408 2.408 2
0840 pf 29 0.593 -1.946 2.034 3
0840 pf 30 0.345 -0.578 0.673 3
0840 pf 31 -0.583 -1.795 1.887 2
0840 pf 32 -0.545 -0.200 0.581 1
0840 pf 33 -1.086 0.234 1.111 8
0840 pf 34 0.551 -2.218 2.285 3
0840 pf 35 1.112 -1.248 1.672 3
0840 pf 36 -0.065 -0.924 0.926 2
0840 pf 37 0.455 0.296 0.543 5
0840 pf 38 -0.783 -0.844 1.151 2
0840 pf 39 -1.176 -1.876 2.214 2
0840 pf 40 -0.081 -0.978 0.981 2
0840 pf 41 -0.291 0.325 0.436 7
0840 pf 42 0.287 0.901 0.945 6
0840 pf 43 0.907 -0.677 1.131 4
0840 pf 44 -0.183 0.100 0.209 8
0840 pf 45 -0.562 -0.658 0.866 2
0840 pf 46 -1.680 -0.408 1.729 1
0840 pf 47 -0.157 -1.520 1.528 2
0840 pf 48 0.669 -0.157 0.687 4
0840 pf 49 -0.405 -1.192 1.259 2
0840 pf 50 0.091 -1.048 1.052 3
0864 em 00 -0.047 -0.690 0.692 2
0864 cf 00 0.224 -1.796 1.810 3
0864 pf 01 0.238 -2.723 2.734 3
0864 pf 02 -0.535 -0.702 0.883 2
0864 pf 03 -0.233 -1.120 1.144 2
0864 pf 04 -0.501 0.710 0.869 7
0864 pf 05 -0.178 -0.668 0.691 2
0864 pf 06 0.373 -0.254 0.451 4
0864 pf 07 -0.675 -0.380 0.775 1
0864 pf 08 0.607 -1.783 1.883 3
0864 pf 09 -1.075 -0.452 1.166 1
0864 pf 10 0.926 -0.717 1.171 4
0864 pf 11 -0.563 -0.035 0.564 1
0864 pf 12 0.322 -1.078 1.125 3
0864 pf 13 0.397 -1.796 1.839 3
0864 pf 14 -0.048 -0.998 0.999 2
0864 pf 15 -0.804 1.638 1.825 7
0864 pf 16 -0.562 -0.276 0.626 1
0864 pf 17 -0.030 -1.964 1.964 2
0864 pf 18 1.307 -0.291 1.339 4
0864 pf 19 0.527 1.100 1.220 6
0864 pf 20 -0.969 0.049 0.970 8
0864 pf 21 -0.790 1.043 1.309 7
0864 pf 22 -0.601 -0.891 1.075 2
0864 pf 23 -0.080 0.376 0.385 7
0864 pf 24 1.009 -0.163 1.022 4
0864 pf 25 0.322 -1.386 1.423 3
0864 pf 26 1.313 -2.198 2.560 3
0864 pf 27 -0.631 -0.010 0.631 1
0864 pf 28 0.220 -2.305 2.315 3
0864 pf 29 1.087 -1.726 2.040 3
0864 pf 30 -0.022 -0.428 0.429 2
0864 pf 31 -0.285 -1.608 1.633 2
0864 pf 32 -1.051 -0.241 1.079 1
0864 pf 33 -1.318 0.243 1.340 8
0864 pf 34 0.831 -1.769 1.955 3
0864 pf 35 1.062 -1.162 1.575 3
0864 pf 36 0.065 -0.915 0.917 3
0864 pf 37 0.367 0.716 0.804 6
0864 pf 38 -0.743 -1.343 1.535 2
0864 pf 39 -1.030 -1.912 2.172 2
0864 pf 40 -0.294 -1.225 1.260 2
0864 pf 41 -0.121 0.249 0.277 7
0864 pf 42 0.059 1.123 1.125 6
0864 pf 43 0.900 -0.377 0.976 4
0864 pf 44 0.261 0.266 0.373 6
0864 pf 45 -0.791 -1.171 1.413 2
0864 pf 46 -1.358 -0.746 1.549 1
0864 pf 47 0.325 -1.416 1.453 3
0864 pf 48 0.546 -0.232 0.594 4
0864 pf 49 -0.525 -1.121 1.238 2
0864 pf 50 0.091 -1.210 1.214 3
0888 em 00 -0.018 -0.596 0.596 2
0888 cf 00 -0.133 -1.868 1.873 2
0888 pf 01 0.468 -2.438 2.482 3
0888 pf 02 -0.540 -0.401 0.673 1
0888 pf 03 -0.639 -1.148 1.314 2
0888 pf 04 -0.503 1.151 1.256 7
0888 pf 05 0.043 -0.604 0.605 3
0888 pf 06 0.675 0.310 0.743 5
0888 pf 07 -0.544 -0.172 0.571 1
0888 pf 08 0.739 -1.346 1.536 3
0888 pf 09 -0.790 -0.729 1.075 1
0888 pf 10 0.588 -0.334 0.676 4
0888 pf 11 -0.565 0.046 0.566 8
0888 pf 12 0.418 -1.157 1.231 3
0888 pf 13 0.539 -1.383 1.485 3
0888 pf 14 -0.100 -1.039 1.044 2
0888 pf 15 -0.710 1.853 1.984 7
0888 pf 16 -0.362 -0.475 0.597 2
0888 pf 17 0.411 -1.959 2.002 3
0888 pf 18 1.266 -0.033 1.266 4
0888 pf 19 0.270 1.136 1.168 6
0888 pf 20 -1.160 0.093 1.164 8
0888 pf 21 -1.006 0.879 1.336 8
0888 pf 22 -0.480 -0.892 1.013 2
0888 pf 23 -0.527 0.353 0.635 8
0888 pf 24 1.398 0.228 1.416 5
0888 pf 25 0.187 -1.432 1.445 3
0888 pf 26 1.435 -1.928 2.403 3
0888 pf 27 -0.601 -0.064 0.604 1
0888 pf 28 0.612 -2.133 2.219 3
0888 pf 29 1.662 -1.538 2.264 4
0888 pf 30 -0.017 -0.337 0.338 2
0888 pf 31 0.159 -1.519 1.527 3
0888 pf 32 -1.144 -0.481 1.240 1
0888 pf 33 -1.227 0.231 1.249 8
0888 pf 34 0.886 -1.518 1.758 3
0888 pf 35 0.971 -0.832 1.278 4
0888 pf 36 -0.054 -0.913 0.914 2
0888 pf 37 0.252 1.085 1.114 6
0888 pf 38 -0.689 -1.693 1.828 2
0888 pf 39 -0.854 -1.883 2.068 2
0888 pf 40 -0.434 -1.339 1.407 2
0888 pf 41 -0.101 0.243 0.263 7
0888 pf 42 -0.266 1.422 1.447 7
0888 pf 43 0.727 -0.142 0.741 4
0888 pf 44 0.376 0.353 0.516 5
0888 pf 45 -1.021 -1.723 2.002 2
0888 pf 46 -1.157 -0.589 1.298 1
0888 pf 47 0.835 -1.170 1.437 3
0888 pf 48 0.355 -0.166 0.392 4
0888 pf 49 -0.523 -0.997 1.126 2
0888 pf 50 -0.102 -1.209 1.213 2
0912 em 00 -0.004 -0.555 0.555 2
0912 cf 00 -0.328 -2.005 2.031 2
0912 pf 01 0.578 -2.014 2.095 3
0912 pf 02 -0.420 -0.238 0.482 1
0912 pf 03 -0.849 -1.557 1.774 2
0912 pf 04 -0.769 1.210 1.433 7
0912 pf 05 0.265 -0.598 0.654 3
0912 pf 06 0.863 0.660 1.086 5
0912 pf 07 -0.389 -0.122 0.408 1
0912 pf 08 0.810 -0.884 1.199 3
0912 pf 09 -0.424 -0.737 0.850 2
0912 pf 10 0.613 -0.362 0.712 4
0912 pf 11 -0.526 0.010 0.526 8
0912 pf 12 0.542 -1.303 1.412 3
0912 pf 13 0.897 -0.986 1.333 3
0912 pf 14 -0.184 -0.749 0.771 2
0912 pf 15 -0.733 1.818 1.960 7
0912 pf 16 -0.689 -0.609 0.919 1
0912 pf 17 0.652 -1.424 1.566 3
0912 pf 18 1.002 0.081 1.005 5
0912 pf 19 -0.077 1.617 1.619 7
0912 pf 20 -1.552 -0.292 1.580 1
0912 pf 21 -1.268 0.652 1.426 8
0912 pf 22 -0.413 -1.017 1.097 2
0912 pf 23 -0.681 0.304 0.746 8
0912 pf 24 1.528 0.636 1.655 5
0912 pf 25 0.336 -1.434 1.472 3
0912 pf 26 1.512 -1.806 2.355 3
0912 pf 27 -0.189 0.048 0.195 8
0912 pf 28 0.889 -1.703 1.921 3
0912 pf 29 1.779 -1.124 2.105 4
0912 pf 30 -0.177 -0.403 0.440 2
0912 pf 31 0.170 -1.745 1.754 3
0912 pf 32 -1.326 -1.399 1.927 2
0912 pf 33 -0.881 0.184 0.900 8
0912 pf 34 0.935 -1.177 1.503 3
0912 pf 35 0.720 -0.416 0.831 4
0912 pf 36 0.162 -0.746 0.764 3
0912 pf 37 0.407 0.921 1.007 6
0912 pf 38 -0.446 -1.924 1.975 2
0912 pf 39 -0.799 -1.894 2.055 2
0912 pf 40 -0.195 -1.373 1.387 2
0912 pf 41 -0.085 0.443 0.451 7
0912 pf 42 -0.423 1.317 1.384 7
0912 pf 43 0.489 -0.015 0.489 4
0912 pf 44 0.495 -0.038 0.497 4
0912 pf 45 -1.372 -1.830 2.287 2
0912 pf 46 -1.122 -0.696 1.320 1
0912 pf 47 1.185 -0.727 1.390 4
0912 pf 48 0.234 -0.287 0.370 3
0912 pf 49 -0.578 -0.944 1.107 2
0912 pf 50 -0.364 -1.400 1.446 2
0936 em 00 -0.002 -0.518 0.518 2
0936 cf 00 -0.361 -2.094 2.125 2
0936 pf 01 0.764 -1.594 1.768 3
0936 pf 02 0.054 -0.346 0.351 3
0936 pf 03 -0.945 -1.810 2.042 2
0936 pf 04 -1.055 1.031 1.475 8
0936 pf 05 0.570 -0.830 1.007 3
0936 pf 06 0.894 0.753 1.169 5
0936 pf 07 -0.183 -0.139 0.230 1
0936 pf 08 0.559 -0.773 0.954 3
0936 pf 09 -0.148 -0.545 0.564 2
0936 pf 10 0.364 -0.378 0.525 3
0936 pf 11 -0.327 -0.154 0.361 1
0936 pf 12 0.511 -1.211 1.314 3
0936 pf 13 0.931 -0.771 1.209 4
0936 pf 14 -0.373 -0.804 0.886 2
0936 pf 15 -0.851 1.591 1.805 7
0936 pf 16 -0.820 -0.900 1.218 2
0936 pf 17 0.796 -1.123 1.376 3
0936 pf 18 0.569 0.304 0.645 5
0936 pf 19 -0.093 1.885 1.887 7
0936 pf 20 -1.809 -0.608 1.908 1
0936 pf 21 -1.376 0.430 1.441 8
0936 pf 22 -0.337 -1.082 1.133 2
0936 pf 23 -0.587 0.097 0.595 8
0936 pf 24 1.210 0.903 1.510 5
0936 pf 25 0.788 -1.465 1.664 3
0936 pf 26 1.536 -1.382 2.066 4
0936 pf 27 -0.102 -0.021 0.104 1
0936 pf 28 0.933 -1.330 1.625 3
0936 pf 29 1.655 -0.695 1.795 4
0936 pf 30 -0.319 -0.492 0.587 2
0936 pf 31 -0.151 -1.691 1.697 2
0936 pf 32 -1.176 -1.659 2.034 2
0936 pf 33 -0.680 -0.170 0.701 1
0936 pf 34 0.535 -0.906 1.052 3
0936 pf 35 0.058 -0.238 0.245 3
0936 pf 36 0.425 -0.918 1.012 3
0936 pf 37 0.179 1.404 1.415 6
0936 pf 38 -0.123 -1.729 1.733 2
0936 pf 39 -0.752 -2.052 2.185 2
0936 pf 40 0.340 -1.118 1.169 3
0936 pf 41 0.048 0.222 0.227 6
0936 pf 42 -0.268 1.528 1.551 7
0936 pf 43 0.287 0.017 0.287 5
0936 pf 44 0.262 0.047 0.266 5
0936 pf 45 -0.954 -1.742 1.986 2
0936 pf 46 -0.847 -0.900 1.236 2
0936 pf 47 0.911 -0.511 1.045 4
0936 pf 48 -0.137 -0.242 0.278 2
0936 pf 49 -0.375 -0.709 0.802 2
0936 pf 50 -0.014 -1.187 1.187 2
0960 em 00 0.031 -0.466 0.467 3
0960 cf 00 -0.055 -2.108 2.108 2
0960 pf 01 0.669 -1.298 1.460 3
0960 pf 02 0.443 -0.281 0.525 4
0960 pf 03 -0.579 -2.128 2.205 2
0960 pf 04 -1.392 0.666 1.543 8
0960 pf 05 0.745 -1.191 1.405 3
0960 pf 06 0.993 0.779 1.262 5
0960 pf 07 0.004 -0.157 0.158 3
0960 pf 08 0.162 -0.453 0.481 3
0960 pf 09 0.291 -0.164 0.334 4
0960 pf 10 0.473 -0.263 0.542 4
0960 pf 11 -0.242 -0.241 0.341 1
0960 pf 12 0.918 -1.222 1.529 3
0960 pf 13 1.125 -0.437 1.207 4
0960 pf 14 -0.555 -0.902 1.059 2
0960 pf 15 -0.921 1.542 1.796 7
0960 pf 16 -0.472 -0.850 0.972 2
0960 pf 17 1.110 -1.079 1.548 4
0960 pf 18 0.018 0.295 0.296 6
0960 pf 19 -0.077 2.140 2.142 7
0960 pf 20 -1.688 -0.851 1.890 1
0960 pf 21 -1.372 -0.063 1.373 1
0960 pf 22 -0.488 -1.350 1.436 2
0960 pf 23 -0.838 0.095 0.844 8
0960 pf 24 0.599 1.307 1.438 6
0960 pf 25 1.134 -1.092 1.574 4
0960 pf 26 1.995 -1.017 2.239 4
0960 pf 27 0.091 -0.023 0.094 4
0960 pf 28 0.925 -0.841 1.250 4
0960 pf 29 1.357 -0.304 1.391 4
0960 pf 30 -0.174 -0.650 0.673 2
0960 pf 31 0.065 -1.921 1.922 3
0960 pf 32 -0.740 -1.472 1.648 2
0960 pf 33 -0.783 -0.335 0.852 1
0960 pf 34 0.152 -0.895 0.908 3
0960 pf 35 -0.304 0.005 0.304 8
0960 pf 36 0.482 -0.715 0.862 3
0960 pf 37 -0.335 1.734 1.766 7
0960 pf 38 -0.095 -1.859 1.861 2
0960 pf 39 -0.980 -1.999 2.227 2
0960 pf 40 0.925 -0.886 1.281 4
0960 pf 41 0.016 0.165 0.166 6
0960 pf 42 -0.527 1.532 1.620 7
0960 pf 43 0.216 0.073 0.228 5
0960 pf 44 0.311 0.261 0.406 5
0960 pf 45 -0.819 -1.953 2.118 2
0960 pf 46 -0.596 -1.143 1.289 2
0960 pf 47 0.556 -0.301 0.632 4
0960 pf 48 -0.542 -0.167 0.567 1
0960 pf 49 -0.137 -0.221 0.260 2
0960 pf 50 0.554 -1.303 1.416 3
0984 em 00 -0.001 -0.394 0.394 2
0984 cf 00 -0.020 -2.226 2.226 2
0984 pf 01 0.688 -1.299 1.470 3
0984 pf 02 0.451 0.147 0.474 5
0984 pf 03 -0.406 -2.259 2.295 2
0984 pf 04 -1.142 0.642 1.310 8
0984 pf 05 1.018 -1.107 1.504 3
0984 pf 06 0.773 1.232 1.454 6
0984 pf 07 0.114 -0.074 0.136 4
0984 pf 08 -0.224 -0.270 0.351 2
0984 pf 09 0.535 -0.090 0.542 4
0984 pf 10 0.365 -0.363 0.515 4
0984 pf 11 -0.054 -0.420 0.424 2
0984 pf 12 1.318 -1.070 1.698 4
0984 pf 13 1.232 0.446 1.310 5
0984 pf 14 -0.511 -1.191 1.296 2
0984 pf 15 -0.938 1.562 1.822 7
0984 pf 16 -0.345 -0.749 0.825 2
0984 pf 17 0.988 -0.849 1.303 4
0984 pf 18 -0.114 0.167 0.203 7
0984 pf 19 -0.177 2.375 2.382 7
0984 pf 20 -1.610 -0.978 1.884 1
0984 pf 21 -1.381 -0.132 1.388 1
0984 pf 22 -0.591 -1.596 1.702 2
0984 pf 23 -0.720 0.066 0.723 8
0984 pf 24 0.155 1.344 1.353 6
0984 pf 25 1.264 -0.785 1.488 4
0984 pf 26 1.776 -0.636 1.886 4
0984 pf 27 0.177 0.265 0.318 6
0984 pf 28 0.323 -0.653 0.728 3
0984 pf 29 1.457 0.309 1.489 5
0984 pf 30 -0.009 -0.925 0.925 2
0984 pf 31 -0.114 -1.958 1.961 2
0984 pf 32 -0.547 -1.427 1.528 2
0984 pf 33 -0.700 -0.396 0.804 1
0984 pf 34 -0.419 -0.597 0.729 2
0984 pf 35 -0.245 0.461 0.522 7
0984 pf 36 0.365 -0.631 0.729 3
0984 pf 37 -0.987 1.507 1.802 7
0984 pf 38 0.189 -1.543 1.554 3
0984 pf 39 -1.197 -2.052 2.375 2
0984 pf 40 1.101 -0.700 1.305 4
0984 pf 41 -0.596 0.371 0.702 8
0984 pf 42 -0.747 1.124 1.350 7
0984 pf 43 0.147 0.311 0.344 6
0984 pf 44 -0.033 0.471 0.472 7
0984 pf 45 -0.793 -2.404 2.531 2
0984 pf 46 -0.455 -1.585 1.649 2
0984 pf 47 0.098 -0.295 0.311 3
0984 pf 48 -0.561 -0.023 0.562 1
0984 pf 49 0.083 0.071 0.109 5
0984 pf 50 1.041 -1.380 1.729 3
1008 em 00 0.009 -0.338 0.338 3
1008 cf 00 0.018 -2.166 2.166 3
1008 pf 01 0.663 -1.118 1.300 3
1008 pf 02 0.195 0.334 0.386 6
1008 pf 03 -0.307 -2.190 2.211 2
1008 pf 04 -0.974 0.374 1.043 8
1008 pf 05 1.113 -0.825 1.386 4
1008 pf 06 0.368 1.719 1.758 6
1008 pf 07 0.214 0.002 0.214 5
1008 pf 08 -0.718 -0.382 0.813 1
1008 pf 09 0.847 0.057 0.849 5
1008 pf 10 0.272 -0.529 0.594 3
1008 pf 11 0.104 -0.432 0.444 3
1008 pf 12 1.365 -0.806 1.585 4
1008 pf 13 1.768 1.297 2.193 5
1008 pf 14 -0.419 -1.593 1.647 2
1008 pf 15 -0.957 1.279 1.597 7
1008 pf 16 0.102 -0.722 0.729 3
1008 pf 17 0.924 -0.374 0.996 4
1008 pf 18 0.180 -0.041 0.184 4
1008 pf 19 -0.611 2.393 2.469 7
1008 pf 20 -1.345 -1.062 1.714 1
1008 pf 21 -1.357 -0.069 1.359 1
1008 pf 22 -0.586 -1.730 1.826 2
1008 pf 23 -0.466 0.263 0.535 8
1008 pf 24 -0.179 1.557 1.567 7
1008 pf 25 1.327 -0.264 1.353 4
1008 pf 26 1.524 -0.171 1.533 4
1008 pf 27 0.048 0.725 0.727 6
1008 pf 28 -0.267 -0.563 0.623 2
1008 pf 29 1.145 0.541 1.266 5
1008 pf 30 0.272 -1.006 1.042 3
1008 pf 31 -0.063 -2.001 2.002 2
1008 pf 32 -0.745 -1.634 1.796 2
1008 pf 33 -0.499 -0.271 0.568 1
1008 pf 34 -0.681 -0.353 0.767 1
1008 pf 35 0.058 0.844 0.846 6
1008 pf 36 0.737 -0.646 0.980 4
1008 pf 37 -1.131 1.318 1.737 7
1008 pf 38 0.380 -1.456 1.505 3
1008 pf 39 -0.910 -2.109 2.297 2
1008 pf 40 1.235 -0.734 1.437 4
1008 pf 41 -0.705 0.309 0.770 8
1008 pf 42 -0.720 0.637 0.961 8
1008 pf 43 0.002 0.310 0.310 6
1008 pf 44 0.243 0.427 0.492 6
1008 pf 45 -0.806 -2.566 2.690 2
1008 pf 46 -0.358 -1.889 1.922 2
1008 pf 47 -0.681 -0.409 0.794 1
1008 pf 48 -0.495 0.090 0.503 8
1008 pf 49 -0.082 -0.177 0.195 2
1008 pf 50 1.463 -1.137 1.853 4
1032 em 00 0.021 -0.299 0.300 3
1032 cf 00 0.133 -1.955 1.959 3
1032 pf 01 0.487 -0.972 1.087 3
1032 pf 02 0.176 0.353 0.395 6
1032 pf 03 -0.445 -2.570 2.608 2
1032 pf 04 -0.956 -0.146 0.967 1
1032 pf 05 1.076 -0.076 1.079 4
1032 pf 06 -0.007 1.642 1.642 7
1032 pf 07 0.282 -0.113 0.303 4
1032 pf 08 -1.098 -0.537 1.222 1
1032 pf 09 0.748 0.138 0.761 5
1032 pf 10 0.513 -1.044 1.164 3
1032 pf 11 0.166 -0.452 0.481 3
1032 pf 12 1.539 -0.577 1.644 4
1032 pf 13 1.925 1.700 2.568 5
1032 pf 14 -0.261 -1.711 1.731 2
1032 pf 15 -0.747 1.074 1.308 7
1032 pf 16 0.150 -0.700 0.716 3
1032 pf 17 1.068 -0.109 1.073 4
1032 pf 18 0.340 -0.092 0.352 4
1032 pf 19 -0.818 1.988 2.150 7
1032 pf 20 -1.271 -1.199 1.748 1
1032 pf 21 -1.334 -0.089 1.337 1
1032 pf 22 -0.369 -1.508 1.553 2
1032 pf 23 -0.576 0.138 0.592 8
1032 pf 24 -0.614 1.479 1.602 7
1032 pf 25 1.045 0.075 1.048 5
1032 pf 26 1.412 0.023 1.413 5
1032 pf 27 -0.127 1.137 1.144 7
1032 pf 28 -0.535 -0.632 0.828 2
1032 pf 29 0.843 0.990 1.300 6
1032 pf 30 0.274 -0.923 0.963 3
1032 pf 31 0.013 -1.916 1.916 3
1032 pf 32 -0.679 -1.636 1.771 2
1032 pf 33 -0.522 -0.090 0.530 1
1032 pf 34 -0.526 0.015 0.527 8
1032 pf 35 -0.244 1.124 1.150 7
1032 pf 36 1.140 -0.567 1.273 4
1032 pf 37 -1.066 0.927 1.413 8
1032 pf 38 0.300 -1.108 1.148 3
1032 pf 39 -0.550 -2.069 2.140 2
1032 pf 40 1.241 -0.356 1.291 4
1032 pf 41 -0.660 0.262 0.710 8
1032 pf 42 -0.528 0.373 0.646 8
1032 pf 43 0.248 0.216 0.329 5
1032 pf 44 0.551 0.648 0.851 6
1032 pf 45 -0.123 -2.621 2.624 2
1032 pf 46 -0.156 -1.763 1.770 2
1032 pf 47 -1.275 -0.513 1.374 1
1032 pf 48 -0.578 0.133 0.593 8
1032 pf 49 -0.240 -0.402 0.468 2
1032 pf 50 1.736 -0.945 1.976 4
1056 em 00 0.020 -0.257 0.258 3
1056 cf 00 0.170 -1.933 1.941 3
1056 pf 01 0.075 -0.870 0.873 3
1056 pf 02 0.361 0.451 0.578 6
1056 pf 03 -0.363 -2.668 2.693 2
1056 pf 04 -0.993 -0.386 1.065 1
1056 pf 05 1.061 0.521 1.182 5
1056 pf 06 -0.345 1.660 1.695 7
1056 pf 07 0.297 -0.191 0.353 4
1056 pf 08 -1.416 -0.612 1.542 1
1056 pf 09 0.734 0.226 0.768 5
1056 pf 10 0.745 -1.015 1.259 3
1056 pf 11 0.028 -0.422 0.423 3
1056 pf 12 1.804 -0.417 1.852 4
1056 pf 13 1.652 2.397 2.911 6
1056 pf 14 -0.130 -1.620 1.625 2
1056 pf 15 -0.546 1.026 1.162 7
1056 pf 16 0.289 -0.619 0.683 3
1056 pf 17 0.771 -0.065 0.774 4
1056 pf 18 0.413 -0.389 0.567 4
1056 pf 19 -0.644 1.656 1.777 7
1056 pf 20 -1.113 -1.490 1.860 2
1056 pf 21 -1.287 -0.284 1.318 1
1056 pf 22 -0.039 -1.257 1.258 2
1056 pf 23 -0.591 0.132 0.606 8
1056 pf 24 -0.891 1.256 1.539 7
1056 pf 25 0.916 0.166 0.931 5
1056 pf 26 0.911 0.250 0.945 5
1056 pf 27 -0.329 1.189 1.234 7
1056 pf 28 -0.676 -0.495 0.838 1
1056 pf 29 0.406 1.162 1.231 6
1056 pf 30 0.344 -0.628 0.716 3
1056 pf 31 0.278 -1.881 1.901 3
1056 pf 32 -0.228 -2.072 2.085 2
1056 pf 33 -0.320 0.102 0.336 8
1056 pf 34 -0.445 0.035 0.446 8
1056 pf 35 -0.260 1.313 1.339 7
1056 pf 36 1.215 -0.508 1.317 4
1056 pf 37 -1.153 0.709 1.354 8
1056 pf 38 0.200 -0.536 0.572 3
1056 pf 39 -0.111 -2.147 2.150 2
1056 pf 40 1.219 0.088 1.222 5
1056 pf 41 -0.627 0.138 0.642 8
1056 pf 42 -0.432 0.012 0.432 8
1056 pf 43 0.355 0.293 0.460 5
1056 pf 44 0.323 0.641 0.718 6
1056 pf 45 0.207 -2.809 2.816 3
1056 pf 46 -0.212 -1.615 1.629 2
1056 pf 47 -1.465 -0.695 1.621 1
1056 pf 48 -0.748 0.189 0.771 8
1056 pf 49 -0.148 -0.269 0.308 2
1056 pf 50 1.779 -0.556 1.864 4
1080 em 00 0.002 -0.232 0.232 3
1080 cf 00 0.279 -1.843 1.864 3
1080 pf 01 0.224 -0.825 0.855 3
1080 pf 02 0.500 0.415 0.650 5
1080 pf 03 -0.362 -2.864 2.887 2
1080 pf 04 -1.120 -0.788 1.369 1
1080 pf 05 1.229 0.900 1.523 5
1080 pf 06 -0.471 2.062 2.115 7
1080 pf 07 0.295 -0.292 0.415 4
1080 pf 08 -1.481 -0.844 1.704 1
1080 pf 09 0.445 0.442 0.628 5
1080 pf 10 0.765 -0.700 1.037 4
1080 pf 11 0.289 -0.359 0.461 3
1080 pf 12 2.084 -0.237 2.098 4
1080 pf 13 1.342 2.796 3.101 6
1080 pf 14 0.422 -1.614 1.668 3
1080 pf 15 -0.904 0.976 1.330 7
1080 pf 16 0.373 -0.224 0.435 4
1080 pf 17 0.703 -0.071 0.707 4
1080 pf 18 0.487 -0.340 0.594 4
1080 pf 19 -0.761 1.557 1.734 7
1080 pf 20 -0.917 -1.502 1.760 2
1080 pf 21 -1.222 -0.317 1.262 1
1080 pf 22 0.018 -1.131 1.131 3
1080 pf 23 -0.615 0.468 0.773 8
1080 pf 24 -0.950 1.017 1.392 7
1080 pf 25 0.253 0.285 0.381 6
1080 pf 26 0.518 0.242 0.572 5
1080 pf 27 -0.979 1.055 1.439 7
1080 pf 28 -0.662 -0.455 0.803 1
1080 pf 29 -0.106 1.220 1.225 7
1080 pf 30 0.587 -0.663 0.886 3
1080 pf 31 0.498 -1.864 1.930 3
1080 pf 32 0.088 -2.202 2.204 3
1080 pf 33 -0.302 0.091 0.315 8
1080 pf 34 -0.415 0.177 0.451 8
1080 pf 35 -0.073 1.216 1.218 7
1080 pf 36 0.938 -0.263 0.974 4
1080 pf 37 -1.110 0.411 1.183 8
1080 pf 38 0.265 -0.133 0.297 4
1080 pf 39 0.014 -2.233 2.233 3
1080 pf 40 0.912 0.210 0.936 5
1080 pf 41 -0.565 0.279 0.630 8
1080 pf 42 -0.405 -0.119 0.422 1
1080 pf 43 0.254 -0.093 0.271 4
1080 pf 44 0.298 0.578 0.651 6
1080 pf 45 0.925 -2.672 2.828 3
1080 pf 46 -0.559 -1.774 1.860 2
1080 pf 47 -1.416 -0.856 1.655 1
1080 pf 48 -0.752 0.123 0.762 8
1080 pf 49 -0.142 -0.307 0.338 2
1080 pf 50 1.439 -0.424 1.500 4
1104 em 00 -0.004 -0.139 0.139 2
1104 cf 00 0.554 -1.675 1.765 3
1104 pf 01 0.108 -0.832 0.839 3
1104 pf 02 0.654 0.303 0.721 5
1104 pf 03 -0.535 -2.840 2.890 2
1104 pf 04 -0.701 -1.024 1.241 2
1104 pf 05 1.067 1.307 1.687 6
1104 pf 06 -0.884 1.847 2.048 7
1104 pf 07 0.091 -0.103 0.138 3
1104 pf 08 -1.363 -1.356 1.922 1
1104 pf 09 0.635 0.810 1.030 6
1104 pf 10 1.045 -0.220 1.068 4
1104 pf 11 0.374 -0.055 0.378 4
1104 pf 12 2.242 0.469 2.291 5
1104 pf 13 0.695 3.183 3.258 6
1104 pf 14 0.873 -1.854 2.049 3
1104 pf 15 -1.242 0.884 1.524 8
1104 pf 16 0.420 -0.128 0.439 4
1104 pf 17 0.565 0.154 0.586 5
1104 pf 18 0.719 -0.113 0.728 4
1104 pf 19 -0.618 1.334 1.471 7
1104 pf 20 -0.621 -1.757 1.864 2
1104 pf 21 -1.336 -0.145 1.344 1
1104 pf 22 0.002 -0.868 0.868 3
1104 pf 23 -0.558 0.765 0.947 7
1104 pf 24 -0.811 1.087 1.356 7
1104 pf 25 -0.229 0.577 0.621 7
1104 pf 26 0.695 0.524 0.871 5
1104 pf 27 -1.604 0.990 1.885 8
1104 pf 28 -0.639 -0.514 0.820 1
1104 pf 29 -0.728 1.556 1.718 7
1104 pf 30 0.873 -0.551 1.032 4
1104 pf 31 0.563 -1.764 1.852 3
1104 pf 32 0.073 -2.147 2.149 3
1104 pf 33 -0.411 0.068 0.416 8
1104 pf 34 -0.418 0.463 0.624 7
1104 pf 35 0.055 1.236 1.237 6
1104 pf 36 0.835 -0.138 0.847 4
1104 pf 37 -0.982 0.233 1.009 8
1104 pf 38 0.677 0.235 0.717 5
1104 pf 39 -0.094 -2.117 2.119 2
1104 pf 40 0.549 0.489 0.735 5
1104 pf 41 -0.528 0.183 0.559 8
1104 pf 42 -0.319 -0.092 0.332 1
1104 pf 43 0.407 -0.062 0.411 4
1104 pf 44 0.146 0.338 0.369 6
1104 pf 45 1.015 -2.427 2.631 3
1104 pf 46 -0.803 -1.675 1.858 2
1104 pf 47 -1.188 -1.033 1.575 1
1104 pf 48 -0.624 -0.021 0.624 1
1104 pf 49 -0.066 -0.078 0.102 2
1104 pf 50 1.228 -0.149 1.237 4
