ecmf prod rt 2021020100 51 046
0024 em 00 -0.135 1.725 1.730 7
0024 cf 00 -0.182 1.725 1.734 7
0024 pf 01 -0.159 1.606 1.614 7
0024 pf 02 -0.155 1.654 1.662 7
0024 pf 03 -0.118 1.549 1.553 7
0024 pf 04 -0.099 1.777 1.779 7
0024 pf 05 -0.089 1.672 1.674 7
0024 pf 06 -0.152 1.719 1.725 7
0024 pf 07 -0.139 1.680 1.686 7
0024 pf 08 -0.218 1.756 1.770 7
0024 pf 09 -0.151 1.735 1.742 7
0024 pf 10 -0.028 1.868 1.868 7
0024 pf 11 -0.155 1.373 1.381 7
0024 pf 12 -0.196 1.769 1.780 7
0024 pf 13 -0.163 1.770 1.777 7
0024 pf 14 -0.214 1.744 1.757 7
0024 pf 15 -0.118 1.803 1.807 7
0024 pf 16 -0.148 1.725 1.731 7
0024 pf 17 -0.093 1.637 1.640 7
0024 pf 18 -0.191 1.813 1.823 7
0024 pf 19 -0.105 1.721 1.724 7
0024 pf 20 -0.030 1.690 1.691 7
0024 pf 21 -0.072 1.846 1.847 7
0024 pf 22 -0.091 1.794 1.796 7
0024 pf 23 -0.162 1.680 1.688 7
0024 pf 24 -0.120 1.747 1.751 7
0024 pf 25 -0.139 1.708 1.714 7
0024 pf 26 -0.290 1.674 1.699 7
0024 pf 27 -0.158 1.682 1.689 7
0024 pf 28 -0.062 1.780 1.781 7
0024 pf 29 -0.037 1.734 1.735 7
0024 pf 30 -0.171 1.661 1.670 7
0024 pf 31 -0.195 1.643 1.655 7
0024 pf 32 -0.168 1.750 1.758 7
0024 pf 33 -0.220 1.644 1.659 7
0024 pf 34 -0.166 1.660 1.668 7
0024 pf 35 -0.236 1.770 1.786 7
0024 pf 36 -0.192 1.710 1.721 7
0024 pf 37 -0.218 1.616 1.631 7
0024 pf 38 -0.131 1.688 1.693 7
0024 pf 39 -0.018 1.721 1.721 7
0024 pf 40 -0.010 1.612 1.612 7
0024 pf 41 -0.155 1.787 1.793 7
0024 pf 42 0.006 1.686 1.686 6
0024 pf 43 -0.091 1.748 1.750 7
0024 pf 44 -0.178 1.784 1.793 7
0024 pf 45 -0.115 1.760 1.764 7
0024 pf 46 -0.102 1.766 1.769 7
0024 pf 47 -0.212 1.652 1.665 7
0024 pf 48 -0.131 1.638 1.644 7
0024 pf 49 -0.179 1.675 1.685 7
0024 pf 50 -0.096 1.871 1.873 7
0048 em 00 -0.238 1.447 1.466 7
0048 cf 00 -0.267 1.402 1.427 7
0048 pf 01 -0.264 1.315 1.341 7
0048 pf 02 -0.195 1.551 1.563 7
0048 pf 03 -0.167 1.195 1.207 7
0048 pf 04 -0.242 1.405 1.426 7
0048 pf 05 -0.306 1.367 1.400 7
0048 pf 06 -0.204 1.411 1.425 7
0048 pf 07 -0.208 1.417 1.432 7
0048 pf 08 -0.371 1.317 1.369 7
0048 pf 09 -0.214 1.285 1.302 7
0048 pf 10 -0.211 1.462 1.477 7
0048 pf 11 -0.104 1.026 1.032 7
0048 pf 12 -0.390 1.473 1.523 7
0048 pf 13 -0.274 1.342 1.370 7
0048 pf 14 -0.408 1.434 1.491 7
0048 pf 15 -0.441 1.682 1.739 7
0048 pf 16 -0.370 1.582 1.625 7
0048 pf 17 -0.248 1.428 1.450 7
0048 pf 18 -0.303 1.472 1.503 7
0048 pf 19 -0.275 1.471 1.496 7
0048 pf 20 -0.100 1.601 1.604 7
0048 pf 21 -0.328 1.475 1.511 7
0048 pf 22 -0.178 1.628 1.638 7
0048 pf 23 -0.409 1.500 1.555 7
0048 pf 24 -0.110 1.481 1.485 7
0048 pf 25 -0.194 1.367 1.380 7
0048 pf 26 -0.254 1.292 1.317 7
0048 pf 27 -0.210 1.498 1.513 7
0048 pf 28 -0.103 1.563 1.566 7
0048 pf 29 -0.281 1.463 1.490 7
0048 pf 30 -0.264 1.122 1.152 7
0048 pf 31 -0.300 1.392 1.424 7
0048 pf 32 -0.152 1.482 1.490 7
0048 pf 33 -0.293 1.268 1.302 7
0048 pf 34 -0.204 1.288 1.303 7
0048 pf 35 -0.454 1.497 1.565 7
0048 pf 36 -0.167 1.299 1.310 7
0048 pf 37 -0.208 1.452 1.467 7
0048 pf 38 -0.210 1.364 1.380 7
0048 pf 39 -0.049 1.401 1.401 7
0048 pf 40 -0.009 1.418 1.418 7
0048 pf 41 -0.302 1.488 1.519 7
0048 pf 42 -0.099 1.528 1.532 7
0048 pf 43 -0.122 1.606 1.611 7
0048 pf 44 -0.328 1.753 1.783 7
0048 pf 45 -0.162 1.530 1.539 7
0048 pf 46 -0.314 1.595 1.626 7
0048 pf 47 -0.444 1.454 1.521 7
0048 pf 48 -0.150 1.420 1.428 7
0048 pf 49 -0.241 1.287 1.309 7
0048 pf 50 -0.223 1.570 1.585 7
0072 em 00 -0.306 1.040 1.085 7
0072 cf 00 -0.299 0.966 1.011 7
0072 pf 01 -0.233 0.738 0.774 7
0072 pf 02 -0.179 1.391 1.402 7
0072 pf 03 -0.290 0.766 0.820 7
0072 pf 04 -0.351 0.842 0.912 7
0072 pf 05 -0.471 1.024 1.127 7
0072 pf 06 -0.352 0.778 0.854 7
0072 pf 07 -0.414 1.010 1.092 7
0072 pf 08 -0.478 1.038 1.143 7
0072 pf 09 -0.198 0.959 0.980 7
0072 pf 10 -0.352 0.883 0.951 7
0072 pf 11 -0.271 0.764 0.811 7
0072 pf 12 -0.525 1.046 1.170 7
0072 pf 13 -0.283 0.877 0.921 7
0072 pf 14 -0.281 1.195 1.227 7
0072 pf 15 -0.485 1.326 1.412 7
0072 pf 16 -0.577 0.948 1.110 7
0072 pf 17 -0.243 1.135 1.161 7
0072 pf 18 -0.486 1.130 1.231 7
0072 pf 19 -0.176 1.012 1.027 7
0072 pf 20 -0.121 1.071 1.078 7
0072 pf 21 -0.442 1.037 1.127 7
0072 pf 22 -0.270 1.108 1.141 7
0072 pf 23 -0.623 1.039 1.212 7
0072 pf 24 -0.237 1.237 1.259 7
0072 pf 25 -0.274 0.907 0.948 7
0072 pf 26 -0.260 0.815 0.855 7
0072 pf 27 -0.257 1.279 1.305 7
0072 pf 28 -0.218 1.248 1.266 7
0072 pf 29 -0.460 1.123 1.214 7
0072 pf 30 -0.248 0.845 0.881 7
0072 pf 31 -0.457 1.072 1.165 7
0072 pf 32 -0.184 1.152 1.167 7
0072 pf 33 -0.413 0.722 0.832 7
0072 pf 34 -0.284 0.902 0.946 7
0072 pf 35 -0.339 1.014 1.070 7
0072 pf 36 -0.210 0.969 0.991 7
0072 pf 37 -0.333 1.116 1.164 7
0072 pf 38 -0.013 0.899 0.899 7
0072 pf 39 -0.144 0.781 0.795 7
0072 pf 40 -0.082 1.192 1.195 7
0072 pf 41 -0.316 1.119 1.163 7
0072 pf 42 -0.098 0.954 0.959 7
0072 pf 43 -0.221 1.379 1.397 7
0072 pf 44 -0.389 1.168 1.231 7
0072 pf 45 -0.171 1.234 1.246 7
0072 pf 46 -0.540 1.401 1.501 7
0072 pf 47 -0.549 1.190 1.311 7
0072 pf 48 -0.241 0.938 0.968 7
0072 pf 49 -0.295 0.704 0.763 7
0072 pf 50 -0.062 1.120 1.122 7
0096 em 00 -0.422 1.010 1.095 7
0096 cf 00 -0.386 0.961 1.035 7
0096 pf 01 -0.271 0.789 0.834 7
0096 pf 02 -0.380 1.404 1.454 7
0096 pf 03 -0.413 0.649 0.769 7
0096 pf 04 -0.667 0.692 0.961 7
0096 pf 05 -0.725 0.855 1.121 7
0096 pf 06 -0.461 0.841 0.960 7
0096 pf 07 -0.741 0.981 1.230 7
0096 pf 08 -0.703 0.863 1.113 7
0096 pf 09 -0.150 1.225 1.234 7
0096 pf 10 -0.604 0.767 0.976 7
0096 pf 11 -0.359 0.663 0.754 7
0096 pf 12 -0.754 1.064 1.304 7
0096 pf 13 -0.338 0.876 0.939 7
0096 pf 14 -0.483 1.419 1.499 7
0096 pf 15 -0.577 1.168 1.303 7
0096 pf 16 -0.570 0.940 1.100 7
0096 pf 17 -0.565 1.142 1.274 7
0096 pf 18 -0.725 0.993 1.230 7
0096 pf 19 -0.266 0.982 1.017 7
0096 pf 20 -0.009 1.169 1.170 7
0096 pf 21 -0.489 1.138 1.238 7
0096 pf 22 -0.462 0.901 1.013 7
0096 pf 23 -1.025 0.953 1.400 8
0096 pf 24 -0.273 1.284 1.312 7
0096 pf 25 -0.199 0.853 0.876 7
0096 pf 26 -0.424 0.622 0.753 7
0096 pf 27 -0.175 1.218 1.231 7
0096 pf 28 -0.400 1.262 1.324 7
0096 pf 29 -0.661 0.958 1.164 7
0096 pf 30 -0.288 0.719 0.774 7
0096 pf 31 -0.402 1.002 1.079 7
0096 pf 32 -0.096 1.346 1.349 7
0096 pf 33 -0.508 0.660 0.833 7
0096 pf 34 -0.542 0.854 1.011 7
0096 pf 35 -0.421 1.097 1.175 7
0096 pf 36 -0.218 1.056 1.078 7
0096 pf 37 -0.460 0.964 1.068 7
0096 pf 38 -0.111 0.710 0.719 7
0096 pf 39 -0.288 0.765 0.817 7
0096 pf 40 -0.251 1.430 1.452 7
0096 pf 41 -0.430 1.169 1.246 7
0096 pf 42 0.016 0.896 0.896 6
0096 pf 43 -0.516 1.184 1.291 7
0096 pf 44 -0.446 1.096 1.183 7
0096 pf 45 -0.233 1.318 1.338 7
0096 pf 46 -0.784 1.576 1.760 7
0096 pf 47 -0.539 1.079 1.206 7
0096 pf 48 -0.349 0.880 0.946 7
0096 pf 49 -0.450 0.562 0.720 7
0096 pf 50 0.130 0.959 0.968 6
0120 em 00 -0.359 1.154 1.209 7
0120 cf 00 -0.376 1.043 1.109 7
0120 pf 01 -0.244 0.984 1.013 7
0120 pf 02 -0.567 1.607 1.704 7
0120 pf 03 -0.262 0.732 0.777 7
0120 pf 04 -0.740 0.613 0.961 8
0120 pf 05 -0.654 0.830 1.056 7
0120 pf 06 -0.394 1.048 1.120 7
0120 pf 07 -0.839 1.144 1.418 7
0120 pf 08 -0.905 0.818 1.220 8
0120 pf 09 -0.376 1.532 1.577 7
0120 pf 10 -0.544 0.924 1.072 7
0120 pf 11 -0.169 0.663 0.684 7
0120 pf 12 -0.654 1.161 1.333 7
0120 pf 13 -0.479 0.980 1.091 7
0120 pf 14 -0.257 1.687 1.707 7
0120 pf 15 -0.536 1.413 1.511 7
0120 pf 16 -0.301 1.018 1.062 7
0120 pf 17 -0.680 1.388 1.546 7
0120 pf 18 -0.409 0.974 1.056 7
0120 pf 19 -0.175 1.314 1.326 7
0120 pf 20 0.156 1.346 1.355 6
0120 pf 21 -0.544 1.230 1.345 7
0120 pf 22 -0.471 0.995 1.101 7
0120 pf 23 -1.051 0.900 1.384 8
0120 pf 24 -0.255 1.396 1.419 7
0120 pf 25 0.028 0.924 0.924 6
0120 pf 26 -0.432 0.494 0.656 7
0120 pf 27 0.072 1.285 1.288 6
0120 pf 28 -0.560 1.542 1.640 7
0120 pf 29 -0.451 1.174 1.257 7
0120 pf 30 -0.192 0.853 0.874 7
0120 pf 31 -0.303 1.341 1.375 7
0120 pf 32 -0.264 1.479 1.502 7
0120 pf 33 -0.418 0.948 1.036 7
0120 pf 34 -0.248 1.120 1.147 7
0120 pf 35 -0.404 1.153 1.222 7
0120 pf 36 -0.228 1.334 1.353 7
0120 pf 37 -0.438 1.199 1.277 7
0120 pf 38 -0.057 0.820 0.822 7
0120 pf 39 -0.222 0.707 0.741 7
0120 pf 40 -0.192 1.456 1.468 7
0120 pf 41 -0.262 1.307 1.333 7
0120 pf 42 0.317 1.130 1.174 6
0120 pf 43 -0.536 1.365 1.466 7
0120 pf 44 -0.222 1.407 1.424 7
0120 pf 45 -0.291 1.538 1.565 7
0120 pf 46 -0.572 1.982 2.063 7
0120 pf 47 -0.333 1.135 1.183 7
0120 pf 48 -0.210 0.880 0.905 7
0120 pf 49 -0.300 0.778 0.833 7
0120 pf 50 0.115 1.211 1.216 6
0144 em 00 -0.276 1.094 1.128 7
0144 cf 00 -0.358 0.895 0.964 7
0144 pf 01 -0.170 1.161 1.173 7
0144 pf 02 -0.719 1.352 1.531 7
0144 pf 03 -0.012 0.565 0.565 7
0144 pf 04 -0.658 0.596 0.888 8
0144 pf 05 -0.237 0.605 0.649 7
0144 pf 06 -0.331 1.063 1.114 7
0144 pf 07 -0.828 1.008 1.305 7
0144 pf 08 -0.704 0.603 0.927 8
0144 pf 09 -0.452 1.674 1.734 7
0144 pf 10 -0.328 0.842 0.904 7
0144 pf 11 0.212 0.584 0.621 6
0144 pf 12 -0.485 0.959 1.075 7
0144 pf 13 -0.260 1.139 1.168 7
0144 pf 14 -0.135 1.711 1.717 7
0144 pf 15 -0.598 1.173 1.317 7
0144 pf 16 -0.077 0.833 0.837 7
0144 pf 17 -0.832 1.310 1.552 7
0144 pf 18 -0.273 0.796 0.842 7
0144 pf 19 -0.218 1.198 1.218 7
0144 pf 20 0.175 1.396 1.407 6
0144 pf 21 -0.448 1.062 1.153 7
0144 pf 22 -0.460 0.767 0.894 7
0144 pf 23 -0.825 0.749 1.115 8
0144 pf 24 -0.247 1.314 1.337 7
0144 pf 25 0.407 1.038 1.115 6
0144 pf 26 -0.370 0.093 0.381 8
0144 pf 27 0.244 1.444 1.464 6
0144 pf 28 -0.675 1.413 1.566 7
0144 pf 29 -0.066 1.139 1.141 7
0144 pf 30 0.040 0.818 0.819 6
0144 pf 31 -0.125 1.201 1.208 7
0144 pf 32 -0.402 1.545 1.597 7
0144 pf 33 -0.439 0.742 0.862 7
0144 pf 34 -0.012 1.258 1.258 7
0144 pf 35 -0.570 1.121 1.257 7
0144 pf 36 -0.167 1.255 1.266 7
0144 pf 37 -0.407 0.997 1.077 7
0144 pf 38 -0.016 0.752 0.752 7
0144 pf 39 -0.037 0.775 0.776 7
0144 pf 40 -0.160 1.482 1.491 7
0144 pf 41 -0.368 1.533 1.576 7
0144 pf 42 0.301 1.295 1.330 6
0144 pf 43 -0.473 1.110 1.206 7
0144 pf 44 -0.175 1.460 1.470 7
0144 pf 45 -0.362 1.613 1.653 7
0144 pf 46 -0.502 2.062 2.122 7
0144 pf 47 -0.319 1.001 1.051 7
0144 pf 48 0.035 0.839 0.839 6
0144 pf 49 -0.046 0.442 0.445 7
0144 pf 50 -0.044 1.254 1.254 7
0168 em 00 -0.266 1.041 1.075 7
0168 cf 00 -0.366 0.878 0.951 7
0168 pf 01 -0.293 1.116 1.154 7
0168 pf 02 -0.965 1.294 1.615 7
0168 pf 03 0.145 0.726 0.740 6
0168 pf 04 -0.487 0.356 0.603 8
0168 pf 05 -0.072 0.378 0.385 7
0168 pf 06 -0.093 1.089 1.093 7
0168 pf 07 -0.594 0.981 1.147 7
0168 pf 08 -0.429 0.770 0.882 7
0168 pf 09 -0.526 1.427 1.520 7
0168 pf 10 -0.186 1.028 1.044 7
0168 pf 11 0.344 0.536 0.637 6
0168 pf 12 -0.381 0.945 1.019 7
0168 pf 13 -0.129 1.264 1.271 7
0168 pf 14 -0.259 1.613 1.633 7
0168 pf 15 -0.602 0.931 1.109 7
0168 pf 16 0.190 0.894 0.914 6
0168 pf 17 -0.897 1.068 1.395 7
0168 pf 18 -0.126 0.817 0.827 7
0168 pf 19 -0.140 1.119 1.127 7
0168 pf 20 0.118 1.361 1.366 6
0168 pf 21 -0.548 0.835 0.999 7
0168 pf 22 -0.343 0.443 0.560 7
0168 pf 23 -0.654 0.724 0.976 7
0168 pf 24 -0.295 1.145 1.182 7
0168 pf 25 0.444 1.061 1.150 6
0168 pf 26 -0.029 -0.069 0.075 2
0168 pf 27 -0.112 1.457 1.461 7
0168 pf 28 -0.851 1.356 1.600 7
0168 pf 29 -0.008 1.124 1.124 7
0168 pf 30 -0.069 0.925 0.928 7
0168 pf 31 -0.292 1.093 1.131 7
0168 pf 32 -0.562 1.491 1.593 7
0168 pf 33 -0.524 0.607 0.802 7
0168 pf 34 -0.103 1.217 1.221 7
0168 pf 35 -0.733 0.976 1.221 7
0168 pf 36 -0.121 1.100 1.107 7
0168 pf 37 -0.452 0.967 1.068 7
0168 pf 38 0.063 0.767 0.769 6
0168 pf 39 0.162 0.515 0.540 6
0168 pf 40 -0.117 1.610 1.614 7
0168 pf 41 -0.491 1.587 1.661 7
0168 pf 42 0.062 1.397 1.399 6
0168 pf 43 -0.401 1.033 1.109 7
0168 pf 44 0.076 1.223 1.225 6
0168 pf 45 -0.249 1.635 1.654 7
0168 pf 46 -0.535 1.836 1.912 7
0168 pf 47 -0.441 1.034 1.124 7
0168 pf 48 -0.147 0.738 0.753 7
0168 pf 49 0.001 0.557 0.557 6
0168 pf 50 -0.314 1.421 1.455 7
0192 em 00 -0.092 1.000 1.005 7
0192 cf 00 -0.145 0.799 0.812 7
0192 pf 01 -0.338 1.238 1.284 7
0192 pf 02 -0.822 1.102 1.375 7
0192 pf 03 0.384 0.699 0.798 6
0192 pf 04 -0.160 0.222 0.274 7
0192 pf 05 0.300 0.375 0.480 6
0192 pf 06 0.042 0.952 0.953 6
0192 pf 07 -0.296 0.734 0.791 7
0192 pf 08 -0.316 0.957 1.008 7
0192 pf 09 -0.113 1.319 1.324 7
0192 pf 10 0.317 1.207 1.247 6
0192 pf 11 0.427 0.856 0.957 6
0192 pf 12 -0.265 0.796 0.839 7
0192 pf 13 -0.174 1.208 1.221 7
0192 pf 14 -0.264 1.664 1.685 7
0192 pf 15 -0.013 0.813 0.813 7
0192 pf 16 0.693 1.060 1.266 6
0192 pf 17 -1.160 0.941 1.494 8
0192 pf 18 -0.190 0.554 0.586 7
0192 pf 19 0.183 0.940 0.958 6
0192 pf 20 0.222 1.316 1.335 6
0192 pf 21 -0.369 0.766 0.851 7
0192 pf 22 -0.096 0.206 0.227 7
0192 pf 23 -0.131 0.667 0.680 7
0192 pf 24 -0.154 1.084 1.095 7
0192 pf 25 0.793 1.086 1.345 6
0192 pf 26 0.542 -0.079 0.548 4
0192 pf 27 -0.236 1.371 1.391 7
0192 pf 28 -0.704 1.268 1.450 7
0192 pf 29 0.011 1.008 1.008 6
0192 pf 30 -0.135 0.772 0.784 7
0192 pf 31 -0.354 1.033 1.092 7
0192 pf 32 -0.354 1.407 1.451 7
0192 pf 33 -0.157 0.712 0.729 7
0192 pf 34 -0.107 1.191 1.196 7
0192 pf 35 -0.707 0.800 1.067 7
0192 pf 36 0.022 1.038 1.038 6
0192 pf 37 -0.124 0.937 0.945 7
0192 pf 38 0.311 0.930 0.980 6
0192 pf 39 0.796 0.701 1.061 5
0192 pf 40 0.101 1.539 1.542 6
0192 pf 41 -0.442 1.618 1.677 7
0192 pf 42 0.238 1.271 1.293 6
0192 pf 43 -0.235 0.923 0.953 7
0192 pf 44 0.170 1.055 1.069 6
0192 pf 45 -0.183 1.437 1.449 7
0192 pf 46 -0.613 1.669 1.778 7
0192 pf 47 -0.415 1.283 1.348 7
0192 pf 48 0.106 0.814 0.821 6
0192 pf 49 0.101 0.505 0.515 6
0192 pf 50 -0.438 1.447 1.512 7
0216 em 00 0.182 0.922 0.939 6
0216 cf 00 0.199 0.662 0.692 6
0216 pf 01 -0.095 1.042 1.047 7
0216 pf 02 -0.456 1.017 1.115 7
0216 pf 03 0.652 1.113 1.290 6
0216 pf 04 0.259 0.133 0.291 5
0216 pf 05 0.551 0.463 0.720 5
0216 pf 06 0.201 0.670 0.700 6
0216 pf 07 0.036 0.445 0.446 6
0216 pf 08 -0.167 0.918 0.933 7
0216 pf 09 0.088 1.127 1.130 6
0216 pf 10 0.630 1.234 1.385 6
0216 pf 11 0.560 0.939 1.093 6
0216 pf 12 0.212 0.745 0.774 6
0216 pf 13 -0.145 1.098 1.107 7
0216 pf 14 -0.146 1.720 1.726 7
0216 pf 15 0.142 0.588 0.605 6
0216 pf 16 1.234 1.289 1.785 6
0216 pf 17 -0.929 0.994 1.360 7
0216 pf 18 0.158 0.349 0.383 6
0216 pf 19 0.802 0.929 1.227 6
0216 pf 20 0.311 1.403 1.438 6
0216 pf 21 0.047 0.755 0.756 6
0216 pf 22 0.082 0.063 0.104 5
0216 pf 23 0.605 0.411 0.731 5
0216 pf 24 0.169 1.096 1.109 6
0216 pf 25 1.241 1.198 1.725 5
0216 pf 26 1.110 -0.017 1.110 4
0216 pf 27 -0.165 1.518 1.527 7
0216 pf 28 -0.316 1.207 1.248 7
0216 pf 29 0.106 0.790 0.797 6
0216 pf 30 0.094 0.519 0.527 6
0216 pf 31 -0.398 0.932 1.013 7
0216 pf 32 0.260 1.100 1.130 6
0216 pf 33 -0.012 0.377 0.377 7
0216 pf 34 0.093 1.117 1.120 6
0216 pf 35 -0.446 0.537 0.698 7
0216 pf 36 0.438 0.785 0.899 6
0216 pf 37 0.339 1.077 1.129 6
0216 pf 38 0.246 0.737 0.777 6
0216 pf 39 1.217 1.170 1.688 5
0216 pf 40 0.493 1.352 1.439 6
0216 pf 41 -0.492 1.499 1.577 7
0216 pf 42 0.363 0.913 0.983 6
0216 pf 43 0.025 0.599 0.600 6
0216 pf 44 0.428 1.146 1.223 6
0216 pf 45 0.019 1.327 1.327 6
0216 pf 46 -0.570 1.755 1.845 7
0216 pf 47 -0.268 0.974 1.010 7
0216 pf 48 0.494 0.677 0.839 6
0216 pf 49 0.528 0.405 0.666 5
0216 pf 50 -0.225 1.341 1.360 7
0240 em 00 0.403 0.908 0.993 6
0240 cf 00 0.631 0.748 0.978 6
0240 pf 01 0.350 0.882 0.949 6
0240 pf 02 -0.015 0.902 0.902 7
0240 pf 03 0.681 0.904 1.132 6
0240 pf 04 0.889 0.061 0.892 5
0240 pf 05 0.643 0.206 0.675 5
0240 pf 06 0.357 0.670 0.759 6
0240 pf 07 0.256 0.481 0.545 6
0240 pf 08 0.042 0.629 0.631 6
0240 pf 09 0.208 1.023 1.044 6
0240 pf 10 0.774 1.340 1.548 6
0240 pf 11 0.931 0.850 1.260 5
0240 pf 12 0.157 0.675 0.693 6
0240 pf 13 0.121 1.082 1.089 6
0240 pf 14 0.095 1.852 1.855 6
0240 pf 15 0.405 0.750 0.853 6
0240 pf 16 1.394 1.594 2.118 6
0240 pf 17 -0.543 1.000 1.138 7
0240 pf 18 0.524 0.367 0.640 5
0240 pf 19 0.860 0.942 1.276 6
0240 pf 20 0.570 1.733 1.824 6
0240 pf 21 0.508 0.522 0.728 6
0240 pf 22 0.236 0.008 0.236 5
0240 pf 23 0.915 0.320 0.969 5
0240 pf 24 0.503 0.816 0.959 6
0240 pf 25 1.287 1.463 1.949 6
0240 pf 26 1.439 -0.143 1.447 4
0240 pf 27 0.092 1.566 1.568 6
0240 pf 28 -0.181 1.063 1.078 7
0240 pf 29 -0.026 0.606 0.607 7
0240 pf 30 0.571 0.466 0.737 5
0240 pf 31 -0.273 1.035 1.071 7
0240 pf 32 0.905 1.210 1.511 6
0240 pf 33 0.182 0.313 0.362 6
0240 pf 34 0.402 1.321 1.381 6
0240 pf 35 -0.329 -0.101 0.344 1
0240 pf 36 0.540 0.739 0.915 6
0240 pf 37 0.483 1.247 1.337 6
0240 pf 38 0.322 0.975 1.026 6
0240 pf 39 1.290 1.473 1.958 6
0240 pf 40 0.565 1.111 1.247 6
0240 pf 41 -0.691 1.433 1.590 7
0240 pf 42 0.462 0.864 0.979 6
0240 pf 43 0.047 0.507 0.509 6
0240 pf 44 0.626 1.236 1.385 6
0240 pf 45 0.213 1.107 1.128 6
0240 pf 46 -0.568 1.937 2.019 7
0240 pf 47 0.036 0.944 0.944 6
0240 pf 48 0.717 0.969 1.205 6
0240 pf 49 1.033 0.404 1.109 5
0240 pf 50 0.187 1.413 1.425 6
0264 em 00 0.532 0.949 1.088 6
0264 cf 00 0.763 0.777 1.089 6
0264 pf 01 0.499 0.814 0.954 6
0264 pf 02 0.258 0.749 0.792 6
0264 pf 03 0.716 0.649 0.966 5
0264 pf 04 1.222 -0.176 1.234 4
0264 pf 05 0.529 0.299 0.608 5
0264 pf 06 0.310 0.871 0.924 6
0264 pf 07 0.450 0.578 0.733 6
0264 pf 08 0.452 0.844 0.958 6
0264 pf 09 0.510 1.218 1.320 6
0264 pf 10 0.503 1.524 1.605 6
0264 pf 11 1.362 0.815 1.587 5
0264 pf 12 0.169 0.617 0.640 6
0264 pf 13 0.193 0.932 0.952 6
0264 pf 14 0.056 1.691 1.692 6
0264 pf 15 0.637 0.898 1.101 6
0264 pf 16 1.079 1.942 2.222 6
0264 pf 17 -0.251 0.807 0.845 7
0264 pf 18 0.902 0.627 1.099 5
0264 pf 19 0.909 1.079 1.411 6
0264 pf 20 0.994 1.705 1.974 6
0264 pf 21 0.898 0.392 0.980 5
0264 pf 22 0.458 0.061 0.462 5
0264 pf 23 1.237 0.198 1.253 5
0264 pf 24 0.510 0.918 1.050 6
0264 pf 25 1.186 1.783 2.142 6
0264 pf 26 1.590 -0.231 1.607 4
0264 pf 27 0.283 1.632 1.657 6
0264 pf 28 -0.184 1.113 1.128 7
0264 pf 29 0.141 0.767 0.780 6
0264 pf 30 0.651 0.664 0.931 6
0264 pf 31 -0.026 1.149 1.149 7
0264 pf 32 1.443 1.547 2.116 6
0264 pf 33 0.300 0.361 0.470 6
0264 pf 34 0.705 1.643 1.788 6
0264 pf 35 -0.034 -0.258 0.260 2
0264 pf 36 0.696 0.740 1.016 6
0264 pf 37 0.364 1.275 1.326 6
0264 pf 38 0.394 1.294 1.353 6
0264 pf 39 0.976 1.415 1.719 6
0264 pf 40 0.694 1.135 1.330 6
0264 pf 41 -0.814 1.375 1.598 7
0264 pf 42 0.743 0.778 1.076 6
0264 pf 43 0.101 0.362 0.376 6
0264 pf 44 0.712 1.378 1.551 6
0264 pf 45 0.363 0.944 1.011 6
0264 pf 46 -0.605 2.055 2.142 7
0264 pf 47 0.196 0.818 0.841 6
0264 pf 48 0.677 0.857 1.092 6
0264 pf 49 1.163 0.575 1.298 5
0264 pf 50 0.267 1.557 1.580 6
0288 em 00 0.588 0.892 1.068 6
0288 cf 00 0.821 0.423 0.924 5
0288 pf 01 0.757 0.745 1.062 5
0288 pf 02 0.405 0.734 0.838 6
0288 pf 03 0.650 0.500 0.820 5
0288 pf 04 1.412 -0.234 1.432 4
0288 pf 05 0.451 0.640 0.783 6
0288 pf 06 -0.044 0.773 0.775 7
0288 pf 07 0.603 0.517 0.794 5
0288 pf 08 0.777 0.930 1.212 6
0288 pf 09 0.344 1.030 1.086 6
0288 pf 10 0.370 1.364 1.413 6
0288 pf 11 1.290 0.557 1.405 5
0288 pf 12 0.427 0.778 0.887 6
0288 pf 13 0.252 0.664 0.710 6
0288 pf 14 -0.041 1.811 1.811 7
0288 pf 15 0.699 1.085 1.291 6
0288 pf 16 0.950 2.080 2.287 6
0288 pf 17 0.176 0.517 0.546 6
0288 pf 18 1.234 0.745 1.442 5
0288 pf 19 0.772 0.922 1.202 6
0288 pf 20 1.234 1.582 2.006 6
0288 pf 21 1.096 0.010 1.096 5
0288 pf 22 0.670 0.114 0.680 5
0288 pf 23 1.406 0.129 1.412 5
0288 pf 24 -0.041 0.892 0.893 7
0288 pf 25 1.136 1.938 2.246 6
0288 pf 26 1.509 -0.366 1.553 4
0288 pf 27 0.321 1.741 1.771 6
0288 pf 28 -0.162 0.787 0.804 7
0288 pf 29 0.149 0.476 0.499 6
0288 pf 30 0.761 0.773 1.084 6
0288 pf 31 0.010 1.080 1.081 6
0288 pf 32 1.490 1.409 2.051 5
0288 pf 33 0.663 0.214 0.697 5
0288 pf 34 0.912 1.760 1.982 6
0288 pf 35 0.260 -0.489 0.554 3
0288 pf 36 0.812 0.449 0.928 5
0288 pf 37 0.132 1.305 1.311 6
0288 pf 38 0.434 1.395 1.461 6
0288 pf 39 0.517 1.239 1.343 6
0288 pf 40 0.941 1.205 1.529 6
0288 pf 41 -0.875 1.331 1.593 7
0288 pf 42 0.889 0.804 1.199 5
0288 pf 43 0.394 0.397 0.559 6
0288 pf 44 0.868 1.624 1.842 6
0288 pf 45 0.499 1.070 1.181 6
0288 pf 46 -0.361 2.045 2.077 7
0288 pf 47 0.165 0.566 0.590 6
0288 pf 48 0.731 0.568 0.926 5
0288 pf 49 1.242 0.597 1.378 5
0288 pf 50 0.154 1.492 1.500 6
0312 em 00 0.603 0.946 1.122 6
0312 cf 00 1.089 0.243 1.115 5
0312 pf 01 0.843 0.663 1.072 5
0312 pf 02 0.136 0.804 0.815 6
0312 pf 03 0.690 0.642 0.943 5
0312 pf 04 1.422 -0.216 1.438 4
0312 pf 05 0.552 0.779 0.955 6
0312 pf 06 -0.233 0.916 0.945 7
0312 pf 07 0.860 0.616 1.058 5
0312 pf 08 0.831 1.316 1.557 6
0312 pf 09 0.448 1.044 1.136 6
0312 pf 10 -0.021 1.294 1.294 7
0312 pf 11 1.250 0.786 1.476 5
0312 pf 12 0.742 0.972 1.223 6
0312 pf 13 0.486 0.524 0.714 6
0312 pf 14 -0.142 1.872 1.877 7
0312 pf 15 0.591 1.593 1.699 6
0312 pf 16 1.000 2.392 2.593 6
0312 pf 17 0.287 0.386 0.481 6
0312 pf 18 1.086 0.699 1.292 5
0312 pf 19 0.701 0.789 1.056 6
0312 pf 20 1.089 1.849 2.145 6
0312 pf 21 1.340 -0.042 1.340 4
0312 pf 22 0.781 0.086 0.786 5
0312 pf 23 1.448 0.365 1.494 5
0312 pf 24 0.019 0.933 0.933 6
0312 pf 25 0.755 1.913 2.057 6
0312 pf 26 1.279 -0.183 1.292 4
0312 pf 27 0.247 1.932 1.948 6
0312 pf 28 -0.124 0.421 0.439 7
0312 pf 29 -0.004 0.294 0.294 7
0312 pf 30 0.591 0.827 1.016 6
0312 pf 31 0.400 1.094 1.165 6
0312 pf 32 1.551 1.511 2.165 5
0312 pf 33 0.707 0.277 0.759 5
0312 pf 34 0.903 1.986 2.181 6
0312 pf 35 0.650 -0.485 0.811 4
0312 pf 36 0.697 0.262 0.745 5
0312 pf 37 0.219 1.275 1.294 6
0312 pf 38 0.437 1.589 1.648 6
0312 pf 39 0.331 1.223 1.268 6
0312 pf 40 0.909 1.459 1.719 6
0312 pf 41 -0.855 1.151 1.434 7
0312 pf 42 1.094 0.711 1.305 5
0312 pf 43 0.505 0.209 0.547 5
0312 pf 44 0.821 2.121 2.274 6
0312 pf 45 0.549 1.078 1.210 6
0312 pf 46 -0.229 1.909 1.923 7
0312 pf 47 0.193 0.760 0.784 6
0312 pf 48 1.013 0.778 1.278 5
0312 pf 49 1.503 0.745 1.678 5
0312 pf 50 -0.167 1.406 1.416 7
0336 em 00 0.578 1.012 1.165 6
0336 cf 00 1.285 0.418 1.351 5
0336 pf 01 0.780 0.810 1.124 6
0336 pf 02 -0.019 0.856 0.856 7
0336 pf 03 0.851 0.646 1.069 5
0336 pf 04 1.307 0.158 1.316 5
0336 pf 05 0.579 0.647 0.868 6
0336 pf 06 -0.011 1.311 1.311 7
0336 pf 07 1.026 0.494 1.139 5
0336 pf 08 0.721 1.667 1.816 6
0336 pf 09 0.599 0.999 1.165 6
0336 pf 10 -0.185 1.454 1.466 7
0336 pf 11 1.353 1.009 1.688 5
0336 pf 12 0.687 0.875 1.113 6
0336 pf 13 0.639 0.206 0.672 5
0336 pf 14 -0.267 2.087 2.104 7
0336 pf 15 0.884 1.681 1.900 6
0336 pf 16 0.672 2.492 2.581 6
0336 pf 17 0.100 0.331 0.346 6
0336 pf 18 0.683 0.324 0.756 5
0336 pf 19 0.691 0.653 0.951 5
0336 pf 20 0.843 2.228 2.382 6
0336 pf 21 1.588 0.069 1.589 5
0336 pf 22 0.555 0.029 0.556 5
0336 pf 23 1.311 0.344 1.355 5
0336 pf 24 0.161 1.031 1.044 6
0336 pf 25 0.470 2.046 2.100 6
0336 pf 26 1.179 0.259 1.207 5
0336 pf 27 0.131 2.057 2.061 6
0336 pf 28 -0.124 0.318 0.342 7
0336 pf 29 -0.140 0.139 0.198 8
0336 pf 30 0.659 0.967 1.170 6
0336 pf 31 0.780 0.991 1.261 6
0336 pf 32 1.501 1.385 2.042 5
0336 pf 33 0.743 0.278 0.794 5
0336 pf 34 0.516 2.209 2.268 6
0336 pf 35 0.677 -0.530 0.859 4
0336 pf 36 0.538 0.586 0.795 6
0336 pf 37 0.038 1.265 1.266 6
0336 pf 38 0.572 1.940 2.022 6
0336 pf 39 0.386 1.158 1.221 6
0336 pf 40 0.598 1.797 1.894 6
0336 pf 41 -0.909 1.145 1.462 7
0336 pf 42 1.117 0.956 1.470 5
0336 pf 43 0.652 0.269 0.706 5
0336 pf 44 0.597 2.329 2.405 6
0336 pf 45 0.853 1.104 1.395 6
0336 pf 46 -0.218 1.640 1.654 7
0336 pf 47 -0.038 0.713 0.714 7
0336 pf 48 1.395 1.248 1.871 5
0336 pf 49 1.494 0.805 1.697 5
0336 pf 50 -0.266 1.220 1.248 7
0360 em 00 0.579 1.061 1.208 6
0360 cf 00 1.268 0.735 1.466 5
0360 pf 01 0.898 1.193 1.493 6
0360 pf 02 -0.106 0.796 0.803 7
0360 pf 03 0.900 0.490 1.025 5
0360 pf 04 1.000 0.228 1.026 5
0360 pf 05 0.629 0.347 0.718 5
0360 pf 06 0.111 1.427 1.431 6
0360 pf 07 1.320 0.671 1.481 5
0360 pf 08 0.521 1.938 2.006 6
0360 pf 09 0.880 1.004 1.335 6
0360 pf 10 -0.400 1.659 1.706 7
0360 pf 11 1.524 0.768 1.707 5
0360 pf 12 0.818 0.785 1.134 5
0360 pf 13 0.829 0.257 0.868 5
0360 pf 14 -0.269 1.988 2.006 7
0360 pf 15 1.040 1.780 2.062 6
0360 pf 16 0.321 2.466 2.487 6
0360 pf 17 -0.226 0.525 0.571 7
0360 pf 18 0.306 -0.158 0.345 4
0360 pf 19 0.979 0.644 1.172 5
0360 pf 20 0.766 2.850 2.951 6
0360 pf 21 2.048 0.300 2.070 5
0360 pf 22 0.320 0.047 0.323 5
0360 pf 23 1.321 0.295 1.353 5
0360 pf 24 -0.019 0.897 0.897 7
0360 pf 25 0.248 2.070 2.085 6
0360 pf 26 1.374 0.507 1.465 5
0360 pf 27 0.068 1.877 1.878 6
0360 pf 28 -0.183 0.407 0.447 7
0360 pf 29 -0.107 0.130 0.169 7
0360 pf 30 0.722 0.850 1.115 6
0360 pf 31 1.153 1.007 1.531 5
0360 pf 32 1.310 1.536 2.019 6
0360 pf 33 1.064 0.594 1.219 5
0360 pf 34 0.197 2.262 2.270 6
0360 pf 35 0.798 -0.331 0.864 4
0360 pf 36 0.437 0.958 1.053 6
0360 pf 37 0.036 1.297 1.297 6
0360 pf 38 0.557 2.087 2.160 6
0360 pf 39 -0.008 0.917 0.917 7
0360 pf 40 0.743 2.211 2.333 6
0360 pf 41 -0.904 1.070 1.401 7
0360 pf 42 1.116 1.377 1.772 6
0360 pf 43 0.728 0.360 0.812 5
0360 pf 44 0.295 2.153 2.173 6
0360 pf 45 0.964 0.825 1.269 5
0360 pf 46 -0.289 1.583 1.609 7
0360 pf 47 0.149 0.725 0.741 6
0360 pf 48 1.387 1.305 1.904 5
0360 pf 49 1.525 0.930 1.786 5
0360 pf 50 -0.208 1.097 1.117 7
0384 em 00 0.546 1.064 1.195 6
0384 cf 00 1.054 1.205 1.601 6
0384 pf 01 0.889 1.266 1.547 6
0384 pf 02 0.085 0.867 0.871 6
0384 pf 03 0.673 0.400 0.783 5
0384 pf 04 0.990 0.496 1.107 5
0384 pf 05 0.446 0.103 0.458 5
0384 pf 06 0.450 1.365 1.437 6
0384 pf 07 1.422 0.767 1.616 5
0384 pf 08 0.191 2.064 2.072 6
0384 pf 09 0.805 1.110 1.371 6
0384 pf 10 -0.488 1.563 1.637 7
0384 pf 11 1.429 0.867 1.671 5
0384 pf 12 1.015 0.693 1.229 5
0384 pf 13 0.959 0.300 1.005 5
0384 pf 14 -0.522 1.778 1.853 7
0384 pf 15 0.477 2.025 2.080 6
0384 pf 16 0.104 2.151 2.154 6
0384 pf 17 0.025 0.399 0.400 6
0384 pf 18 0.156 -0.454 0.480 3
0384 pf 19 1.090 0.712 1.303 5
0384 pf 20 0.638 2.950 3.018 6
0384 pf 21 1.977 0.333 2.005 5
0384 pf 22 -0.089 0.409 0.419 7
0384 pf 23 1.412 0.115 1.417 5
0384 pf 24 -0.077 0.904 0.907 7
0384 pf 25 0.212 2.126 2.136 6
0384 pf 26 1.740 0.380 1.781 5
0384 pf 27 0.150 1.964 1.970 6
0384 pf 28 -0.166 0.494 0.521 7
0384 pf 29 -0.263 0.001 0.263 8
0384 pf 30 0.682 0.829 1.073 6
0384 pf 31 1.164 0.919 1.483 5
0384 pf 32 1.015 1.750 2.023 6
0384 pf 33 1.218 1.019 1.588 5
0384 pf 34 0.103 1.919 1.921 6
0384 pf 35 1.184 -0.283 1.218 4
0384 pf 36 0.309 1.408 1.441 6
0384 pf 37 -0.123 1.418 1.423 7
0384 pf 38 0.567 2.270 2.340 6
0384 pf 39 -0.596 0.612 0.854 7
0384 pf 40 0.790 2.217 2.354 6
0384 pf 41 -0.596 1.191 1.332 7
0384 pf 42 1.119 1.424 1.811 6
0384 pf 43 1.119 0.267 1.151 5
0384 pf 44 -0.298 1.765 1.790 7
0384 pf 45 0.545 0.643 0.843 6
0384 pf 46 -0.116 2.033 2.036 7
0384 pf 47 0.473 0.338 0.582 5
0384 pf 48 1.611 1.199 2.008 5
0384 pf 49 1.563 1.077 1.898 5
0384 pf 50 -0.335 0.548 0.643 7
0408 em 00 0.425 1.096 1.176 6
0408 cf 00 0.604 1.549 1.663 6
0408 pf 01 0.761 1.033 1.283 6
0408 pf 02 0.050 0.512 0.514 6
0408 pf 03 0.513 0.642 0.822 6
0408 pf 04 0.528 0.867 1.015 6
0408 pf 05 -0.007 0.046 0.047 7
0408 pf 06 0.280 1.309 1.338 6
0408 pf 07 1.388 1.231 1.855 5
0408 pf 08 0.254 2.171 2.186 6
0408 pf 09 0.692 1.220 1.402 6
0408 pf 10 -0.620 1.682 1.792 7
0408 pf 11 1.415 1.150 1.824 5
0408 pf 12 1.061 0.618 1.228 5
0408 pf 13 0.933 0.114 0.940 5
0408 pf 14 -0.809 1.536 1.736 7
0408 pf 15 -0.294 2.164 2.184 7
0408 pf 16 0.011 1.907 1.907 6
0408 pf 17 0.014 0.309 0.310 6
0408 pf 18 -0.067 -0.641 0.644 2
0408 pf 19 0.885 0.861 1.235 5
0408 pf 20 0.535 3.105 3.151 6
0408 pf 21 1.942 0.470 1.998 5
0408 pf 22 -0.113 0.607 0.617 7
0408 pf 23 1.254 0.381 1.311 5
0408 pf 24 0.146 0.715 0.730 6
0408 pf 25 -0.386 1.854 1.894 7
0408 pf 26 1.912 0.425 1.959 5
0408 pf 27 -0.264 1.693 1.713 7
0408 pf 28 -0.224 0.386 0.447 7
0408 pf 29 -0.367 0.025 0.368 8
0408 pf 30 0.833 0.826 1.173 5
0408 pf 31 1.099 0.836 1.381 5
0408 pf 32 0.287 1.821 1.844 6
0408 pf 33 0.995 1.542 1.835 6
0408 pf 34 0.164 2.032 2.039 6
0408 pf 35 1.235 0.200 1.251 5
0408 pf 36 0.322 1.507 1.542 6
0408 pf 37 -0.000 1.315 1.315 6
0408 pf 38 0.383 2.239 2.271 6
0408 pf 39 -1.098 0.477 1.197 8
0408 pf 40 0.759 2.264 2.388 6
0408 pf 41 -0.267 1.245 1.273 7
0408 pf 42 1.181 1.450 1.870 6
0408 pf 43 1.422 0.253 1.444 5
0408 pf 44 -0.655 1.644 1.770 7
0408 pf 45 0.121 0.546 0.559 6
0408 pf 46 -0.008 2.063 2.063 7
0408 pf 47 0.453 0.000 0.453 5
0408 pf 48 1.693 1.459 2.235 5
0408 pf 49 1.616 1.435 2.161 5
0408 pf 50 -0.441 0.476 0.649 7
0432 em 00 0.287 1.143 1.178 6
0432 cf 00 0.103 1.413 1.417 6
0432 pf 01 0.317 0.996 1.045 6
0432 pf 02 0.303 0.415 0.514 6
0432 pf 03 0.373 0.594 0.701 6
0432 pf 04 0.282 0.880 0.924 6
0432 pf 05 -0.109 0.077 0.134 8
0432 pf 06 0.233 1.560 1.577 6
0432 pf 07 1.420 1.766 2.266 6
0432 pf 08 -0.164 2.299 2.304 7
0432 pf 09 0.935 1.295 1.597 6
0432 pf 10 -0.653 1.505 1.641 7
0432 pf 11 1.064 1.551 1.881 6
0432 pf 12 0.796 0.301 0.851 5
0432 pf 13 0.870 0.187 0.890 5
0432 pf 14 -0.925 1.775 2.002 7
0432 pf 15 -0.991 2.038 2.267 7
0432 pf 16 -0.255 1.563 1.583 7
0432 pf 17 0.142 0.246 0.284 6
0432 pf 18 -0.013 -0.448 0.448 2
0432 pf 19 0.605 0.993 1.163 6
0432 pf 20 -0.012 3.134 3.134 7
0432 pf 21 2.122 0.926 2.315 5
0432 pf 22 0.033 0.783 0.784 6
0432 pf 23 1.060 0.577 1.206 5
0432 pf 24 0.389 0.726 0.823 6
0432 pf 25 -0.813 1.793 1.969 7
0432 pf 26 2.070 0.758 2.205 5
0432 pf 27 -0.514 1.608 1.688 7
0432 pf 28 -0.205 0.365 0.419 7
0432 pf 29 -0.069 0.079 0.105 7
0432 pf 30 0.672 1.232 1.403 6
0432 pf 31 1.041 0.748 1.282 5
0432 pf 32 0.010 1.874 1.874 6
0432 pf 33 0.865 2.144 2.312 6
0432 pf 34 0.117 2.370 2.373 6
0432 pf 35 1.029 0.409 1.107 5
0432 pf 36 0.298 1.600 1.628 6
0432 pf 37 0.019 1.374 1.374 6
0432 pf 38 0.282 2.209 2.227 6
0432 pf 39 -1.220 0.381 1.278 8
0432 pf 40 0.518 1.934 2.002 6
0432 pf 41 -0.355 1.069 1.127 7
0432 pf 42 0.865 1.454 1.692 6
0432 pf 43 1.207 0.199 1.223 5
0432 pf 44 -1.024 1.656 1.947 7
0432 pf 45 0.015 0.306 0.306 6
0432 pf 46 -0.024 1.623 1.623 7
0432 pf 47 0.402 -0.224 0.460 4
0432 pf 48 1.313 1.711 2.157 6
0432 pf 49 1.411 1.772 2.265 6
0432 pf 50 -0.708 0.326 0.779 8
0456 em 00 0.187 1.192 1.206 6
0456 cf 00 -0.260 1.576 1.598 7
0456 pf 01 -0.096 1.136 1.140 7
0456 pf 02 0.239 0.453 0.512 6
0456 pf 03 0.338 0.747 0.820 6
0456 pf 04 0.309 1.072 1.116 6
0456 pf 05 -0.112 0.031 0.116 8
0456 pf 06 0.597 1.805 1.901 6
0456 pf 07 1.334 2.453 2.792 6
0456 pf 08 -0.425 2.157 2.199 7
0456 pf 09 1.044 1.253 1.631 6
0456 pf 10 -0.528 1.438 1.532 7
0456 pf 11 0.786 1.767 1.934 6
0456 pf 12 0.149 0.199 0.248 6
0456 pf 13 0.638 0.187 0.665 5
0456 pf 14 -0.560 1.143 1.273 7
0456 pf 15 -1.252 2.176 2.510 7
0456 pf 16 -0.395 1.144 1.210 7
0456 pf 17 0.155 0.130 0.202 5
0456 pf 18 0.028 -0.328 0.330 3
0456 pf 19 0.791 1.041 1.307 6
0456 pf 20 -0.480 3.019 3.057 7
0456 pf 21 2.287 1.464 2.716 5
0456 pf 22 0.266 0.808 0.850 6
0456 pf 23 1.002 0.812 1.290 5
0456 pf 24 0.479 0.726 0.870 6
0456 pf 25 -0.855 1.719 1.920 7
0456 pf 26 2.170 0.961 2.374 5
0456 pf 27 -0.781 1.727 1.896 7
0456 pf 28 0.090 0.385 0.395 6
0456 pf 29 0.029 0.003 0.029 5
0456 pf 30 0.917 1.734 1.962 6
0456 pf 31 0.907 0.695 1.143 5
0456 pf 32 -0.447 1.929 1.980 7
0456 pf 33 0.680 2.221 2.323 6
0456 pf 34 -0.408 2.262 2.299 7
0456 pf 35 0.760 0.667 1.011 5
0456 pf 36 0.135 1.786 1.791 6
0456 pf 37 -0.127 1.353 1.359 7
0456 pf 38 0.472 2.562 2.605 6
0456 pf 39 -1.230 0.201 1.246 8
0456 pf 40 0.571 2.005 2.084 6
0456 pf 41 -0.275 0.878 0.920 7
0456 pf 42 0.276 1.642 1.665 6
0456 pf 43 0.765 0.441 0.883 5
0456 pf 44 -0.932 1.504 1.770 7
0456 pf 45 0.027 -0.121 0.124 3
0456 pf 46 -0.210 1.568 1.582 7
0456 pf 47 0.457 -0.105 0.469 4
0456 pf 48 0.796 2.206 2.345 6
0456 pf 49 1.146 1.845 2.172 6
0456 pf 50 -1.176 0.109 1.181 8
0480 em 00 0.068 1.225 1.227 6
0480 cf 00 -0.572 1.594 1.694 7
0480 pf 01 -0.445 1.060 1.150 7
0480 pf 02 0.090 0.464 0.473 6
0480 pf 03 -0.020 1.212 1.212 7
0480 pf 04 0.552 1.167 1.291 6
0480 pf 05 0.145 -0.090 0.171 4
0480 pf 06 0.991 2.024 2.254 6
0480 pf 07 0.981 2.744 2.914 6
0480 pf 08 -0.453 1.978 2.029 7
0480 pf 09 0.907 1.106 1.430 6
0480 pf 10 -0.426 1.444 1.505 7
0480 pf 11 0.317 1.789 1.817 6
0480 pf 12 -0.353 0.025 0.354 8
0480 pf 13 0.975 0.219 1.000 5
0480 pf 14 -0.559 0.944 1.097 7
0480 pf 15 -1.579 2.140 2.660 7
0480 pf 16 -0.659 0.905 1.119 7
0480 pf 17 0.297 0.152 0.333 5
0480 pf 18 0.180 -0.124 0.219 4
0480 pf 19 1.014 1.324 1.668 6
0480 pf 20 -1.010 3.032 3.196 7
0480 pf 21 1.681 1.684 2.379 6
0480 pf 22 0.186 0.753 0.775 6
0480 pf 23 0.995 1.135 1.509 6
0480 pf 24 0.403 1.045 1.120 6
0480 pf 25 -0.920 1.790 2.012 7
0480 pf 26 1.918 1.190 2.258 5
0480 pf 27 -0.996 1.779 2.038 7
0480 pf 28 0.322 0.570 0.655 6
0480 pf 29 0.145 -0.070 0.161 4
0480 pf 30 1.359 2.031 2.443 6
0480 pf 31 0.760 0.546 0.936 5
0480 pf 32 -0.633 1.647 1.764 7
0480 pf 33 0.577 1.881 1.967 6
0480 pf 34 -0.749 2.128 2.256 7
0480 pf 35 0.547 0.923 1.073 6
0480 pf 36 0.245 1.923 1.938 6
0480 pf 37 -0.459 1.219 1.302 7
0480 pf 38 0.497 2.841 2.884 6
0480 pf 39 -1.504 0.013 1.504 8
0480 pf 40 0.261 2.305 2.319 6
0480 pf 41 -0.293 0.912 0.958 7
0480 pf 42 -0.283 1.798 1.820 7
0480 pf 43 0.579 0.581 0.820 6
0480 pf 44 -0.851 0.966 1.287 7
0480 pf 45 -0.046 -0.408 0.411 2
0480 pf 46 -0.679 1.811 1.934 7
0480 pf 47 0.757 0.152 0.772 5
0480 pf 48 0.519 2.379 2.435 6
0480 pf 49 0.629 1.824 1.929 6
0480 pf 50 -1.180 -0.117 1.185 1
0504 em 00 -0.109 1.241 1.246 7
0504 cf 00 -0.999 1.537 1.833 7
0504 pf 01 -0.649 1.136 1.309 7
0504 pf 02 -0.226 0.529 0.576 7
0504 pf 03 -0.342 1.582 1.619 7
0504 pf 04 0.642 1.344 1.489 6
0504 pf 05 0.063 -0.066 0.091 3
0504 pf 06 0.658 2.324 2.415 6
0504 pf 07 0.614 2.899 2.964 6
0504 pf 08 -0.912 1.481 1.739 7
0504 pf 09 0.842 0.973 1.287 6
0504 pf 10 -0.539 1.920 1.994 7
0504 pf 11 -0.527 1.967 2.037 7
0504 pf 12 -0.525 0.213 0.567 8
0504 pf 13 0.954 0.258 0.988 5
0504 pf 14 -0.835 0.865 1.202 7
0504 pf 15 -1.859 2.288 2.948 7
0504 pf 16 -0.817 0.457 0.936 8
0504 pf 17 0.227 0.321 0.393 6
0504 pf 18 0.395 0.160 0.426 5
0504 pf 19 0.499 1.267 1.362 6
0504 pf 20 -1.643 2.550 3.033 7
0504 pf 21 1.223 1.687 2.084 6
0504 pf 22 0.120 0.852 0.860 6
0504 pf 23 0.808 1.151 1.406 6
0504 pf 24 0.211 1.227 1.245 6
0504 pf 25 -0.953 2.142 2.344 7
0504 pf 26 1.461 1.236 1.914 5
0504 pf 27 -0.735 1.480 1.653 7
0504 pf 28 0.534 1.047 1.175 6
0504 pf 29 -0.073 0.002 0.073 8
0504 pf 30 1.259 1.941 2.314 6
0504 pf 31 0.670 0.725 0.987 6
0504 pf 32 -0.776 1.485 1.675 7
0504 pf 33 0.354 1.610 1.649 6
0504 pf 34 -1.299 1.821 2.237 7
0504 pf 35 0.617 0.999 1.174 6
0504 pf 36 0.655 2.062 2.164 6
0504 pf 37 -0.786 1.101 1.353 7
0504 pf 38 0.535 3.105 3.151 6
0504 pf 39 -1.717 -0.261 1.737 1
0504 pf 40 -0.077 2.365 2.367 7
0504 pf 41 -0.271 0.713 0.763 7
0504 pf 42 -0.733 2.013 2.142 7
0504 pf 43 0.519 0.535 0.745 6
0504 pf 44 -0.846 0.385 0.930 8
0504 pf 45 0.056 -0.498 0.501 3
0504 pf 46 -0.972 1.717 1.973 7
0504 pf 47 1.161 0.592 1.303 5
0504 pf 48 0.013 2.174 2.174 6
0504 pf 49 0.486 2.011 2.069 6
0504 pf 50 -1.345 -0.270 1.372 1
0528 em 00 -0.270 1.234 1.263 7
0528 cf 00 -1.293 1.416 1.917 7
0528 pf 01 -0.729 0.849 1.119 7
0528 pf 02 -0.438 0.773 0.888 7
0528 pf 03 -0.795 1.178 1.421 7
0528 pf 04 0.785 1.211 1.443 6
0528 pf 05 -0.079 0.268 0.279 7
0528 pf 06 0.166 2.471 2.477 6
0528 pf 07 0.023 3.134 3.134 6
0528 pf 08 -1.754 0.986 2.012 8
0528 pf 09 0.864 0.969 1.298 6
0528 pf 10 -0.694 2.299 2.401 7
0528 pf 11 -1.030 1.981 2.232 7
0528 pf 12 -0.338 0.404 0.526 7
0528 pf 13 0.899 0.610 1.087 5
0528 pf 14 -1.010 0.916 1.363 8
0528 pf 15 -1.912 2.460 3.115 7
0528 pf 16 -0.992 -0.192 1.010 1
0528 pf 17 0.061 0.271 0.278 6
0528 pf 18 0.583 0.383 0.697 5
0528 pf 19 0.334 1.200 1.245 6
0528 pf 20 -2.246 2.012 3.015 8
0528 pf 21 0.601 1.354 1.482 6
0528 pf 22 -0.041 1.074 1.075 7
0528 pf 23 0.661 1.487 1.627 6
0528 pf 24 -0.086 1.571 1.573 7
0528 pf 25 -1.109 2.198 2.462 7
0528 pf 26 1.179 1.454 1.871 6
0528 pf 27 -0.429 1.565 1.623 7
0528 pf 28 0.373 1.328 1.379 6
0528 pf 29 -0.293 -0.197 0.353 1
0528 pf 30 0.623 2.266 2.350 6
0528 pf 31 0.582 1.108 1.251 6
0528 pf 32 -0.582 1.357 1.477 7
0528 pf 33 -0.032 1.962 1.963 7
0528 pf 34 -1.860 1.672 2.501 8
0528 pf 35 0.775 0.927 1.208 6
0528 pf 36 0.962 2.120 2.328 6
0528 pf 37 -1.142 0.736 1.359 8
0528 pf 38 0.428 2.939 2.970 6
0528 pf 39 -1.619 -0.134 1.625 1
0528 pf 40 -0.282 2.115 2.134 7
0528 pf 41 -0.421 0.366 0.558 8
0528 pf 42 -0.966 2.088 2.301 7
0528 pf 43 0.851 0.493 0.984 5
0528 pf 44 -0.712 0.330 0.785 8
0528 pf 45 0.152 -0.478 0.502 3
0528 pf 46 -0.982 1.160 1.519 7
0528 pf 47 1.215 0.814 1.463 5
0528 pf 48 -0.192 2.050 2.059 7
0528 pf 49 0.211 1.804 1.817 6
0528 pf 50 -1.415 -0.370 1.462 1
0552 em 00 -0.429 1.168 1.245 7
0552 cf 00 -1.264 1.149 1.708 8
0552 pf 01 -0.804 0.763 1.108 8
0552 pf 02 -0.722 1.117 1.330 7
0552 pf 03 -1.479 1.054 1.816 8
0552 pf 04 0.940 0.897 1.299 5
0552 pf 05 -0.235 0.476 0.530 7
0552 pf 06 -0.190 2.273 2.281 7
0552 pf 07 -0.911 3.184 3.312 7
0552 pf 08 -2.083 0.254 2.098 8
0552 pf 09 0.736 1.021 1.259 6
0552 pf 10 -1.054 2.644 2.846 7
0552 pf 11 -1.154 1.773 2.116 7
0552 pf 12 -0.354 0.283 0.453 8
0552 pf 13 1.016 0.773 1.277 5
0552 pf 14 -0.945 0.556 1.097 8
0552 pf 15 -1.876 2.570 3.182 7
0552 pf 16 -1.110 -0.374 1.171 1
0552 pf 17 -0.065 0.576 0.580 7
0552 pf 18 0.578 0.314 0.658 5
0552 pf 19 -0.069 1.216 1.218 7
0552 pf 20 -2.226 1.603 2.743 8
0552 pf 21 -0.014 0.989 0.989 7
0552 pf 22 0.124 0.992 1.000 6
0552 pf 23 0.252 1.552 1.573 6
0552 pf 24 -0.248 1.690 1.708 7
0552 pf 25 -1.467 2.300 2.728 7
0552 pf 26 1.075 1.999 2.270 6
0552 pf 27 -0.121 1.702 1.706 7
0552 pf 28 0.037 1.525 1.525 6
0552 pf 29 -0.546 -0.540 0.768 1
0552 pf 30 0.101 2.325 2.328 6
0552 pf 31 0.248 1.232 1.257 6
0552 pf 32 -0.273 0.981 1.018 7
0552 pf 33 -0.464 2.110 2.161 7
0552 pf 34 -1.884 1.625 2.488 8
0552 pf 35 0.828 1.023 1.316 6
0552 pf 36 0.411 2.158 2.197 6
0552 pf 37 -1.267 0.549 1.381 8
0552 pf 38 0.003 2.669 2.669 6
0552 pf 39 -1.702 -0.118 1.706 1
0552 pf 40 -0.243 1.764 1.781 7
0552 pf 41 -0.267 0.067 0.275 8
0552 pf 42 -0.829 1.637 1.835 7
0552 pf 43 0.542 0.455 0.708 5
0552 pf 44 -0.966 0.152 0.978 8
0552 pf 45 0.161 -0.506 0.531 3
0552 pf 46 -0.629 0.679 0.926 7
0552 pf 47 1.188 1.108 1.625 5
0552 pf 48 -0.268 2.012 2.030 7
0552 pf 49 -0.177 1.705 1.715 7
0552 pf 50 -1.551 -0.566 1.651 1
0576 em 00 -0.548 1.055 1.189 7
0576 cf 00 -1.122 0.653 1.298 8
0576 pf 01 -0.497 0.606 0.784 7
0576 pf 02 -0.811 1.381 1.602 7
0576 pf 03 -1.910 0.770 2.059 8
0576 pf 04 1.043 0.844 1.341 5
0576 pf 05 -0.465 0.618 0.773 7
0576 pf 06 -0.557 1.937 2.015 7
0576 pf 07 -1.273 2.742 3.023 7
0576 pf 08 -1.965 -0.292 1.986 1
0576 pf 09 0.456 0.902 1.011 6
0576 pf 10 -1.293 2.585 2.890 7
0576 pf 11 -1.091 1.203 1.624 7
0576 pf 12 -0.569 -0.091 0.576 1
0576 pf 13 0.762 0.798 1.103 6
0576 pf 14 -0.971 0.439 1.066 8
0576 pf 15 -1.993 2.434 3.146 7
0576 pf 16 -0.992 -0.243 1.021 1
0576 pf 17 0.084 0.504 0.511 6
0576 pf 18 0.375 0.474 0.604 6
0576 pf 19 -0.306 1.158 1.198 7
0576 pf 20 -2.419 1.218 2.708 8
0576 pf 21 -0.220 0.674 0.709 7
0576 pf 22 0.373 0.919 0.992 6
0576 pf 23 0.223 1.784 1.798 6
0576 pf 24 -0.306 1.614 1.643 7
0576 pf 25 -1.749 1.987 2.647 7
0576 pf 26 1.139 2.198 2.475 6
0576 pf 27 -0.074 1.793 1.794 7
0576 pf 28 -0.247 1.482 1.502 7
0576 pf 29 -1.007 -0.810 1.292 1
0576 pf 30 -0.185 2.006 2.015 7
0576 pf 31 -0.289 1.306 1.338 7
0576 pf 32 0.105 1.049 1.054 6
0576 pf 33 -0.446 1.939 1.989 7
0576 pf 34 -1.848 1.205 2.207 8
0576 pf 35 0.423 1.331 1.397 6
0576 pf 36 -0.355 2.170 2.199 7
0576 pf 37 -1.370 0.814 1.594 8
0576 pf 38 -0.771 2.729 2.836 7
0576 pf 39 -1.338 -0.251 1.361 1
0576 pf 40 -0.348 1.907 1.939 7
0576 pf 41 -0.358 0.064 0.363 8
0576 pf 42 -0.858 1.574 1.793 7
0576 pf 43 0.214 0.605 0.641 6
0576 pf 44 -0.940 0.194 0.960 8
0576 pf 45 -0.125 -0.925 0.934 2
0576 pf 46 -0.088 0.626 0.632 7
0576 pf 47 1.128 1.056 1.546 5
0576 pf 48 -0.258 1.718 1.738 7
0576 pf 49 -0.621 1.158 1.314 7
0576 pf 50 -1.662 -0.830 1.858 1
0600 em 00 -0.663 0.865 1.090 7
0600 cf 00 -1.160 0.332 1.206 8
0600 pf 01 -0.741 0.322 0.808 8
0600 pf 02 -0.985 1.412 1.722 7
0600 pf 03 -1.542 1.055 1.868 8
0600 pf 04 0.921 0.912 1.296 5
0600 pf 05 -0.482 0.832 0.962 7
0600 pf 06 -1.218 1.576 1.992 7
0600 pf 07 -1.347 1.997 2.409 7
0600 pf 08 -1.753 -0.704 1.889 1
0600 pf 09 0.173 0.906 0.923 6
0600 pf 10 -1.706 2.170 2.761 7
0600 pf 11 -1.336 0.655 1.488 8
0600 pf 12 -0.634 -0.205 0.666 1
0600 pf 13 0.508 0.668 0.839 6
0600 pf 14 -1.080 0.430 1.163 8
0600 pf 15 -2.070 2.101 2.950 7
0600 pf 16 -0.785 -0.251 0.824 1
0600 pf 17 0.313 0.233 0.390 5
0600 pf 18 0.213 0.750 0.780 6
0600 pf 19 -0.433 1.060 1.145 7
0600 pf 20 -2.008 0.829 2.173 8
0600 pf 21 -0.444 0.363 0.574 8
0600 pf 22 0.232 0.914 0.943 6
0600 pf 23 0.570 1.657 1.753 6
0600 pf 24 -0.241 0.909 0.941 7
0600 pf 25 -1.448 1.494 2.081 7
0600 pf 26 0.893 2.341 2.505 6
0600 pf 27 -0.434 1.843 1.894 7
0600 pf 28 -0.532 1.309 1.413 7
0600 pf 29 -1.518 -1.030 1.835 1
0600 pf 30 -0.754 1.602 1.771 7
0600 pf 31 -0.934 1.229 1.544 7
0600 pf 32 0.292 1.072 1.111 6
0600 pf 33 -0.583 1.327 1.450 7
0600 pf 34 -1.634 0.521 1.715 8
0600 pf 35 -0.006 1.576 1.576 7
0600 pf 36 -0.708 2.439 2.540 7
0600 pf 37 -1.423 0.440 1.489 8
0600 pf 38 -1.289 2.863 3.140 7
0600 pf 39 -1.222 -0.635 1.377 1
0600 pf 40 -0.929 1.820 2.043 7
0600 pf 41 -0.369 -0.309 0.481 1
0600 pf 42 -1.188 1.300 1.761 7
0600 pf 43 0.274 0.583 0.644 6
0600 pf 44 -0.998 0.149 1.009 8
0600 pf 45 -0.379 -1.192 1.251 2
0600 pf 46 0.493 0.840 0.974 6
0600 pf 47 0.729 0.932 1.183 6
0600 pf 48 -0.120 1.254 1.260 7
0600 pf 49 -0.700 0.666 0.967 8
0600 pf 50 -1.945 -1.283 2.330 1
0624 em 00 -0.687 0.650 0.946 8
0624 cf 00 -0.938 0.104 0.943 8
0624 pf 01 -1.035 -0.087 1.039 1
0624 pf 02 -1.214 1.102 1.639 8
0624 pf 03 -1.101 1.095 1.553 8
0624 pf 04 0.991 0.933 1.361 5
0624 pf 05 -0.111 1.427 1.431 7
0624 pf 06 -1.831 1.058 2.114 8
0624 pf 07 -1.049 1.305 1.674 7
0624 pf 08 -1.484 -0.530 1.576 1
0624 pf 09 -0.224 0.803 0.834 7
0624 pf 10 -1.802 1.743 2.507 8
0624 pf 11 -1.290 0.265 1.317 8
0624 pf 12 -0.634 -0.295 0.699 1
0624 pf 13 0.545 0.648 0.847 6
0624 pf 14 -1.175 0.014 1.175 8
0624 pf 15 -2.148 1.552 2.650 8
0624 pf 16 -0.638 -0.379 0.742 1
0624 pf 17 0.676 0.181 0.700 5
0624 pf 18 0.192 0.897 0.918 6
0624 pf 19 -0.588 0.704 0.917 7
0624 pf 20 -1.315 0.279 1.345 8
0624 pf 21 -0.485 0.104 0.496 8
0624 pf 22 0.081 0.887 0.890 6
0624 pf 23 0.277 1.746 1.768 6
0624 pf 24 -0.046 0.589 0.591 7
0624 pf 25 -1.176 1.039 1.569 8
0624 pf 26 0.796 2.136 2.280 6
0624 pf 27 -1.027 1.512 1.827 7
0624 pf 28 -0.949 0.753 1.211 8
0624 pf 29 -1.471 -1.087 1.829 1
0624 pf 30 -1.048 1.172 1.572 7
0624 pf 31 -1.122 1.093 1.566 8
0624 pf 32 0.387 0.602 0.716 6
0624 pf 33 -0.292 1.061 1.100 7
0624 pf 34 -1.493 0.165 1.502 8
0624 pf 35 -0.505 1.073 1.186 7
0624 pf 36 -0.913 2.445 2.610 7
0624 pf 37 -1.049 0.284 1.087 8
0624 pf 38 -1.456 2.662 3.034 7
0624 pf 39 -1.105 -0.961 1.465 1
0624 pf 40 -1.216 1.732 2.116 7
0624 pf 41 -0.289 -0.563 0.633 2
0624 pf 42 -1.504 1.188 1.917 8
0624 pf 43 0.419 0.314 0.524 5
0624 pf 44 -0.926 0.217 0.951 8
0624 pf 45 -0.336 -1.372 1.412 2
0624 pf 46 0.418 0.883 0.977 6
0624 pf 47 0.280 0.919 0.960 6
0624 pf 48 -0.148 0.711 0.726 7
0624 pf 49 -0.952 0.465 1.060 8
0624 pf 50 -1.798 -1.426 2.295 1
0648 em 00 -0.670 0.476 0.822 8
0648 cf 00 -0.693 -0.028 0.693 1
0648 pf 01 -0.972 -0.160 0.986 1
0648 pf 02 -1.405 1.155 1.819 8
0648 pf 03 -1.063 1.093 1.525 7
0648 pf 04 0.695 0.967 1.191 6
0648 pf 05 -0.223 1.922 1.935 7
0648 pf 06 -2.291 0.647 2.381 8
0648 pf 07 -1.226 0.771 1.448 8
0648 pf 08 -1.251 -0.605 1.390 1
0648 pf 09 -0.501 0.746 0.899 7
0648 pf 10 -1.736 1.535 2.317 8
0648 pf 11 -1.130 -0.029 1.131 1
0648 pf 12 -0.551 -0.541 0.772 1
0648 pf 13 0.604 0.682 0.911 6
0648 pf 14 -1.441 -0.572 1.550 1
0648 pf 15 -1.964 1.062 2.233 8
0648 pf 16 -0.512 -0.185 0.544 1
0648 pf 17 1.190 0.345 1.239 5
0648 pf 18 0.005 1.018 1.018 6
0648 pf 19 -0.806 0.256 0.846 8
0648 pf 20 -1.153 -0.584 1.293 1
0648 pf 21 -0.593 -0.203 0.627 1
0648 pf 22 0.182 0.877 0.896 6
0648 pf 23 0.094 1.914 1.917 6
0648 pf 24 -0.027 0.264 0.266 7
0648 pf 25 -1.237 0.607 1.378 8
0648 pf 26 0.570 2.056 2.133 6
0648 pf 27 -1.354 1.264 1.853 8
0648 pf 28 -0.937 0.605 1.116 8
0648 pf 29 -1.258 -1.020 1.620 1
0648 pf 30 -0.866 0.615 1.062 8
0648 pf 31 -0.851 1.161 1.440 7
0648 pf 32 0.478 0.512 0.701 6
0648 pf 33 0.265 0.974 1.009 6
0648 pf 34 -1.064 -0.034 1.065 1
0648 pf 35 -0.769 0.537 0.938 8
0648 pf 36 -0.995 2.558 2.745 7
0648 pf 37 -0.631 0.261 0.682 8
0648 pf 38 -1.525 2.327 2.783 7
0648 pf 39 -1.306 -1.354 1.881 2
0648 pf 40 -1.334 1.224 1.810 8
0648 pf 41 -0.335 -1.147 1.195 2
0648 pf 42 -1.543 1.163 1.932 8
0648 pf 43 0.218 0.215 0.306 5
0648 pf 44 -0.828 -0.006 0.828 1
0648 pf 45 0.018 -1.305 1.305 3
0648 pf 46 0.185 0.887 0.906 6
0648 pf 47 0.331 0.661 0.739 6
0648 pf 48 -0.130 0.786 0.796 7
0648 pf 49 -0.862 0.124 0.871 8
0648 pf 50 -1.497 -1.646 2.225 2
0672 em 00 -0.654 0.307 0.722 8
0672 cf 00 -0.423 -0.257 0.495 1
0672 pf 01 -0.528 -0.064 0.532 1
0672 pf 02 -1.603 0.992 1.885 8
0672 pf 03 -1.135 1.004 1.516 8
0672 pf 04 0.221 1.326 1.344 6
0672 pf 05 -0.717 2.299 2.408 7
0672 pf 06 -2.338 0.153 2.343 8
0672 pf 07 -0.842 0.401 0.933 8
0672 pf 08 -0.889 -0.475 1.008 1
0672 pf 09 -0.811 0.649 1.038 8
0672 pf 10 -1.291 1.300 1.832 7
0672 pf 11 -1.185 -0.656 1.354 1
0672 pf 12 -0.382 -0.816 0.901 2
0672 pf 13 0.820 0.459 0.939 5
0672 pf 14 -1.278 -0.987 1.615 1
0672 pf 15 -1.968 0.916 2.171 8
0672 pf 16 -0.437 -0.162 0.466 1
0672 pf 17 1.320 0.439 1.391 5
0672 pf 18 -0.271 0.821 0.865 7
0672 pf 19 -1.022 0.016 1.022 8
0672 pf 20 -1.019 -1.355 1.695 2
0672 pf 21 -1.021 -0.260 1.054 1
0672 pf 22 0.241 0.836 0.870 6
0672 pf 23 0.138 2.101 2.105 6
0672 pf 24 -0.001 0.301 0.301 7
0672 pf 25 -1.399 0.400 1.455 8
0672 pf 26 0.580 2.145 2.222 6
0672 pf 27 -1.701 0.798 1.879 8
0672 pf 28 -1.108 0.481 1.208 8
0672 pf 29 -1.447 -1.190 1.874 1
0672 pf 30 -0.707 0.169 0.727 8
0672 pf 31 -1.077 0.937 1.428 8
0672 pf 32 0.349 0.191 0.398 5
0672 pf 33 0.174 0.609 0.633 6
0672 pf 34 -1.026 -0.227 1.051 1
0672 pf 35 -0.992 0.160 1.005 8
0672 pf 36 -1.429 2.551 2.924 7
0672 pf 37 -0.579 0.173 0.604 8
0672 pf 38 -1.342 2.232 2.604 7
0672 pf 39 -1.515 -1.630 2.226 2
0672 pf 40 -1.291 0.700 1.468 8
0672 pf 41 -0.019 -1.249 1.249 2
0672 pf 42 -1.775 1.111 2.094 8
0672 pf 43 0.230 0.240 0.333 6
0672 pf 44 -0.905 -0.191 0.925 1
0672 pf 45 0.483 -1.150 1.247 3
0672 pf 46 0.037 0.847 0.848 6
0672 pf 47 0.891 0.163 0.905 5
0672 pf 48 -0.003 0.567 0.567 7
0672 pf 49 -0.392 -0.073 0.399 1
0672 pf 50 -0.997 -1.790 2.049 2
0696 em 00 -0.622 0.171 0.645 8
0696 cf 00 -0.292 -0.310 0.426 2
0696 pf 01 -0.683 0.015 0.683 8
0696 pf 02 -1.590 1.038 1.899 8
0696 pf 03 -1.152 1.102 1.594 8
0696 pf 04 -0.343 1.397 1.438 7
0696 pf 05 -0.911 2.322 2.495 7
0696 pf 06 -2.128 -0.369 2.160 1
0696 pf 07 -0.773 0.008 0.773 8
0696 pf 08 -0.447 -0.277 0.526 1
0696 pf 09 -0.981 0.192 0.999 8
0696 pf 10 -1.415 1.072 1.775 8
0696 pf 11 -1.002 -0.803 1.284 1
0696 pf 12 -0.619 -0.923 1.112 2
0696 pf 13 0.659 0.450 0.798 5
0696 pf 14 -1.057 -1.355 1.718 2
0696 pf 15 -2.088 0.955 2.296 8
0696 pf 16 -0.185 -0.158 0.243 1
0696 pf 17 0.981 0.233 1.009 5
0696 pf 18 -0.619 0.527 0.813 8
0696 pf 19 -1.075 -0.261 1.107 1
0696 pf 20 -0.528 -1.689 1.770 2
0696 pf 21 -1.268 -0.475 1.354 1
0696 pf 22 -0.059 0.736 0.739 7
0696 pf 23 0.155 1.581 1.588 6
0696 pf 24 0.271 -0.116 0.295 4
0696 pf 25 -1.322 0.186 1.335 8
0696 pf 26 0.686 2.232 2.335 6
0696 pf 27 -1.690 0.416 1.741 8
0696 pf 28 -1.329 0.262 1.355 8
0696 pf 29 -1.528 -1.597 2.211 2
0696 pf 30 -0.409 0.045 0.411 8
0696 pf 31 -0.933 0.370 1.004 8
0696 pf 32 -0.091 -0.191 0.212 2
0696 pf 33 -0.236 0.639 0.681 7
0696 pf 34 -1.043 -0.342 1.098 1
0696 pf 35 -1.149 0.018 1.149 8
0696 pf 36 -1.344 2.726 3.039 7
0696 pf 37 -0.698 0.116 0.707 8
0696 pf 38 -0.940 2.065 2.269 7
0696 pf 39 -1.296 -1.616 2.072 2
0696 pf 40 -1.057 0.195 1.075 8
0696 pf 41 0.151 -1.426 1.434 3
0696 pf 42 -1.694 1.176 2.063 8
0696 pf 43 0.497 0.259 0.561 5
0696 pf 44 -0.897 -0.336 0.957 1
0696 pf 45 0.639 -0.803 1.026 3
0696 pf 46 0.144 1.197 1.206 6
0696 pf 47 1.338 -0.155 1.347 4
0696 pf 48 0.194 0.479 0.516 6
0696 pf 49 -0.055 -0.086 0.102 2
0696 pf 50 -0.568 -1.680 1.774 2
0720 em 00 -0.570 0.083 0.576 8
0720 cf 00 -0.271 -0.347 0.440 2
0720 pf 01 -0.751 0.169 0.770 8
0720 pf 02 -1.384 0.811 1.604 8
0720 pf 03 -1.281 1.353 1.863 7
0720 pf 04 -0.457 1.519 1.586 7
0720 pf 05 -1.137 2.035 2.331 7
0720 pf 06 -1.789 -0.629 1.896 1
0720 pf 07 -0.492 -0.332 0.594 1
0720 pf 08 0.049 0.015 0.051 5
0720 pf 09 -0.925 -0.016 0.925 1
0720 pf 10 -1.385 0.742 1.571 8
0720 pf 11 -0.711 -0.882 1.133 2
0720 pf 12 -0.772 -0.869 1.163 2
0720 pf 13 0.477 0.740 0.880 6
0720 pf 14 -0.851 -1.746 1.942 2
0720 pf 15 -1.838 0.774 1.994 8
0720 pf 16 -0.253 -0.316 0.405 2
0720 pf 17 0.672 0.377 0.770 5
0720 pf 18 -0.773 0.099 0.780 8
0720 pf 19 -0.959 -0.362 1.025 1
0720 pf 20 0.055 -1.666 1.667 3
0720 pf 21 -1.162 -0.521 1.273 1
0720 pf 22 -0.430 0.572 0.715 7
0720 pf 23 -0.238 1.350 1.371 7
0720 pf 24 0.650 -0.122 0.661 4
0720 pf 25 -0.905 -0.420 0.998 1
0720 pf 26 0.294 2.557 2.574 6
0720 pf 27 -1.490 0.157 1.499 8
0720 pf 28 -1.269 -0.179 1.281 1
0720 pf 29 -0.849 -1.720 1.918 2
0720 pf 30 -0.509 0.088 0.516 8
0720 pf 31 -1.025 -0.179 1.040 1
0720 pf 32 -0.776 -0.424 0.884 1
0720 pf 33 -0.660 0.792 1.031 7
0720 pf 34 -0.974 -0.146 0.985 1
0720 pf 35 -0.929 -0.100 0.934 1
0720 pf 36 -1.360 2.692 3.016 7
0720 pf 37 -0.733 0.288 0.788 8
0720 pf 38 -0.697 2.065 2.180 7
0720 pf 39 -0.843 -1.677 1.877 2
0720 pf 40 -0.855 -0.244 0.889 1
0720 pf 41 0.407 -1.589 1.640 3
0720 pf 42 -1.507 1.011 1.815 8
0720 pf 43 0.400 0.010 0.400 5
0720 pf 44 -0.658 -0.645 0.921 1
0720 pf 45 0.417 -0.457 0.618 3
0720 pf 46 -0.067 1.395 1.397 7
0720 pf 47 1.368 -0.437 1.436 4
0720 pf 48 0.514 0.611 0.799 6
0720 pf 49 0.047 0.153 0.160 6
0720 pf 50 -0.421 -1.772 1.821 2
0744 em 00 -0.532 0.007 0.532 8
0744 cf 00 0.066 -0.244 0.253 3
0744 pf 01 -0.670 -0.057 0.673 1
0744 pf 02 -0.969 0.649 1.167 8
0744 pf 03 -1.152 1.600 1.972 7
0744 pf 04 -0.742 1.717 1.871 7
0744 pf 05 -1.327 1.420 1.944 7
0744 pf 06 -1.417 -0.544 1.518 1
0744 pf 07 0.065 -0.144 0.158 3
0744 pf 08 0.327 0.365 0.490 6
0744 pf 09 -0.867 0.053 0.868 8
0744 pf 10 -1.163 0.602 1.310 8
0744 pf 11 -0.574 -0.952 1.111 2
0744 pf 12 -0.614 -0.819 1.024 2
0744 pf 13 0.332 0.733 0.804 6
0744 pf 14 -0.656 -1.711 1.833 2
0744 pf 15 -1.659 0.350 1.695 8
0744 pf 16 -0.202 -0.499 0.538 2
0744 pf 17 0.282 0.528 0.598 6
0744 pf 18 -1.029 -0.540 1.162 1
0744 pf 19 -0.610 -0.407 0.734 1
0744 pf 20 0.195 -1.719 1.730 3
0744 pf 21 -0.905 -0.410 0.994 1
0744 pf 22 -0.523 0.480 0.710 8
0744 pf 23 -0.946 0.785 1.229 8
0744 pf 24 0.811 -0.152 0.825 4
0744 pf 25 -0.954 -0.829 1.264 1
0744 pf 26 -0.035 2.844 2.844 7
0744 pf 27 -1.281 0.007 1.281 8
0744 pf 28 -0.867 -0.535 1.019 1
0744 pf 29 -0.694 -1.877 2.001 2
0744 pf 30 -0.738 0.100 0.745 8
0744 pf 31 -0.735 -0.328 0.805 1
0744 pf 32 -0.811 -0.463 0.934 1
0744 pf 33 -0.430 0.658 0.786 7
0744 pf 34 -1.246 0.015 1.246 8
0744 pf 35 -1.027 -0.635 1.207 1
0744 pf 36 -1.372 2.680 3.011 7
0744 pf 37 -0.777 0.307 0.836 8
0744 pf 38 -0.556 1.906 1.985 7
0744 pf 39 -0.806 -1.852 2.020 2
0744 pf 40 -0.388 -0.288 0.483 1
0744 pf 41 0.477 -1.911 1.969 3
0744 pf 42 -1.641 0.810 1.830 8
0744 pf 43 0.178 -0.034 0.182 4
0744 pf 44 -0.624 -0.851 1.055 2
0744 pf 45 0.300 -0.365 0.473 3
0744 pf 46 -0.631 1.592 1.713 7
0744 pf 47 1.436 -0.364 1.481 4
0744 pf 48 0.629 0.807 1.023 6
0744 pf 49 -0.121 0.156 0.197 7
0744 pf 50 -0.467 -1.930 1.986 2
0768 em 00 -0.481 -0.059 0.485 1
0768 cf 00 0.331 -0.110 0.349 4
0768 pf 01 -0.369 -0.324 0.492 1
0768 pf 02 -0.386 0.131 0.408 8
0768 pf 03 -1.403 1.613 2.138 7
0768 pf 04 -1.080 1.767 2.070 7
0768 pf 05 -1.531 0.959 1.806 8
0768 pf 06 -0.799 -0.314 0.859 1
0768 pf 07 0.044 -0.223 0.227 3
0768 pf 08 0.543 0.769 0.941 6
0768 pf 09 -0.697 -0.022 0.698 1
0768 pf 10 -1.129 0.308 1.171 8
0768 pf 11 -0.395 -0.754 0.851 2
0768 pf 12 -0.657 -0.849 1.074 2
0768 pf 13 0.423 0.572 0.711 6
0768 pf 14 -0.519 -1.590 1.673 2
0768 pf 15 -1.844 0.008 1.844 8
0768 pf 16 -0.026 -0.321 0.322 2
0768 pf 17 0.165 1.050 1.063 6
0768 pf 18 -1.029 -0.761 1.279 1
0768 pf 19 -0.161 -0.449 0.477 2
0768 pf 20 0.415 -1.440 1.499 3
0768 pf 21 -0.546 -0.198 0.581 1
0768 pf 22 -0.870 0.557 1.033 8
0768 pf 23 -1.126 0.397 1.194 8
0768 pf 24 0.853 0.154 0.867 5
0768 pf 25 -1.240 -0.911 1.539 1
0768 pf 26 -0.428 2.482 2.519 7
0768 pf 27 -1.224 -0.424 1.295 1
0768 pf 28 -0.309 -0.737 0.799 2
0768 pf 29 -0.764 -1.992 2.134 2
0768 pf 30 -0.443 -0.142 0.465 1
0768 pf 31 -0.520 -0.627 0.815 2
0768 pf 32 -0.737 -0.371 0.825 1
0768 pf 33 0.341 0.307 0.459 5
0768 pf 34 -1.232 0.310 1.270 8
0768 pf 35 -1.200 -1.024 1.578 1
0768 pf 36 -1.369 2.443 2.800 7
0768 pf 37 -0.569 0.122 0.582 8
0768 pf 38 -0.754 1.533 1.709 7
0768 pf 39 -0.716 -2.035 2.157 2
0768 pf 40 -0.158 -0.505 0.529 2
0768 pf 41 0.698 -1.864 1.991 3
0768 pf 42 -1.630 0.574 1.728 8
0768 pf 43 -0.047 -0.116 0.125 2
0768 pf 44 -0.895 -0.997 1.339 2
0768 pf 45 0.004 -0.254 0.254 3
0768 pf 46 -1.176 1.744 2.103 7
0768 pf 47 1.527 -0.336 1.563 4
0768 pf 48 0.531 1.038 1.165 6
0768 pf 49 -0.182 0.091 0.204 8
0768 pf 50 -0.326 -1.975 2.002 2
0792 em 00 -0.439 -0.131 0.458 1
0792 cf 00 0.405 0.043 0.407 5
0792 pf 01 -0.349 -0.478 0.591 2
0792 pf 02 -0.128 0.140 0.190 7
0792 pf 03 -1.269 1.219 1.759 8
0792 pf 04 -1.112 1.702 2.034 7
0792 pf 05 -1.502 0.711 1.662 8
0792 pf 06 -0.225 -0.027 0.227 1
0792 pf 07 0.003 -0.404 0.404 3
0792 pf 08 0.564 1.393 1.503 6
0792 pf 09 -0.733 -0.654 0.983 1
0792 pf 10 -1.107 0.072 1.109 8
0792 pf 11 -0.198 -0.475 0.514 2
0792 pf 12 -0.519 -1.194 1.302 2
0792 pf 13 0.467 0.635 0.788 6
0792 pf 14 -0.540 -1.616 1.704 2
0792 pf 15 -1.803 -0.079 1.805 1
0792 pf 16 0.323 -0.400 0.514 3
0792 pf 17 -0.087 1.553 1.556 7
0792 pf 18 -0.778 -0.999 1.266 2
0792 pf 19 -0.395 -0.830 0.920 2
0792 pf 20 0.664 -1.318 1.476 3
0792 pf 21 -0.283 -0.191 0.342 1
0792 pf 22 -0.965 0.275 1.003 8
0792 pf 23 -0.924 -0.257 0.959 1
0792 pf 24 1.096 0.270 1.129 5
0792 pf 25 -1.324 -1.198 1.785 1
0792 pf 26 -0.753 1.948 2.089 7
0792 pf 27 -1.077 -0.441 1.164 1
0792 pf 28 0.387 -0.657 0.763 3
0792 pf 29 -1.005 -1.930 2.176 2
0792 pf 30 -0.033 -0.228 0.230 2
0792 pf 31 -0.651 -0.885 1.099 2
0792 pf 32 -0.528 -0.648 0.836 2
0792 pf 33 0.601 0.288 0.666 5
0792 pf 34 -1.208 0.464 1.294 8
0792 pf 35 -1.077 -1.242 1.644 2
0792 pf 36 -1.725 2.535 3.066 7
0792 pf 37 -0.350 0.277 0.446 8
0792 pf 38 -1.100 1.002 1.488 8
0792 pf 39 -0.702 -2.075 2.190 2
0792 pf 40 -0.157 -0.419 0.447 2
0792 pf 41 1.072 -1.649 1.967 3
0792 pf 42 -1.672 0.608 1.779 8
0792 pf 43 0.271 -0.241 0.362 4
0792 pf 44 -1.162 -1.013 1.542 1
0792 pf 45 -0.406 -0.355 0.540 1
0792 pf 46 -1.522 1.280 1.989 8
0792 pf 47 1.424 -0.429 1.487 4
0792 pf 48 0.037 1.147 1.147 6
0792 pf 49 -0.149 0.181 0.235 7
0792 pf 50 -0.232 -1.851 1.865 2
0816 em 00 -0.368 -0.188 0.414 1
0816 cf 00 0.521 0.192 0.555 5
0816 pf 01 -0.401 -0.902 0.987 2
0816 pf 02 -0.252 0.186 0.313 8
0816 pf 03 -1.034 1.237 1.612 7
0816 pf 04 -0.967 1.796 2.040 7
0816 pf 05 -1.509 0.671 1.652 8
0816 pf 06 0.486 0.461 0.670 5
0816 pf 07 -0.323 -0.436 0.542 2
0816 pf 08 0.398 1.648 1.695 6
0816 pf 09 -0.706 -0.716 1.005 2
0816 pf 10 -1.104 -0.042 1.105 1
0816 pf 11 -0.048 -0.263 0.267 2
0816 pf 12 -0.400 -1.304 1.364 2
0816 pf 13 0.458 0.753 0.882 6
0816 pf 14 -0.209 -1.723 1.736 2
0816 pf 15 -1.748 -0.259 1.767 1
0816 pf 16 0.287 -0.524 0.597 3
0816 pf 17 -0.302 1.465 1.495 7
0816 pf 18 -0.452 -1.216 1.298 2
0816 pf 19 -0.350 -0.998 1.058 2
0816 pf 20 0.987 -0.883 1.324 4
0816 pf 21 -0.480 -0.530 0.715 2
0816 pf 22 -1.181 0.116 1.187 8
0816 pf 23 -0.658 -0.498 0.825 1
0816 pf 24 1.294 0.358 1.343 5
0816 pf 25 -1.274 -1.699 2.124 2
0816 pf 26 -1.113 1.519 1.883 7
0816 pf 27 -0.959 -0.632 1.149 1
0816 pf 28 1.052 -0.397 1.124 4
0816 pf 29 -0.757 -1.957 2.098 2
0816 pf 30 0.694 -0.308 0.760 4
0816 pf 31 -0.627 -1.104 1.270 2
0816 pf 32 -0.182 -0.799 0.819 2
0816 pf 33 0.558 0.369 0.670 5
0816 pf 34 -1.586 0.595 1.694 8
0816 pf 35 -0.565 -1.428 1.535 2
0816 pf 36 -1.781 2.228 2.852 7
0816 pf 37 -0.623 0.302 0.693 8
0816 pf 38 -1.116 0.760 1.351 8
0816 pf 39 -0.123 -1.995 1.999 2
0816 pf 40 -0.371 -0.510 0.630 2
0816 pf 41 1.354 -1.546 2.055 3
0816 pf 42 -1.348 0.695 1.516 8
0816 pf 43 0.214 -0.523 0.565 3
0816 pf 44 -0.944 -1.095 1.445 2
0816 pf 45 -0.429 -0.449 0.621 2
0816 pf 46 -1.731 0.563 1.820 8
0816 pf 47 1.275 -0.126 1.281 4
0816 pf 48 -0.494 1.071 1.179 7
0816 pf 49 -0.212 0.082 0.227 8
0816 pf 50 -0.085 -1.572 1.574 2
0840 em 00 -0.302 -0.196 0.361 1
0840 cf 00 0.407 0.484 0.632 6
0840 pf 01 -0.259 -1.025 1.057 2
0840 pf 02 -0.388 0.111 0.404 8
0840 pf 03 -0.440 1.100 1.185 7
0840 pf 04 -0.841 1.866 2.047 7
0840 pf 05 -1.587 0.416 1.641 8
0840 pf 06 0.879 0.952 1.296 6
0840 pf 07 -0.286 -0.489 0.567 2
0840 pf 08 -0.023 1.724 1.724 7
0840 pf 09 -0.696 -0.522 0.871 1
0840 pf 10 -1.284 -0.156 1.293 1
0840 pf 11 0.182 -0.434 0.471 3
0840 pf 12 -0.431 -0.962 1.054 2
0840 pf 13 0.257 0.731 0.775 6
0840 pf 14 -0.329 -1.805 1.835 2
0840 pf 15 -1.696 -0.151 1.703 1
0840 pf 16 0.139 -0.597 0.613 3
0840 pf 17 -0.565 1.163 1.293 7
0840 pf 18 -0.165 -0.863 0.878 2
0840 pf 19 -0.587 -0.971 1.135 2
0840 pf 20 1.216 -0.340 1.263 4
0840 pf 21 -0.641 -0.790 1.017 2
0840 pf 22 -1.002 -0.237 1.029 1
0840 pf 23 -0.681 -0.678 0.961 1
0840 pf 24 1.509 0.578 1.616 5
0840 pf 25 -0.829 -2.044 2.206 2
0840 pf 26 -1.435 1.231 1.891 8
0840 pf 27 -0.999 -1.038 1.440 2
0840 pf 28 1.578 0.075 1.580 5
0840 pf 29 -0.763 -1.790 1.945 2
0840 pf 30 1.070 -0.511 1.186 4
0840 pf 31 -0.632 -1.310 1.454 2
0840 pf 32 -0.013 -1.093 1.093 2
0840 pf 33 0.525 0.519 0.739 5
0840 pf 34 -1.902 0.473 1.960 8
0840 pf 35 -0.316 -1.213 1.253 2
0840 pf 36 -1.616 2.123 2.668 7
0840 pf 37 -0.515 0.329 0.611 8
0840 pf 38 -0.553 0.584 0.804 7
0840 pf 39 0.355 -2.215 2.244 3
0840 pf 40 -0.386 -0.470 0.608 2
0840 pf 41 1.659 -1.360 2.145 4
0840 pf 42 -1.216 0.973 1.558 8
0840 pf 43 0.303 -0.645 0.712 3
0840 pf 44 -0.741 -1.300 1.497 2
0840 pf 45 -0.520 -0.250 0.577 1
0840 pf 46 -1.816 -0.014 1.816 1
0840 pf 47 1.242 0.314 1.281 5
0840 pf 48 -0.841 1.033 1.332 7
0840 pf 49 -0.068 0.049 0.083 8
0840 pf 50 0.018 -1.245 1.245 3
0864 em 00 -0.244 -0.196 0.313 1
0864 cf 00 0.222 0.569 0.610 6
0864 pf 01 -0.029 -0.807 0.807 2
0864 pf 02 -0.695 -0.073 0.698 1
0864 pf 03 -0.353 0.797 0.872 7
0864 pf 04 -0.778 1.725 1.892 7
0864 pf 05 -1.584 -0.017 1.584 1
0864 pf 06 0.922 1.469 1.735 6
0864 pf 07 -0.111 -0.377 0.393 2
0864 pf 08 -0.227 1.535 1.552 7
0864 pf 09 -0.426 -0.436 0.609 2
0864 pf 10 -1.374 -0.347 1.417 1
0864 pf 11 0.249 -0.362 0.439 3
0864 pf 12 -0.473 -0.768 0.902 2
0864 pf 13 -0.205 0.617 0.650 7
0864 pf 14 -0.241 -1.508 1.528 2
0864 pf 15 -1.638 -0.150 1.644 1
0864 pf 16 -0.009 -0.623 0.623 2
0864 pf 17 -0.766 0.580 0.960 8
0864 pf 18 -0.283 -0.640 0.700 2
0864 pf 19 -0.726 -1.024 1.256 2
0864 pf 20 1.165 0.042 1.166 5
0864 pf 21 -0.822 -0.779 1.133 1
0864 pf 22 -0.937 -0.560 1.091 1
0864 pf 23 -0.423 -0.794 0.900 2
0864 pf 24 1.612 1.210 2.016 5
0864 pf 25 -0.496 -2.206 2.261 2
0864 pf 26 -1.348 1.043 1.705 8
0864 pf 27 -0.820 -1.499 1.708 2
0864 pf 28 1.549 0.743 1.718 5
0864 pf 29 -0.739 -1.846 1.988 2
0864 pf 30 1.177 -0.340 1.225 4
0864 pf 31 -0.354 -1.241 1.290 2
0864 pf 32 0.321 -0.995 1.046 3
0864 pf 33 0.634 0.460 0.784 5
0864 pf 34 -2.152 0.484 2.206 8
0864 pf 35 0.036 -1.220 1.221 3
0864 pf 36 -1.632 2.129 2.682 7
0864 pf 37 -0.309 0.327 0.450 7
0864 pf 38 -0.284 0.545 0.614 7
0864 pf 39 0.595 -2.101 2.184 3
0864 pf 40 -0.314 -0.561 0.643 2
0864 pf 41 1.695 -1.344 2.163 4
0864 pf 42 -1.288 0.730 1.481 8
0864 pf 43 0.283 -0.708 0.762 3
0864 pf 44 -0.163 -1.202 1.212 2
0864 pf 45 -0.478 -0.182 0.511 1
0864 pf 46 -1.603 -0.122 1.608 1
0864 pf 47 1.243 0.382 1.301 5
0864 pf 48 -0.693 0.888 1.126 7
0864 pf 49 0.031 -0.305 0.306 3
0864 pf 50 0.198 -0.761 0.786 3
0888 em 00 -0.206 -0.141 0.250 1
0888 cf 00 0.104 0.290 0.308 6
0888 pf 01 0.249 -0.676 0.720 3
0888 pf 02 -0.842 -0.083 0.846 1
0888 pf 03 -0.319 1.169 1.211 7
0888 pf 04 -0.912 1.338 1.619 7
0888 pf 05 -1.482 -0.294 1.511 1
0888 pf 06 0.346 1.494 1.534 6
0888 pf 07 0.076 -0.374 0.382 3
0888 pf 08 -0.645 1.484 1.618 7
0888 pf 09 -0.172 -0.154 0.231 1
0888 pf 10 -1.325 -0.484 1.410 1
0888 pf 11 0.408 -0.197 0.453 4
0888 pf 12 -0.367 -0.681 0.774 2
0888 pf 13 -0.268 0.409 0.489 7
0888 pf 14 -0.127 -1.343 1.349 2
0888 pf 15 -1.709 -0.209 1.722 1
0888 pf 16 -0.202 -0.705 0.734 2
0888 pf 17 -0.813 0.103 0.820 8
0888 pf 18 -0.598 -0.594 0.843 1
0888 pf 19 -0.551 -0.770 0.947 2
0888 pf 20 1.266 0.033 1.266 5
0888 pf 21 -0.762 -0.680 1.021 1
0888 pf 22 -0.733 -0.727 1.032 1
0888 pf 23 -0.046 -0.728 0.730 2
0888 pf 24 1.438 1.649 2.188 6
0888 pf 25 -0.276 -1.952 1.971 2
0888 pf 26 -1.251 0.865 1.521 8
0888 pf 27 -0.617 -1.492 1.615 2
0888 pf 28 1.027 1.116 1.516 6
0888 pf 29 -0.898 -1.866 2.071 2
0888 pf 30 1.273 -0.017 1.273 4
0888 pf 31 -0.558 -1.147 1.275 2
0888 pf 32 0.568 -0.978 1.131 3
0888 pf 33 0.490 0.649 0.813 6
0888 pf 34 -2.232 0.444 2.276 8
0888 pf 35 0.158 -1.126 1.137 3
0888 pf 36 -1.971 2.219 2.968 7
0888 pf 37 0.005 0.544 0.544 6
0888 pf 38 -0.012 0.419 0.419 7
0888 pf 39 0.566 -1.667 1.760 3
0888 pf 40 -0.171 -0.908 0.924 2
0888 pf 41 1.987 -1.016 2.231 4
0888 pf 42 -1.631 0.679 1.767 8
0888 pf 43 0.474 -0.365 0.598 4
0888 pf 44 0.048 -0.830 0.832 3
0888 pf 45 -0.362 -0.287 0.462 1
0888 pf 46 -1.128 -0.168 1.140 1
0888 pf 47 1.658 0.789 1.836 5
0888 pf 48 -0.765 0.478 0.902 8
0888 pf 49 0.338 -0.368 0.499 3
0888 pf 50 0.349 -0.216 0.410 4
0912 em 00 -0.202 -0.109 0.230 1
0912 cf 00 -0.049 0.188 0.194 7
0912 pf 01 0.235 -0.761 0.796 3
0912 pf 02 -0.710 -0.073 0.714 1
0912 pf 03 -0.506 1.224 1.325 7
0912 pf 04 -0.852 1.247 1.510 7
0912 pf 05 -1.272 -0.565 1.391 1
0912 pf 06 -0.173 1.451 1.461 7
0912 pf 07 0.207 -0.438 0.484 3
0912 pf 08 -0.786 1.532 1.722 7
0912 pf 09 -0.078 -0.058 0.097 1
0912 pf 10 -1.404 -0.732 1.584 1
0912 pf 11 0.326 -0.016 0.326 4
0912 pf 12 -0.595 -0.388 0.710 1
0912 pf 13 -0.646 0.319 0.721 8
0912 pf 14 0.039 -0.969 0.969 3
0912 pf 15 -1.723 -0.404 1.770 1
0912 pf 16 -0.148 -0.687 0.703 2
0912 pf 17 -0.966 -0.095 0.970 1
0912 pf 18 -0.244 -0.529 0.583 2
0912 pf 19 -0.125 -0.653 0.664 2
0912 pf 20 1.208 -0.032 1.208 4
0912 pf 21 -0.675 -0.513 0.848 1
0912 pf 22 -0.209 -0.985 1.007 2
0912 pf 23 0.400 -0.752 0.852 3
0912 pf 24 1.000 1.988 2.225 6
0912 pf 25 -0.189 -1.743 1.753 2
0912 pf 26 -1.073 0.971 1.447 8
0912 pf 27 -0.506 -1.416 1.504 2
0912 pf 28 0.722 1.075 1.294 6
0912 pf 29 -0.877 -1.870 2.065 2
0912 pf 30 1.413 -0.006 1.413 4
0912 pf 31 -0.638 -1.044 1.224 2
0912 pf 32 0.522 -0.954 1.088 3
0912 pf 33 -0.054 0.944 0.945 7
0912 pf 34 -2.035 0.417 2.077 8
0912 pf 35 -0.069 -0.552 0.556 2
0912 pf 36 -2.155 1.886 2.864 8
0912 pf 37 -0.403 0.712 0.818 7
0912 pf 38 0.283 0.541 0.611 6
0912 pf 39 0.580 -1.323 1.444 3
0912 pf 40 -0.283 -0.937 0.979 2
0912 pf 41 2.342 -0.549 2.405 4
0912 pf 42 -1.839 0.258 1.857 8
0912 pf 43 0.416 -0.095 0.427 4
0912 pf 44 0.093 -0.600 0.607 3
0912 pf 45 -0.450 -0.315 0.549 1
0912 pf 46 -0.700 -0.425 0.819 1
0912 pf 47 1.669 1.130 2.015 5
0912 pf 48 -0.722 -0.104 0.729 1
0912 pf 49 0.375 -0.817 0.899 3
0912 pf 50 0.545 0.215 0.585 5
0936 em 00 -0.169 -0.114 0.204 1
0936 cf 00 -0.045 0.318 0.321 7
0936 pf 01 0.238 -1.045 1.072 3
0936 pf 02 -0.806 -0.012 0.806 1
0936 pf 03 -0.660 1.189 1.360 7
0936 pf 04 -0.494 1.187 1.286 7
0936 pf 05 -1.276 -0.921 1.573 1
0936 pf 06 -0.437 1.241 1.316 7
0936 pf 07 0.347 -0.412 0.539 3
0936 pf 08 -1.023 1.185 1.565 7
0936 pf 09 0.018 0.126 0.127 6
0936 pf 10 -1.403 -1.102 1.784 1
0936 pf 11 0.337 0.110 0.355 5
0936 pf 12 -0.385 -0.512 0.641 2
0936 pf 13 -0.456 0.251 0.521 8
0936 pf 14 -0.048 -0.694 0.696 2
0936 pf 15 -1.776 -0.385 1.817 1
0936 pf 16 0.133 -0.598 0.613 3
0936 pf 17 -0.914 -0.175 0.931 1
0936 pf 18 0.419 -0.533 0.678 3
0936 pf 19 0.077 -0.731 0.735 3
0936 pf 20 0.889 -0.035 0.890 4
0936 pf 21 -0.672 -0.607 0.905 1
0936 pf 22 0.099 -1.119 1.124 3
0936 pf 23 0.555 -0.826 0.995 3
0936 pf 24 0.396 2.235 2.270 6
0936 pf 25 -0.215 -1.530 1.545 2
0936 pf 26 -0.705 0.675 0.976 8
0936 pf 27 -0.340 -1.596 1.632 2
0936 pf 28 0.392 0.787 0.879 6
0936 pf 29 -0.588 -1.817 1.909 2
0936 pf 30 1.322 0.107 1.326 5
0936 pf 31 -0.923 -0.824 1.237 1
0936 pf 32 0.358 -0.811 0.886 3
0936 pf 33 -0.334 1.014 1.068 7
0936 pf 34 -1.944 0.050 1.945 8
0936 pf 35 -0.268 -0.096 0.285 1
0936 pf 36 -1.932 1.719 2.586 8
0936 pf 37 -0.580 0.601 0.836 7
0936 pf 38 0.306 0.558 0.637 6
0936 pf 39 0.798 -1.192 1.434 3
0936 pf 40 -0.159 -1.012 1.025 2
0936 pf 41 2.356 -0.025 2.356 4
0936 pf 42 -1.605 0.184 1.615 8
0936 pf 43 0.264 0.413 0.491 6
0936 pf 44 0.062 -0.439 0.444 3
0936 pf 45 -0.493 -0.277 0.566 1
0936 pf 46 -0.187 -0.577 0.606 2
0936 pf 47 1.266 1.191 1.738 5
0936 pf 48 -0.519 -0.180 0.550 1
0936 pf 49 0.498 -0.985 1.103 3
0936 pf 50 0.787 0.334 0.855 5
0960 em 00 -0.097 -0.097 0.137 2
0960 cf 00 -0.002 0.320 0.320 7
0960 pf 01 0.463 -0.850 0.967 3
0960 pf 02 -0.890 -0.166 0.905 1
0960 pf 03 -0.764 0.980 1.242 7
0960 pf 04 -0.058 0.681 0.684 7
0960 pf 05 -1.117 -1.012 1.507 1
0960 pf 06 -0.509 0.940 1.069 7
0960 pf 07 0.196 -0.010 0.196 4
0960 pf 08 -1.314 0.957 1.625 8
0960 pf 09 -0.034 0.295 0.296 7
0960 pf 10 -0.968 -1.117 1.478 2
0960 pf 11 0.319 0.217 0.386 5
0960 pf 12 -0.443 -0.422 0.612 1
0960 pf 13 -0.054 0.595 0.598 7
0960 pf 14 -0.195 -0.584 0.616 2
0960 pf 15 -1.327 -0.784 1.541 1
0960 pf 16 0.436 -0.496 0.660 3
0960 pf 17 -0.796 -0.124 0.806 1
0960 pf 18 1.116 -0.477 1.213 4
0960 pf 19 -0.022 -0.739 0.740 2
0960 pf 20 0.621 0.119 0.632 5
0960 pf 21 -0.632 -0.600 0.871 1
0960 pf 22 0.175 -0.867 0.884 3
0960 pf 23 0.622 -1.225 1.374 3
0960 pf 24 0.129 2.169 2.172 6
0960 pf 25 -0.037 -1.241 1.242 2
0960 pf 26 -0.490 0.852 0.983 7
0960 pf 27 -0.340 -1.596 1.631 2
0960 pf 28 0.485 1.011 1.121 6
0960 pf 29 -0.140 -1.967 1.972 2
0960 pf 30 0.879 0.370 0.954 5
0960 pf 31 -0.989 -0.914 1.347 1
0960 pf 32 0.160 -0.717 0.735 3
0960 pf 33 -0.638 0.720 0.962 7
0960 pf 34 -1.704 -0.264 1.724 1
0960 pf 35 -0.587 0.321 0.669 8
0960 pf 36 -1.984 1.538 2.510 8
0960 pf 37 -0.592 0.246 0.642 8
0960 pf 38 0.315 0.630 0.704 6
0960 pf 39 1.216 -1.020 1.587 4
0960 pf 40 -0.111 -1.152 1.157 2
0960 pf 41 2.627 0.584 2.691 5
0960 pf 42 -1.216 0.226 1.237 8
0960 pf 43 0.207 0.629 0.662 6
0960 pf 44 0.202 -0.176 0.268 4
0960 pf 45 -0.382 -0.131 0.404 1
0960 pf 46 0.233 -0.643 0.684 3
0960 pf 47 1.067 1.135 1.558 6
0960 pf 48 -0.530 -0.316 0.617 1
0960 pf 49 0.712 -0.960 1.195 3
0960 pf 50 0.985 0.254 1.017 5
0984 em 00 -0.031 -0.067 0.074 2
0984 cf 00 -0.200 0.263 0.330 7
0984 pf 01 0.634 -0.859 1.067 3
0984 pf 02 -0.720 -0.145 0.734 1
0984 pf 03 -0.750 0.879 1.156 7
0984 pf 04 0.095 0.391 0.402 6
0984 pf 05 -1.167 -1.149 1.638 1
0984 pf 06 -0.767 0.687 1.030 8
0984 pf 07 0.002 0.149 0.149 6
0984 pf 08 -1.742 0.603 1.843 8
0984 pf 09 0.103 0.421 0.434 6
0984 pf 10 -0.576 -1.135 1.272 2
0984 pf 11 0.219 0.068 0.229 5
0984 pf 12 -0.404 -0.529 0.666 2
0984 pf 13 0.180 0.775 0.796 6
0984 pf 14 -0.210 -0.629 0.663 2
0984 pf 15 -0.682 -0.834 1.077 2
0984 pf 16 0.661 -0.415 0.780 4
0984 pf 17 -0.707 0.148 0.723 8
0984 pf 18 1.038 -0.407 1.115 4
0984 pf 19 0.056 -0.859 0.861 3
0984 pf 20 0.221 0.309 0.380 6
0984 pf 21 -0.544 -0.736 0.915 2
0984 pf 22 0.335 -0.429 0.545 3
0984 pf 23 0.841 -0.933 1.256 3
0984 pf 24 -0.253 1.980 1.996 7
0984 pf 25 0.164 -0.896 0.911 3
0984 pf 26 -0.341 0.754 0.827 7
0984 pf 27 -0.422 -1.372 1.435 2
0984 pf 28 0.493 1.346 1.434 6
0984 pf 29 0.041 -2.160 2.160 3
0984 pf 30 0.678 0.700 0.974 6
0984 pf 31 -0.798 -1.158 1.406 2
0984 pf 32 0.344 -0.483 0.593 3
0984 pf 33 -1.122 0.646 1.295 8
0984 pf 34 -1.086 -0.146 1.095 1
0984 pf 35 -0.532 0.364 0.645 8
0984 pf 36 -2.005 1.358 2.422 8
0984 pf 37 -0.522 -0.134 0.538 1
0984 pf 38 0.202 0.485 0.525 6
0984 pf 39 1.422 -0.520 1.515 4
0984 pf 40 -0.056 -1.142 1.143 2
0984 pf 41 2.720 0.985 2.893 5
0984 pf 42 -1.099 0.037 1.100 8
0984 pf 43 0.361 0.803 0.880 6
0984 pf 44 0.504 0.044 0.506 5
0984 pf 45 -0.262 -0.328 0.420 2
0984 pf 46 0.656 -0.488 0.817 4
0984 pf 47 0.897 1.091 1.412 6
0984 pf 48 -0.497 -0.581 0.764 2
0984 pf 49 1.025 -0.689 1.235 4
0984 pf 50 1.186 0.494 1.285 5
1008 em 00 -0.049 -0.038 0.062 1
1008 cf 00 -0.379 0.188 0.423 8
1008 pf 01 0.836 -0.605 1.032 4
1008 pf 02 -0.892 -0.107 0.899 1
1008 pf 03 -0.589 0.550 0.806 8
1008 pf 04 0.153 0.437 0.463 6
1008 pf 05 -1.152 -1.274 1.718 2
1008 pf 06 -0.616 0.366 0.717 8
1008 pf 07 0.044 0.411 0.414 6
1008 pf 08 -1.958 0.541 2.032 8
1008 pf 09 -0.075 0.427 0.434 7
1008 pf 10 -0.189 -0.971 0.989 2
1008 pf 11 -0.388 -0.118 0.406 1
1008 pf 12 -0.558 -0.642 0.851 2
1008 pf 13 0.266 0.992 1.027 6
1008 pf 14 -0.297 -0.939 0.985 2
1008 pf 15 -0.437 -0.860 0.964 2
1008 pf 16 0.384 -0.144 0.410 4
1008 pf 17 -0.736 0.134 0.748 8
1008 pf 18 0.570 -0.125 0.583 4
1008 pf 19 0.279 -0.750 0.800 3
1008 pf 20 0.003 0.275 0.275 6
1008 pf 21 -0.408 -0.572 0.703 2
1008 pf 22 0.379 -0.037 0.381 4
1008 pf 23 0.867 -0.580 1.043 4
1008 pf 24 -0.339 1.917 1.947 7
1008 pf 25 0.294 -1.108 1.146 3
1008 pf 26 -0.113 1.289 1.294 7
1008 pf 27 -0.340 -1.422 1.462 2
1008 pf 28 0.228 1.365 1.384 6
1008 pf 29 0.116 -1.634 1.638 3
1008 pf 30 0.323 0.814 0.876 6
1008 pf 31 -0.745 -1.263 1.467 2
1008 pf 32 0.632 -0.533 0.827 4
1008 pf 33 -1.633 0.510 1.711 8
1008 pf 34 -0.526 0.072 0.531 8
1008 pf 35 -0.761 0.472 0.896 8
1008 pf 36 -2.150 1.032 2.385 8
1008 pf 37 -0.286 -0.486 0.564 2
1008 pf 38 -0.023 0.512 0.513 7
1008 pf 39 1.493 -0.280 1.519 4
1008 pf 40 -0.112 -1.060 1.066 2
1008 pf 41 2.480 1.266 2.784 5
1008 pf 42 -0.754 -0.101 0.761 1
1008 pf 43 0.329 0.701 0.774 6
1008 pf 44 0.853 0.309 0.907 5
1008 pf 45 -0.034 -0.473 0.474 2
1008 pf 46 0.805 -0.207 0.831 4
1008 pf 47 0.692 1.224 1.406 6
1008 pf 48 -0.680 -1.016 1.223 2
1008 pf 49 1.045 -0.625 1.218 4
1008 pf 50 0.868 0.186 0.888 5
1032 em 00 -0.101 -0.044 0.111 1
1032 cf 00 -0.580 0.107 0.589 8
1032 pf 01 0.981 -0.428 1.071 4
1032 pf 02 -0.793 -0.174 0.812 1
1032 pf 03 -0.446 0.077 0.452 8
1032 pf 04 0.198 0.298 0.358 6
1032 pf 05 -1.259 -1.152 1.706 1
1032 pf 06 -0.704 -0.214 0.736 1
1032 pf 07 -0.041 0.503 0.504 7
1032 pf 08 -2.007 0.365 2.040 8
1032 pf 09 -0.041 0.322 0.325 7
1032 pf 10 0.264 -0.936 0.972 3
1032 pf 11 -0.884 -0.375 0.960 1
1032 pf 12 -0.662 -0.810 1.046 2
1032 pf 13 0.069 0.983 0.985 6
1032 pf 14 -0.442 -1.247 1.323 2
1032 pf 15 0.006 -0.840 0.840 3
1032 pf 16 0.461 -0.305 0.552 4
1032 pf 17 -0.649 0.023 0.650 8
1032 pf 18 0.005 0.483 0.483 6
1032 pf 19 0.187 -0.681 0.706 3
1032 pf 20 0.047 0.127 0.135 6
1032 pf 21 -0.463 -0.662 0.807 2
1032 pf 22 0.213 0.206 0.297 5
1032 pf 23 0.575 -0.402 0.702 4
1032 pf 24 -0.418 1.776 1.825 7
1032 pf 25 0.176 -1.100 1.114 3
1032 pf 26 -0.035 1.280 1.281 7
1032 pf 27 -0.131 -1.665 1.671 2
1032 pf 28 -0.133 1.251 1.258 7
1032 pf 29 0.167 -1.176 1.188 3
1032 pf 30 -0.021 0.835 0.835 7
1032 pf 31 -0.540 -1.219 1.333 2
1032 pf 32 0.528 -0.414 0.671 4
1032 pf 33 -1.651 0.271 1.673 8
1032 pf 34 -0.448 0.193 0.488 8
1032 pf 35 -0.917 0.689 1.146 8
1032 pf 36 -2.106 0.932 2.303 8
1032 pf 37 0.099 -0.559 0.567 3
1032 pf 38 -0.655 0.525 0.839 8
1032 pf 39 1.641 -0.094 1.644 4
1032 pf 40 0.028 -1.097 1.097 3
1032 pf 41 2.276 1.390 2.667 5
1032 pf 42 -0.451 -0.097 0.461 1
1032 pf 43 0.330 0.663 0.741 6
1032 pf 44 0.670 0.662 0.942 5
1032 pf 45 -0.352 -0.615 0.708 2
1032 pf 46 0.692 -0.015 0.692 4
1032 pf 47 0.685 1.001 1.213 6
1032 pf 48 -0.701 -0.976 1.202 2
1032 pf 49 0.937 -0.409 1.022 4
1032 pf 50 0.502 0.264 0.568 5
1056 em 00 -0.131 -0.024 0.133 1
1056 cf 00 -0.513 -0.084 0.520 1
1056 pf 01 1.038 -0.224 1.062 4
1056 pf 02 -0.586 -0.083 0.592 1
1056 pf 03 -0.282 -0.032 0.284 1
1056 pf 04 0.142 0.182 0.230 6
1056 pf 05 -1.191 -1.142 1.650 1
1056 pf 06 -0.989 -0.678 1.199 1
1056 pf 07 -0.188 0.604 0.633 7
1056 pf 08 -1.821 0.518 1.893 8
1056 pf 09 -0.177 0.189 0.259 7
1056 pf 10 0.691 -0.863 1.106 3
1056 pf 11 -1.048 -0.474 1.151 1
1056 pf 12 -0.762 -0.659 1.008 1
1056 pf 13 0.075 0.970 0.973 6
1056 pf 14 -0.492 -1.262 1.355 2
1056 pf 15 0.106 -0.476 0.488 3
1056 pf 16 0.504 -0.436 0.666 4
1056 pf 17 -0.356 -0.140 0.383 1
1056 pf 18 -0.376 0.603 0.711 7
1056 pf 19 -0.048 -0.371 0.374 2
1056 pf 20 -0.139 0.147 0.203 7
1056 pf 21 -0.515 -0.863 1.005 2
1056 pf 22 0.444 0.164 0.473 5
1056 pf 23 0.182 -0.187 0.261 3
1056 pf 24 -0.333 1.394 1.433 7
1056 pf 25 0.269 -1.201 1.231 3
1056 pf 26 -0.125 1.452 1.457 7
1056 pf 27 0.165 -1.525 1.534 3
1056 pf 28 -0.260 0.863 0.901 7
1056 pf 29 0.224 -0.728 0.762 3
1056 pf 30 -0.318 0.785 0.847 7
1056 pf 31 -0.306 -1.134 1.174 2
1056 pf 32 0.754 -0.016 0.754 4
1056 pf 33 -1.397 -0.046 1.398 1
1056 pf 34 -0.404 0.317 0.514 8
1056 pf 35 -1.028 0.706 1.247 8
1056 pf 36 -2.014 0.785 2.161 8
1056 pf 37 0.570 -0.634 0.853 3
1056 pf 38 -1.275 0.364 1.325 8
1056 pf 39 1.494 0.372 1.539 5
1056 pf 40 0.069 -1.352 1.354 3
1056 pf 41 1.800 1.815 2.556 6
1056 pf 42 0.094 -0.126 0.157 3
1056 pf 43 0.115 0.617 0.628 6
1056 pf 44 0.373 1.014 1.080 6
1056 pf 45 -0.437 -0.793 0.906 2
1056 pf 46 0.391 0.011 0.391 5
1056 pf 47 0.410 0.756 0.860 6
1056 pf 48 -0.548 -0.871 1.029 2
1056 pf 49 0.655 -0.108 0.664 4
1056 pf 50 0.072 0.344 0.352 6
1080 em 00 -0.072 0.009 0.072 8
1080 cf 00 -0.383 -0.148 0.411 1
1080 pf 01 0.871 -0.134 0.881 4
1080 pf 02 -0.325 -0.100 0.340 1
1080 pf 03 -0.190 -0.044 0.195 1
1080 pf 04 -0.210 0.152 0.259 8
1080 pf 05 -0.799 -1.555 1.749 2
1080 pf 06 -0.818 -0.625 1.030 1
1080 pf 07 -0.388 0.649 0.756 7
1080 pf 08 -1.565 0.216 1.579 8
1080 pf 09 -0.321 0.183 0.369 8
1080 pf 10 0.913 -0.559 1.071 4
1080 pf 11 -0.881 -0.511 1.019 1
1080 pf 12 -0.576 -0.572 0.812 1
1080 pf 13 0.337 0.806 0.874 6
1080 pf 14 -0.459 -1.170 1.257 2
1080 pf 15 -0.095 -0.196 0.218 2
1080 pf 16 0.515 -0.460 0.690 4
1080 pf 17 0.200 -0.168 0.261 4
1080 pf 18 -0.449 0.881 0.989 7
1080 pf 19 -0.100 -0.127 0.161 2
1080 pf 20 -0.318 -0.079 0.327 1
1080 pf 21 -0.399 -1.007 1.083 2
1080 pf 22 0.456 0.206 0.500 5
1080 pf 23 -0.005 -0.079 0.079 2
1080 pf 24 -0.145 1.149 1.158 7
1080 pf 25 0.390 -1.115 1.181 3
1080 pf 26 -0.392 1.488 1.539 7
1080 pf 27 0.289 -1.324 1.355 3
1080 pf 28 0.021 0.524 0.525 6
1080 pf 29 0.324 -0.668 0.742 3
1080 pf 30 -0.439 0.734 0.856 7
1080 pf 31 -0.056 -0.915 0.917 2
1080 pf 32 1.033 0.334 1.085 5
1080 pf 33 -1.043 -0.199 1.061 1
1080 pf 34 -0.008 0.401 0.401 7
1080 pf 35 -1.122 0.760 1.355 8
1080 pf 36 -1.851 0.395 1.893 8
1080 pf 37 0.951 -0.704 1.183 4
1080 pf 38 -1.157 0.059 1.159 8
1080 pf 39 1.341 0.777 1.550 5
1080 pf 40 0.329 -1.030 1.081 3
1080 pf 41 1.344 2.217 2.593 6
1080 pf 42 0.420 -0.147 0.445 4
1080 pf 43 0.227 0.831 0.861 6
1080 pf 44 0.097 1.109 1.113 6
1080 pf 45 -0.320 -0.981 1.032 2
1080 pf 46 0.004 0.011 0.012 6
1080 pf 47 0.286 0.792 0.842 6
1080 pf 48 -0.293 -0.697 0.756 2
1080 pf 49 0.397 0.219 0.453 5
1080 pf 50 0.105 0.339 0.355 6
1104 em 00 -0.012 0.042 0.044 7
1104 cf 00 -0.280 -0.050 0.285 1
1104 pf 01 0.857 -0.177 0.875 4
1104 pf 02 -0.031 -0.097 0.102 2
1104 pf 03 -0.326 0.091 0.338 8
1104 pf 04 -0.341 0.320 0.467 8
1104 pf 05 -0.469 -2.044 2.097 2
1104 pf 06 -0.170 -0.637 0.659 2
1104 pf 07 -0.279 0.646 0.704 7
1104 pf 08 -1.605 0.281 1.629 8
1104 pf 09 -0.586 0.158 0.607 8
1104 pf 10 1.171 -0.495 1.272 4
1104 pf 11 -0.818 -0.417 0.918 1
1104 pf 12 -0.354 -0.780 0.857 2
1104 pf 13 0.443 0.660 0.796 6
1104 pf 14 -0.490 -1.232 1.326 2
1104 pf 15 -0.209 0.037 0.212 8
1104 pf 16 0.571 -0.453 0.729 4
1104 pf 17 0.708 -0.403 0.814 4
1104 pf 18 -0.452 1.009 1.106 7
1104 pf 19 0.153 0.160 0.221 6
1104 pf 20 -0.274 -0.089 0.288 1
1104 pf 21 -0.079 -1.081 1.084 2
1104 pf 22 0.404 0.091 0.415 5
1104 pf 23 0.100 0.229 0.250 6
1104 pf 24 0.090 0.906 0.910 6
1104 pf 25 0.497 -0.917 1.043 3
1104 pf 26 -0.937 1.331 1.628 7
1104 pf 27 0.342 -1.038 1.092 3
1104 pf 28 0.382 0.254 0.459 5
1104 pf 29 0.534 -0.585 0.792 3
1104 pf 30 -0.800 0.890 1.197 7
1104 pf 31 -0.079 -0.689 0.693 2
1104 pf 32 1.159 0.512 1.267 5
1104 pf 33 -0.825 0.123 0.834 8
1104 pf 34 0.086 0.481 0.489 6
1104 pf 35 -0.956 0.681 1.174 8
1104 pf 36 -1.802 -0.023 1.802 1
1104 pf 37 1.212 -0.613 1.359 4
1104 pf 38 -0.931 -0.196 0.951 1
1104 pf 39 1.232 0.806 1.472 5
1104 pf 40 0.740 -0.680 1.005 4
1104 pf 41 0.536 2.613 2.667 6
1104 pf 42 0.487 -0.293 0.569 4
1104 pf 43 0.131 0.972 0.981 6
1104 pf 44 0.063 1.108 1.110 6
1104 pf 45 -0.406 -0.983 1.064 2
1104 pf 46 -0.284 0.075 0.293 8
1104 pf 47 0.101 0.782 0.789 6
1104 pf 48 0.039 -0.504 0.505 3
1104 pf 49 0.209 0.497 0.539 6
1104 pf 50 0.292 0.282 0.406 5
