ecmf prod rt 2016020400 51 046
0024 em 00 0.758 -0.394 0.855 4
0024 cf 00 0.711 -0.364 0.799 4
0024 pf 01 0.762 -0.410 0.866 4
0024 pf 02 0.826 -0.390 0.914 4
0024 pf 03 0.727 -0.346 0.805 4
0024 pf 04 0.716 -0.293 0.773 4
0024 pf 05 0.742 -0.437 0.862 4
0024 pf 06 0.917 -0.463 1.027 4
0024 pf 07 0.699 -0.508 0.864 4
0024 pf 08 0.714 -0.309 0.778 4
0024 pf 09 0.612 -0.422 0.743 4
0024 pf 10 0.753 -0.547 0.931 4
0024 pf 11 0.776 -0.218 0.806 4
0024 pf 12 0.874 -0.396 0.959 4
0024 pf 13 0.845 -0.298 0.896 4
0024 pf 14 0.828 -0.432 0.934 4
0024 pf 15 0.795 -0.344 0.866 4
0024 pf 16 0.729 -0.296 0.787 4
0024 pf 17 0.831 -0.355 0.903 4
0024 pf 18 0.768 -0.375 0.854 4
0024 pf 19 0.749 -0.409 0.853 4
0024 pf 20 0.512 -0.240 0.565 4
0024 pf 21 0.804 -0.215 0.832 4
0024 pf 22 0.820 -0.291 0.870 4
0024 pf 23 0.582 -0.379 0.695 4
0024 pf 24 0.893 -0.421 0.987 4
0024 pf 25 0.694 -0.353 0.779 4
0024 pf 26 0.676 -0.284 0.734 4
0024 pf 27 0.590 -0.506 0.778 4
0024 pf 28 0.754 -0.308 0.815 4
0024 pf 29 0.636 -0.558 0.846 4
0024 pf 30 1.011 -0.528 1.140 4
0024 pf 31 0.789 -0.206 0.815 4
0024 pf 32 0.783 -0.465 0.911 4
0024 pf 33 0.800 -0.431 0.909 4
0024 pf 34 0.686 -0.439 0.814 4
0024 pf 35 0.837 -0.329 0.899 4
0024 pf 36 0.510 -0.370 0.630 4
0024 pf 37 0.791 -0.473 0.922 4
0024 pf 38 0.727 -0.308 0.789 4
0024 pf 39 0.756 -0.574 0.950 4
0024 pf 40 0.728 -0.348 0.807 4
0024 pf 41 0.710 -0.405 0.817 4
0024 pf 42 0.713 -0.320 0.781 4
0024 pf 43 0.827 -0.297 0.879 4
0024 pf 44 0.683 -0.560 0.883 4
0024 pf 45 0.734 -0.296 0.792 4
0024 pf 46 0.593 -0.294 0.662 4
0024 pf 47 0.619 -0.366 0.719 4
0024 pf 48 0.817 -0.418 0.918 4
0024 pf 49 0.865 -0.348 0.933 4
0024 pf 50 0.679 -0.459 0.820 4
0048 em 00 1.060 -0.427 1.142 4
0048 cf 00 1.097 -0.509 1.209 4
0048 pf 01 0.964 -0.484 1.079 4
0048 pf 02 1.140 -0.400 1.208 4
0048 pf 03 1.180 -0.338 1.227 4
0048 pf 04 1.086 -0.417 1.164 4
0048 pf 05 1.062 -0.494 1.171 4
0048 pf 06 1.171 -0.381 1.232 4
0048 pf 07 1.050 -0.574 1.197 4
0048 pf 08 1.050 -0.381 1.117 4
0048 pf 09 1.183 -0.409 1.252 4
0048 pf 10 1.114 -0.623 1.276 4
0048 pf 11 1.004 -0.277 1.041 4
0048 pf 12 1.242 -0.234 1.263 4
0048 pf 13 1.105 -0.448 1.192 4
0048 pf 14 1.169 -0.632 1.329 4
0048 pf 15 1.015 -0.370 1.080 4
0048 pf 16 0.975 -0.419 1.061 4
0048 pf 17 0.959 -0.283 1.000 4
0048 pf 18 1.202 -0.343 1.250 4
0048 pf 19 0.866 -0.498 0.999 4
0048 pf 20 0.894 -0.323 0.950 4
0048 pf 21 1.109 -0.413 1.184 4
0048 pf 22 1.191 -0.275 1.222 4
0048 pf 23 0.808 -0.516 0.959 4
0048 pf 24 0.985 -0.537 1.122 4
0048 pf 25 0.924 -0.390 1.003 4
0048 pf 26 0.929 -0.144 0.940 4
0048 pf 27 0.962 -0.460 1.067 4
0048 pf 28 0.891 -0.255 0.927 4
0048 pf 29 0.959 -0.648 1.157 4
0048 pf 30 1.319 -0.351 1.365 4
0048 pf 31 0.951 -0.357 1.016 4
0048 pf 32 0.988 -0.341 1.046 4
0048 pf 33 1.117 -0.486 1.218 4
0048 pf 34 0.967 -0.312 1.017 4
0048 pf 35 1.150 -0.246 1.176 4
0048 pf 36 0.776 -0.389 0.868 4
0048 pf 37 1.081 -0.336 1.132 4
0048 pf 38 1.060 -0.346 1.115 4
0048 pf 39 1.000 -0.592 1.162 4
0048 pf 40 1.132 -0.539 1.254 4
0048 pf 41 1.082 -0.595 1.234 4
0048 pf 42 1.120 -0.380 1.183 4
0048 pf 43 1.126 -0.278 1.160 4
0048 pf 44 1.099 -0.505 1.210 4
0048 pf 45 0.831 -0.434 0.937 4
0048 pf 46 0.894 -0.406 0.982 4
0048 pf 47 0.939 -0.418 1.028 4
0048 pf 48 1.229 -0.340 1.275 4
0048 pf 49 1.048 -0.409 1.125 4
0048 pf 50 1.102 -0.470 1.198 4
0072 em 00 0.925 -0.503 1.052 4
0072 cf 00 0.985 -0.602 1.154 4
0072 pf 01 1.001 -0.571 1.152 4
0072 pf 02 0.823 -0.306 0.878 4
0072 pf 03 0.983 -0.377 1.053 4
0072 pf 04 0.739 -0.403 0.842 4
0072 pf 05 0.923 -0.637 1.121 4
0072 pf 06 1.111 -0.398 1.180 4
0072 pf 07 0.840 -0.462 0.959 4
0072 pf 08 1.007 -0.462 1.109 4
0072 pf 09 1.197 -0.459 1.282 4
0072 pf 10 0.836 -0.834 1.181 4
0072 pf 11 0.838 -0.340 0.904 4
0072 pf 12 1.049 -0.194 1.066 4
0072 pf 13 1.168 -0.478 1.262 4
0072 pf 14 0.795 -0.634 1.017 4
0072 pf 15 1.106 -0.414 1.181 4
0072 pf 16 0.970 -0.405 1.051 4
0072 pf 17 0.962 -0.421 1.050 4
0072 pf 18 0.800 -0.362 0.878 4
0072 pf 19 1.019 -0.597 1.181 4
0072 pf 20 0.800 -0.302 0.855 4
0072 pf 21 0.913 -0.432 1.010 4
0072 pf 22 1.180 -0.241 1.205 4
0072 pf 23 0.755 -0.667 1.007 4
0072 pf 24 0.830 -0.502 0.970 4
0072 pf 25 0.861 -0.440 0.967 4
0072 pf 26 0.705 -0.393 0.807 4
0072 pf 27 0.748 -0.737 1.050 4
0072 pf 28 0.712 -0.368 0.802 4
0072 pf 29 1.018 -0.934 1.381 4
0072 pf 30 1.164 -0.264 1.193 4
0072 pf 31 1.064 -0.535 1.190 4
0072 pf 32 0.694 -0.613 0.926 4
0072 pf 33 0.964 -0.653 1.165 4
0072 pf 34 0.739 -0.516 0.902 4
0072 pf 35 1.044 -0.414 1.123 4
0072 pf 36 0.487 -0.614 0.784 3
0072 pf 37 0.852 -0.592 1.038 4
0072 pf 38 1.044 -0.493 1.154 4
0072 pf 39 0.894 -0.500 1.025 4
0072 pf 40 1.060 -0.513 1.178 4
0072 pf 41 0.974 -0.645 1.169 4
0072 pf 42 0.963 -0.420 1.050 4
0072 pf 43 0.983 -0.350 1.043 4
0072 pf 44 0.884 -0.443 0.988 4
0072 pf 45 0.680 -0.464 0.824 4
0072 pf 46 0.720 -0.706 1.008 4
0072 pf 47 0.620 -0.475 0.781 4
0072 pf 48 1.175 -0.210 1.194 4
0072 pf 49 0.946 -0.469 1.056 4
0072 pf 50 0.885 -0.607 1.073 4
0096 em 00 0.796 -0.682 1.049 4
0096 cf 00 0.844 -0.702 1.098 4
0096 pf 01 0.872 -0.601 1.059 4
0096 pf 02 0.742 -0.383 0.835 4
0096 pf 03 0.725 -0.447 0.852 4
0096 pf 04 0.584 -0.716 0.924 3
0096 pf 05 0.955 -0.816 1.256 4
0096 pf 06 0.843 -0.620 1.046 4
0096 pf 07 0.929 -0.487 1.049 4
0096 pf 08 0.835 -0.787 1.147 4
0096 pf 09 0.996 -0.532 1.129 4
0096 pf 10 0.661 -1.124 1.304 3
0096 pf 11 0.729 -0.583 0.933 4
0096 pf 12 0.974 -0.415 1.058 4
0096 pf 13 0.716 -0.511 0.880 4
0096 pf 14 0.690 -0.839 1.086 3
0096 pf 15 0.874 -0.489 1.001 4
0096 pf 16 0.702 -0.875 1.122 3
0096 pf 17 0.882 -0.542 1.035 4
0096 pf 18 0.752 -0.554 0.934 4
0096 pf 19 0.729 -0.728 1.030 4
0096 pf 20 0.809 -0.777 1.122 4
0096 pf 21 0.898 -0.513 1.034 4
0096 pf 22 1.029 -0.257 1.061 4
0096 pf 23 0.623 -1.018 1.193 3
0096 pf 24 0.723 -0.840 1.108 3
0096 pf 25 0.704 -0.817 1.078 3
0096 pf 26 0.725 -0.475 0.867 4
0096 pf 27 0.779 -0.997 1.266 3
0096 pf 28 0.571 -0.476 0.743 4
0096 pf 29 1.014 -0.933 1.378 4
0096 pf 30 0.949 -0.135 0.958 4
0096 pf 31 0.863 -0.664 1.089 4
0096 pf 32 0.570 -0.712 0.911 3
0096 pf 33 0.676 -0.711 0.982 3
0096 pf 34 0.578 -0.678 0.891 3
0096 pf 35 1.004 -0.537 1.138 4
0096 pf 36 0.759 -1.018 1.270 3
0096 pf 37 0.826 -1.102 1.377 3
0096 pf 38 0.843 -0.670 1.077 4
0096 pf 39 0.675 -0.574 0.886 4
0096 pf 40 0.813 -0.584 1.001 4
0096 pf 41 0.876 -0.869 1.234 4
0096 pf 42 0.934 -0.417 1.023 4
0096 pf 43 0.809 -0.624 1.021 4
0096 pf 44 0.906 -0.693 1.141 4
0096 pf 45 0.534 -0.837 0.993 3
0096 pf 46 0.727 -0.884 1.145 3
0096 pf 47 0.528 -0.766 0.931 3
0096 pf 48 0.880 -0.250 0.915 4
0096 pf 49 0.874 -0.576 1.047 4
0096 pf 50 0.573 -0.819 1.000 3
0120 em 00 0.874 -0.597 1.059 4
0120 cf 00 0.900 -0.682 1.129 4
0120 pf 01 0.984 -0.533 1.119 4
0120 pf 02 0.781 -0.312 0.841 4
0120 pf 03 0.610 -0.319 0.689 4
0120 pf 04 0.662 -0.583 0.882 4
0120 pf 05 0.916 -0.560 1.073 4
0120 pf 06 0.907 -0.647 1.114 4
0120 pf 07 1.106 -0.179 1.120 4
0120 pf 08 0.809 -0.486 0.943 4
0120 pf 09 1.007 -0.492 1.121 4
0120 pf 10 0.929 -0.911 1.301 4
0120 pf 11 0.682 -0.612 0.916 4
0120 pf 12 0.856 -0.253 0.893 4
0120 pf 13 0.660 -0.486 0.820 4
0120 pf 14 0.791 -0.711 1.064 4
0120 pf 15 0.939 -0.404 1.022 4
0120 pf 16 0.755 -0.637 0.988 4
0120 pf 17 0.777 -0.502 0.925 4
0120 pf 18 0.739 -0.337 0.813 4
0120 pf 19 0.772 -0.684 1.031 4
0120 pf 20 1.237 -0.901 1.530 4
0120 pf 21 0.786 -0.389 0.877 4
0120 pf 22 1.066 -0.332 1.117 4
0120 pf 23 0.717 -1.068 1.287 3
0120 pf 24 0.803 -0.865 1.181 3
0120 pf 25 0.696 -0.802 1.062 3
0120 pf 26 0.753 -0.494 0.901 4
0120 pf 27 1.095 -0.978 1.468 4
0120 pf 28 0.572 -0.436 0.719 4
0120 pf 29 0.951 -0.468 1.060 4
0120 pf 30 0.975 -0.020 0.975 4
0120 pf 31 1.003 -0.688 1.217 4
0120 pf 32 0.733 -0.690 1.007 4
0120 pf 33 0.790 -0.610 0.998 4
0120 pf 34 0.812 -0.541 0.976 4
0120 pf 35 1.158 -0.541 1.278 4
0120 pf 36 0.867 -0.874 1.231 3
0120 pf 37 1.013 -1.009 1.430 4
0120 pf 38 0.803 -0.544 0.969 4
0120 pf 39 0.739 -0.592 0.947 4
0120 pf 40 1.016 -0.530 1.146 4
0120 pf 41 1.129 -0.619 1.288 4
0120 pf 42 0.997 -0.453 1.095 4
0120 pf 43 0.800 -0.464 0.925 4
0120 pf 44 0.995 -0.388 1.067 4
0120 pf 45 0.558 -0.882 1.043 3
0120 pf 46 0.905 -0.839 1.234 4
0120 pf 47 0.701 -0.644 0.952 4
0120 pf 48 1.086 0.070 1.089 5
0120 pf 49 0.926 -0.671 1.144 4
0120 pf 50 0.899 -1.007 1.350 3
0144 em 00 1.015 -0.458 1.114 4
0144 cf 00 1.085 -0.565 1.223 4
0144 pf 01 1.219 -0.197 1.234 4
0144 pf 02 0.846 -0.155 0.860 4
0144 pf 03 0.661 -0.081 0.666 4
0144 pf 04 0.894 -0.520 1.034 4
0144 pf 05 1.111 -0.547 1.238 4
0144 pf 06 1.028 -0.337 1.082 4
0144 pf 07 1.255 -0.015 1.255 4
0144 pf 08 1.074 -0.403 1.147 4
0144 pf 09 1.035 -0.307 1.079 4
0144 pf 10 1.117 -0.497 1.222 4
0144 pf 11 0.747 -0.435 0.865 4
0144 pf 12 0.889 -0.083 0.893 4
0144 pf 13 0.901 -0.378 0.977 4
0144 pf 14 1.131 -0.615 1.287 4
0144 pf 15 1.291 -0.457 1.370 4
0144 pf 16 1.117 -0.546 1.244 4
0144 pf 17 0.932 -0.260 0.968 4
0144 pf 18 0.741 -0.337 0.814 4
0144 pf 19 0.830 -0.504 0.971 4
0144 pf 20 1.361 -0.802 1.580 4
0144 pf 21 0.871 -0.377 0.950 4
0144 pf 22 1.034 -0.115 1.040 4
0144 pf 23 0.910 -0.696 1.146 4
0144 pf 24 1.053 -0.602 1.213 4
0144 pf 25 0.714 -0.797 1.070 3
0144 pf 26 0.700 -0.269 0.750 4
0144 pf 27 1.316 -0.776 1.528 4
0144 pf 28 0.785 -0.303 0.842 4
0144 pf 29 1.046 -0.325 1.096 4
0144 pf 30 0.992 -0.107 0.998 4
0144 pf 31 1.097 -0.395 1.165 4
0144 pf 32 0.757 -0.651 0.998 4
0144 pf 33 0.843 -0.331 0.906 4
0144 pf 34 0.898 -0.467 1.012 4
0144 pf 35 1.452 -0.424 1.513 4
0144 pf 36 1.152 -0.578 1.289 4
0144 pf 37 1.450 -0.866 1.689 4
0144 pf 38 0.758 -0.438 0.876 4
0144 pf 39 0.871 -0.412 0.963 4
0144 pf 40 1.103 -0.581 1.247 4
0144 pf 41 1.131 -0.388 1.196 4
0144 pf 42 1.051 -0.325 1.100 4
0144 pf 43 1.115 -0.502 1.222 4
0144 pf 44 1.164 -0.345 1.214 4
0144 pf 45 0.678 -0.945 1.163 3
0144 pf 46 1.105 -0.817 1.374 4
0144 pf 47 0.884 -0.540 1.036 4
0144 pf 48 0.950 0.154 0.963 5
0144 pf 49 1.037 -0.449 1.130 4
0144 pf 50 1.214 -0.911 1.518 4
0168 em 00 1.164 -0.597 1.308 4
0168 cf 00 1.282 -0.660 1.442 4
0168 pf 01 1.209 -0.291 1.243 4
0168 pf 02 0.681 -0.419 0.800 4
0168 pf 03 0.659 -0.189 0.686 4
0168 pf 04 1.374 -0.668 1.528 4
0168 pf 05 1.281 -0.733 1.476 4
0168 pf 06 1.114 -0.442 1.199 4
0168 pf 07 1.249 -0.070 1.251 4
0168 pf 08 1.359 -0.790 1.572 4
0168 pf 09 1.116 -0.483 1.216 4
0168 pf 10 1.426 -0.503 1.512 4
0168 pf 11 0.629 -0.952 1.142 3
0168 pf 12 0.928 -0.250 0.961 4
0168 pf 13 0.999 -0.659 1.197 4
0168 pf 14 1.232 -0.777 1.457 4
0168 pf 15 1.357 -0.457 1.431 4
0168 pf 16 1.419 -0.454 1.490 4
0168 pf 17 1.182 -0.462 1.269 4
0168 pf 18 0.922 -0.571 1.085 4
0168 pf 19 1.152 -0.754 1.377 4
0168 pf 20 1.388 -0.945 1.679 4
0168 pf 21 0.922 -0.664 1.136 4
0168 pf 22 1.017 -0.162 1.029 4
0168 pf 23 1.075 -0.676 1.269 4
0168 pf 24 1.266 -0.638 1.418 4
0168 pf 25 1.081 -1.000 1.472 4
0168 pf 26 1.194 -0.506 1.297 4
0168 pf 27 1.609 -0.801 1.797 4
0168 pf 28 0.904 -0.566 1.067 4
0168 pf 29 1.310 -0.422 1.376 4
0168 pf 30 1.121 -0.165 1.133 4
0168 pf 31 1.325 -0.561 1.438 4
0168 pf 32 1.017 -1.006 1.430 4
0168 pf 33 1.039 -0.397 1.112 4
0168 pf 34 0.683 -0.698 0.977 3
0168 pf 35 1.780 -0.351 1.814 4
0168 pf 36 1.345 -0.583 1.466 4
0168 pf 37 1.595 -0.930 1.846 4
0168 pf 38 0.838 -0.570 1.014 4
0168 pf 39 1.090 -0.496 1.198 4
0168 pf 40 1.032 -0.569 1.179 4
0168 pf 41 1.259 -0.617 1.402 4
0168 pf 42 0.966 -0.252 0.998 4
0168 pf 43 1.263 -0.404 1.326 4
0168 pf 44 1.237 -0.652 1.399 4
0168 pf 45 0.963 -0.915 1.329 4
0168 pf 46 1.150 -1.204 1.665 3
0168 pf 47 1.026 -0.832 1.321 4
0168 pf 48 1.006 0.174 1.021 5
0168 pf 49 1.234 -0.500 1.331 4
0168 pf 50 1.704 -1.106 2.032 4
0192 em 00 1.315 -0.716 1.497 4
0192 cf 00 1.352 -0.872 1.609 4
0192 pf 01 1.153 -0.236 1.177 4
0192 pf 02 1.163 -0.660 1.337 4
0192 pf 03 0.691 -0.456 0.828 4
0192 pf 04 1.575 -0.799 1.766 4
0192 pf 05 1.335 -0.734 1.523 4
0192 pf 06 1.129 -0.722 1.340 4
0192 pf 07 1.296 -0.148 1.304 4
0192 pf 08 1.404 -1.220 1.860 4
0192 pf 09 1.363 -0.637 1.505 4
0192 pf 10 1.665 -0.385 1.709 4
0192 pf 11 0.820 -1.311 1.546 3
0192 pf 12 0.931 -0.254 0.965 4
0192 pf 13 1.153 -0.941 1.489 4
0192 pf 14 1.555 -0.663 1.690 4
0192 pf 15 1.364 -0.480 1.446 4
0192 pf 16 1.439 -0.277 1.465 4
0192 pf 17 1.331 -0.755 1.530 4
0192 pf 18 0.812 -0.669 1.052 4
0192 pf 19 1.367 -0.860 1.615 4
0192 pf 20 1.594 -0.945 1.853 4
0192 pf 21 0.943 -0.915 1.314 4
0192 pf 22 1.018 -0.608 1.185 4
0192 pf 23 1.382 -0.808 1.601 4
0192 pf 24 1.485 -0.618 1.609 4
0192 pf 25 1.442 -0.952 1.728 4
0192 pf 26 1.398 -0.643 1.539 4
0192 pf 27 1.782 -0.717 1.921 4
0192 pf 28 1.071 -0.740 1.302 4
0192 pf 29 1.520 -0.763 1.701 4
0192 pf 30 1.268 -0.511 1.367 4
0192 pf 31 1.440 -0.511 1.528 4
0192 pf 32 1.382 -1.240 1.857 4
0192 pf 33 1.039 -0.474 1.142 4
0192 pf 34 0.792 -1.049 1.315 3
0192 pf 35 1.684 -0.556 1.773 4
0192 pf 36 1.502 -0.607 1.620 4
0192 pf 37 1.808 -0.835 1.992 4
0192 pf 38 0.742 -0.743 1.050 3
0192 pf 39 1.468 -0.105 1.472 4
0192 pf 40 0.964 -0.633 1.153 4
0192 pf 41 1.410 -0.557 1.516 4
0192 pf 42 1.019 -0.281 1.057 4
0192 pf 43 1.537 -0.495 1.615 4
0192 pf 44 1.459 -0.853 1.690 4
0192 pf 45 1.312 -1.084 1.702 4
0192 pf 46 1.310 -1.386 1.908 3
0192 pf 47 1.502 -0.921 1.762 4
0192 pf 48 0.823 0.076 0.827 5
0192 pf 49 1.418 -0.606 1.542 4
0192 pf 50 2.178 -1.346 2.560 4
0216 em 00 1.385 -0.550 1.490 4
0216 cf 00 1.282 -0.544 1.392 4
0216 pf 01 1.219 0.067 1.221 5
0216 pf 02 1.167 -0.873 1.457 4
0216 pf 03 0.818 -0.694 1.073 4
0216 pf 04 1.741 -0.653 1.859 4
0216 pf 05 1.276 -0.537 1.385 4
0216 pf 06 1.098 -0.579 1.241 4
0216 pf 07 1.208 -0.035 1.209 4
0216 pf 08 1.380 -1.021 1.716 4
0216 pf 09 1.549 -0.396 1.599 4
0216 pf 10 1.531 -0.378 1.577 4
0216 pf 11 0.705 -1.097 1.304 3
0216 pf 12 0.781 -0.101 0.788 4
0216 pf 13 1.416 -0.818 1.635 4
0216 pf 14 1.618 -0.269 1.640 4
0216 pf 15 1.471 -0.372 1.517 4
0216 pf 16 1.508 -0.171 1.517 4
0216 pf 17 1.318 -0.480 1.402 4
0216 pf 18 1.033 -0.784 1.297 4
0216 pf 19 1.686 -0.790 1.862 4
0216 pf 20 1.692 -0.620 1.802 4
0216 pf 21 1.318 -0.644 1.467 4
0216 pf 22 0.954 -0.402 1.036 4
0216 pf 23 1.286 -0.707 1.467 4
0216 pf 24 1.580 -0.449 1.643 4
0216 pf 25 1.677 -0.435 1.732 4
0216 pf 26 1.490 -0.597 1.605 4
0216 pf 27 1.780 -0.566 1.867 4
0216 pf 28 1.007 -0.626 1.186 4
0216 pf 29 1.616 -0.593 1.721 4
0216 pf 30 1.244 -0.516 1.347 4
0216 pf 31 1.574 -0.277 1.598 4
0216 pf 32 1.691 -1.079 2.006 4
0216 pf 33 1.140 -0.346 1.191 4
0216 pf 34 0.476 -0.873 0.994 3
0216 pf 35 1.494 -0.431 1.555 4
0216 pf 36 1.558 -0.141 1.564 4
0216 pf 37 2.098 -0.286 2.118 4
0216 pf 38 1.005 -0.513 1.128 4
0216 pf 39 1.788 0.257 1.806 5
0216 pf 40 0.976 -0.352 1.038 4
0216 pf 41 1.391 -0.754 1.582 4
0216 pf 42 0.904 -0.198 0.926 4
0216 pf 43 1.252 -0.417 1.320 4
0216 pf 44 1.575 -0.588 1.681 4
0216 pf 45 1.338 -0.992 1.665 4
0216 pf 46 1.715 -1.155 2.067 4
0216 pf 47 1.664 -0.741 1.822 4
0216 pf 48 0.867 -0.042 0.868 4
0216 pf 49 2.007 -0.525 2.075 4
0216 pf 50 2.082 -0.952 2.289 4
0240 em 00 1.417 -0.220 1.434 4
0240 cf 00 1.202 -0.142 1.211 4
0240 pf 01 1.135 0.133 1.143 5
0240 pf 02 1.104 -1.087 1.550 4
0240 pf 03 0.825 -0.659 1.056 4
0240 pf 04 1.850 -0.201 1.861 4
0240 pf 05 1.252 -0.438 1.326 4
0240 pf 06 1.195 -0.224 1.216 4
0240 pf 07 1.021 0.050 1.022 5
0240 pf 08 1.213 -0.766 1.435 4
0240 pf 09 1.795 0.124 1.799 5
0240 pf 10 1.361 0.179 1.373 5
0240 pf 11 0.830 -1.045 1.334 3
0240 pf 12 0.874 0.013 0.874 5
0240 pf 13 1.513 -0.553 1.610 4
0240 pf 14 1.783 0.066 1.784 5
0240 pf 15 1.471 0.200 1.485 5
0240 pf 16 1.284 0.130 1.290 5
0240 pf 17 1.273 -0.309 1.310 4
0240 pf 18 1.316 -0.560 1.431 4
0240 pf 19 1.881 -0.560 1.963 4
0240 pf 20 1.470 0.100 1.473 5
0240 pf 21 1.280 -0.391 1.338 4
0240 pf 22 0.894 -0.221 0.921 4
0240 pf 23 1.352 -0.437 1.421 4
0240 pf 24 1.651 -0.108 1.654 4
0240 pf 25 1.953 -0.017 1.953 4
0240 pf 26 1.228 -0.260 1.255 4
0240 pf 27 1.800 0.065 1.802 5
0240 pf 28 0.942 -0.315 0.993 4
0240 pf 29 1.646 -0.138 1.652 4
0240 pf 30 1.316 -0.087 1.319 4
0240 pf 31 1.341 0.206 1.357 5
0240 pf 32 2.017 -0.735 2.147 4
0240 pf 33 1.187 -0.168 1.199 4
0240 pf 34 0.519 -0.714 0.882 3
0240 pf 35 1.325 0.191 1.339 5
0240 pf 36 1.486 0.148 1.493 5
0240 pf 37 2.250 0.213 2.260 5
0240 pf 38 1.329 -0.038 1.329 4
0240 pf 39 1.872 0.536 1.948 5
0240 pf 40 1.010 0.041 1.011 5
0240 pf 41 1.502 -0.360 1.545 4
0240 pf 42 0.839 0.290 0.887 5
0240 pf 43 1.220 -0.352 1.270 4
0240 pf 44 1.698 -0.035 1.698 4
0240 pf 45 1.500 -0.801 1.700 4
0240 pf 46 2.046 -0.633 2.141 4
0240 pf 47 1.820 -0.065 1.821 4
0240 pf 48 1.090 0.139 1.099 5
0240 pf 49 1.972 -0.340 2.001 4
0240 pf 50 1.918 -0.481 1.978 4
0264 em 00 1.342 0.044 1.343 5
0264 cf 00 1.076 0.058 1.077 5
0264 pf 01 0.971 0.474 1.081 5
0264 pf 02 1.179 -1.058 1.585 4
0264 pf 03 0.661 -0.454 0.802 4
0264 pf 04 1.473 -0.072 1.475 4
0264 pf 05 1.036 -0.504 1.153 4
0264 pf 06 1.103 -0.241 1.129 4
0264 pf 07 1.177 0.209 1.195 5
0264 pf 08 0.864 -0.689 1.105 4
0264 pf 09 1.964 0.499 2.027 5
0264 pf 10 1.230 0.314 1.270 5
0264 pf 11 0.902 -0.739 1.166 4
0264 pf 12 1.070 0.455 1.163 5
0264 pf 13 1.662 -0.210 1.675 4
0264 pf 14 1.827 0.456 1.883 5
0264 pf 15 1.511 0.607 1.629 5
0264 pf 16 1.346 0.635 1.488 5
0264 pf 17 0.983 -0.033 0.984 4
0264 pf 18 1.211 -0.435 1.287 4
0264 pf 19 1.503 0.072 1.505 5
0264 pf 20 1.263 0.514 1.363 5
0264 pf 21 1.235 -0.082 1.238 4
0264 pf 22 0.870 0.270 0.911 5
0264 pf 23 1.378 -0.218 1.396 4
0264 pf 24 1.345 0.236 1.365 5
0264 pf 25 1.863 0.478 1.924 5
0264 pf 26 0.914 0.370 0.986 5
0264 pf 27 1.633 0.318 1.663 5
0264 pf 28 0.683 -0.493 0.842 4
0264 pf 29 1.746 0.287 1.769 5
0264 pf 30 1.662 0.123 1.667 5
0264 pf 31 1.303 0.024 1.303 5
0264 pf 32 1.865 -0.541 1.942 4
0264 pf 33 1.254 0.174 1.266 5
0264 pf 34 0.407 -0.370 0.550 4
0264 pf 35 0.890 0.485 1.014 5
0264 pf 36 1.189 0.199 1.206 5
0264 pf 37 1.931 0.624 2.029 5
0264 pf 38 1.291 0.164 1.302 5
0264 pf 39 1.695 0.676 1.825 5
0264 pf 40 1.124 0.159 1.135 5
0264 pf 41 1.544 -0.259 1.565 4
0264 pf 42 0.589 0.514 0.782 5
0264 pf 43 1.023 -0.391 1.095 4
0264 pf 44 1.374 0.300 1.407 5
0264 pf 45 1.749 -0.793 1.921 4
0264 pf 46 1.938 -0.279 1.958 4
0264 pf 47 2.184 0.387 2.218 5
0264 pf 48 1.087 0.248 1.115 5
0264 pf 49 2.131 0.244 2.145 5
0264 pf 50 1.901 0.102 1.904 5
0288 em 00 1.087 0.350 1.142 5
0288 cf 00 0.832 0.331 0.895 5
0288 pf 01 0.807 0.844 1.168 6
0288 pf 02 0.881 -1.024 1.351 3
0288 pf 03 0.366 -0.283 0.463 4
0288 pf 04 0.929 0.185 0.948 5
0288 pf 05 0.903 0.098 0.908 5
0288 pf 06 0.870 0.074 0.873 5
0288 pf 07 1.073 0.350 1.128 5
0288 pf 08 0.318 0.018 0.318 5
0288 pf 09 1.901 0.948 2.125 5
0288 pf 10 1.266 0.620 1.410 5
0288 pf 11 0.475 -0.850 0.974 3
0288 pf 12 0.882 0.639 1.089 5
0288 pf 13 1.520 0.265 1.543 5
0288 pf 14 1.663 1.000 1.940 5
0288 pf 15 1.243 0.696 1.424 5
0288 pf 16 1.135 0.500 1.241 5
0288 pf 17 0.828 0.095 0.834 5
0288 pf 18 1.173 -0.093 1.177 4
0288 pf 19 1.161 0.369 1.218 5
0288 pf 20 0.766 0.873 1.161 6
0288 pf 21 1.028 0.500 1.143 5
0288 pf 22 0.551 0.558 0.785 6
0288 pf 23 1.307 0.222 1.326 5
0288 pf 24 0.937 0.689 1.163 5
0288 pf 25 1.413 0.442 1.480 5
0288 pf 26 0.355 0.402 0.537 6
0288 pf 27 1.218 0.362 1.271 5
0288 pf 28 0.218 -0.143 0.261 4
0288 pf 29 1.459 1.115 1.837 5
0288 pf 30 1.550 0.565 1.650 5
0288 pf 31 1.039 0.626 1.213 5
0288 pf 32 1.178 -0.028 1.179 4
0288 pf 33 1.131 0.638 1.299 5
0288 pf 34 0.248 0.089 0.263 5
0288 pf 35 0.732 0.751 1.049 6
0288 pf 36 1.137 0.244 1.163 5
0288 pf 37 1.861 0.807 2.028 5
0288 pf 38 0.819 0.558 0.991 5
0288 pf 39 1.378 0.616 1.510 5
0288 pf 40 1.285 0.157 1.295 5
0288 pf 41 1.183 0.126 1.190 5
0288 pf 42 0.557 1.006 1.150 6
0288 pf 43 0.469 0.040 0.471 5
0288 pf 44 0.870 0.778 1.168 5
0288 pf 45 1.741 -0.499 1.811 4
0288 pf 46 1.647 0.213 1.661 5
0288 pf 47 2.074 0.743 2.203 5
0288 pf 48 0.898 0.351 0.964 5
0288 pf 49 2.016 0.300 2.038 5
0288 pf 50 1.550 0.342 1.587 5
0312 em 00 0.867 0.749 1.146 5
0312 cf 00 0.727 0.696 1.006 5
0312 pf 01 0.695 0.941 1.170 6
0312 pf 02 0.567 -0.531 0.777 4
0312 pf 03 0.277 0.069 0.286 5
0312 pf 04 0.924 0.382 1.000 5
0312 pf 05 0.726 0.737 1.035 6
0312 pf 06 0.523 0.014 0.523 5
0312 pf 07 1.029 0.899 1.366 5
0312 pf 08 0.188 0.429 0.469 6
0312 pf 09 1.396 1.258 1.880 5
0312 pf 10 0.602 1.079 1.236 6
0312 pf 11 0.399 -0.714 0.818 3
0312 pf 12 0.528 1.086 1.207 6
0312 pf 13 1.319 0.764 1.524 5
0312 pf 14 1.411 1.433 2.011 6
0312 pf 15 0.939 1.094 1.442 6
0312 pf 16 0.905 1.010 1.356 6
0312 pf 17 0.640 0.787 1.014 6
0312 pf 18 0.838 -0.009 0.838 4
0312 pf 19 0.869 0.579 1.044 5
0312 pf 20 0.566 1.263 1.384 6
0312 pf 21 0.991 0.973 1.388 5
0312 pf 22 0.279 1.050 1.087 6
0312 pf 23 1.249 0.271 1.278 5
0312 pf 24 0.699 1.278 1.456 6
0312 pf 25 0.966 0.759 1.229 5
0312 pf 26 0.034 0.602 0.603 6
0312 pf 27 0.828 0.757 1.122 5
0312 pf 28 0.391 0.093 0.402 5
0312 pf 29 0.966 1.957 2.182 6
0312 pf 30 1.416 1.067 1.773 5
0312 pf 31 0.704 1.038 1.254 6
0312 pf 32 0.979 0.794 1.261 5
0312 pf 33 1.238 1.047 1.622 5
0312 pf 34 0.372 0.115 0.389 5
0312 pf 35 0.504 0.985 1.106 6
0312 pf 36 1.018 0.982 1.414 5
0312 pf 37 1.675 1.744 2.418 6
0312 pf 38 0.536 0.992 1.128 6
0312 pf 39 0.760 0.655 1.003 5
0312 pf 40 1.141 0.333 1.188 5
0312 pf 41 1.089 0.659 1.273 5
0312 pf 42 0.387 1.377 1.431 6
0312 pf 43 0.402 0.413 0.576 6
0312 pf 44 0.884 0.938 1.289 6
0312 pf 45 1.443 -0.398 1.497 4
0312 pf 46 1.089 0.746 1.320 5
0312 pf 47 1.983 1.637 2.572 5
0312 pf 48 0.745 0.929 1.191 6
0312 pf 49 1.824 0.922 2.044 5
0312 pf 50 0.948 0.460 1.054 5
0336 em 00 0.630 1.024 1.202 6
0336 cf 00 0.667 0.747 1.002 6
0336 pf 01 -0.030 0.741 0.742 7
0336 pf 02 0.403 -0.312 0.510 4
0336 pf 03 0.367 0.257 0.448 5
0336 pf 04 0.636 0.404 0.753 5
0336 pf 05 0.795 1.392 1.603 6
0336 pf 06 0.246 0.314 0.399 6
0336 pf 07 0.629 1.336 1.477 6
0336 pf 08 0.118 0.841 0.850 6
0336 pf 09 0.949 1.523 1.794 6
0336 pf 10 0.359 1.381 1.427 6
0336 pf 11 0.689 -0.268 0.739 4
0336 pf 12 0.172 1.276 1.287 6
0336 pf 13 1.060 1.158 1.570 6
0336 pf 14 1.323 1.761 2.203 6
0336 pf 15 0.740 1.627 1.788 6
0336 pf 16 0.574 1.199 1.330 6
0336 pf 17 0.658 1.222 1.388 6
0336 pf 18 0.482 0.536 0.721 6
0336 pf 19 0.887 0.801 1.195 5
0336 pf 20 0.222 1.309 1.328 6
0336 pf 21 1.107 1.115 1.571 6
0336 pf 22 -0.050 1.356 1.356 7
0336 pf 23 0.926 0.649 1.131 5
0336 pf 24 0.491 1.771 1.838 6
0336 pf 25 0.973 0.728 1.216 5
0336 pf 26 -0.247 0.793 0.830 7
0336 pf 27 0.175 0.994 1.009 6
0336 pf 28 0.374 0.474 0.604 6
0336 pf 29 0.704 1.774 1.909 6
0336 pf 30 0.879 1.641 1.861 6
0336 pf 31 0.263 1.187 1.215 6
0336 pf 32 0.836 1.003 1.306 6
0336 pf 33 1.107 1.421 1.801 6
0336 pf 34 0.134 0.171 0.217 6
0336 pf 35 0.150 1.344 1.352 6
0336 pf 36 0.900 1.418 1.680 6
0336 pf 37 1.028 2.013 2.260 6
0336 pf 38 0.297 1.399 1.430 6
0336 pf 39 0.790 0.705 1.059 5
0336 pf 40 0.880 0.558 1.042 5
0336 pf 41 0.862 1.159 1.444 6
0336 pf 42 0.385 1.104 1.170 6
0336 pf 43 0.370 0.376 0.528 6
0336 pf 44 0.659 0.908 1.122 6
0336 pf 45 1.262 0.158 1.272 5
0336 pf 46 0.428 1.245 1.317 6
0336 pf 47 1.712 2.084 2.697 6
0336 pf 48 0.382 1.286 1.341 6
0336 pf 49 1.309 1.516 2.003 6
0336 pf 50 0.542 0.750 0.925 6
0360 em 00 0.403 1.190 1.257 6
0360 cf 00 0.590 0.861 1.044 6
0360 pf 01 -0.278 0.677 0.732 7
0360 pf 02 -0.091 -0.016 0.093 1
0360 pf 03 0.349 0.651 0.738 6
0360 pf 04 0.302 0.443 0.536 6
0360 pf 05 0.791 1.535 1.727 6
0360 pf 06 -0.099 0.590 0.598 7
0360 pf 07 0.256 1.764 1.782 6
0360 pf 08 -0.019 0.842 0.842 7
0360 pf 09 0.487 1.431 1.511 6
0360 pf 10 -0.096 1.887 1.889 7
0360 pf 11 0.741 0.098 0.747 5
0360 pf 12 -0.134 1.146 1.154 7
0360 pf 13 1.039 1.707 1.998 6
0360 pf 14 0.906 2.056 2.247 6
0360 pf 15 0.547 1.839 1.918 6
0360 pf 16 0.509 1.503 1.587 6
0360 pf 17 0.515 1.427 1.517 6
0360 pf 18 0.391 0.649 0.758 6
0360 pf 19 1.101 1.349 1.741 6
0360 pf 20 -0.493 1.080 1.187 7
0360 pf 21 0.537 1.199 1.314 6
0360 pf 22 -0.180 1.412 1.424 7
0360 pf 23 0.934 1.024 1.386 6
0360 pf 24 0.381 1.742 1.783 6
0360 pf 25 0.639 0.970 1.162 6
0360 pf 26 -0.663 0.948 1.157 7
0360 pf 27 -0.124 1.124 1.131 7
0360 pf 28 0.392 0.658 0.766 6
0360 pf 29 0.234 1.153 1.176 6
0360 pf 30 0.288 1.781 1.804 6
0360 pf 31 -0.009 1.352 1.352 7
0360 pf 32 0.832 1.364 1.598 6
0360 pf 33 0.875 1.714 1.924 6
0360 pf 34 0.303 0.266 0.404 5
0360 pf 35 -0.056 1.511 1.512 7
0360 pf 36 0.508 1.703 1.777 6
0360 pf 37 0.481 2.118 2.172 6
0360 pf 38 -0.009 1.217 1.217 7
0360 pf 39 0.391 0.724 0.823 6
0360 pf 40 0.716 0.664 0.977 5
0360 pf 41 0.613 1.502 1.623 6
0360 pf 42 0.345 1.045 1.101 6
0360 pf 43 0.240 0.466 0.524 6
0360 pf 44 0.410 1.011 1.090 6
0360 pf 45 0.898 0.358 0.967 5
0360 pf 46 0.310 1.358 1.393 6
0360 pf 47 1.543 2.603 3.026 6
0360 pf 48 0.584 1.616 1.719 6
0360 pf 49 0.980 1.817 2.065 6
0360 pf 50 0.514 0.772 0.927 6
0384 em 00 0.222 1.261 1.280 6
0384 cf 00 0.526 0.948 1.085 6
0384 pf 01 -0.563 0.920 1.079 7
0384 pf 02 0.018 0.120 0.121 6
0384 pf 03 0.345 0.608 0.699 6
0384 pf 04 0.153 0.769 0.784 6
0384 pf 05 0.460 1.845 1.902 6
0384 pf 06 -0.336 0.764 0.834 7
0384 pf 07 0.312 1.963 1.988 6
0384 pf 08 -0.272 0.956 0.994 7
0384 pf 09 -0.021 1.575 1.576 7
0384 pf 10 -0.497 2.110 2.168 7
0384 pf 11 0.830 0.553 0.997 5
0384 pf 12 -0.106 1.140 1.145 7
0384 pf 13 0.776 1.755 1.919 6
0384 pf 14 0.324 1.883 1.910 6
0384 pf 15 0.557 1.846 1.928 6
0384 pf 16 0.422 1.691 1.743 6
0384 pf 17 0.217 1.679 1.693 6
0384 pf 18 0.501 0.635 0.809 6
0384 pf 19 1.030 1.195 1.578 6
0384 pf 20 -0.826 1.032 1.322 7
0384 pf 21 0.485 1.117 1.218 6
0384 pf 22 -0.325 1.488 1.523 7
0384 pf 23 0.769 1.166 1.397 6
0384 pf 24 -0.167 1.942 1.949 7
0384 pf 25 0.544 0.904 1.055 6
0384 pf 26 -0.803 0.687 1.057 8
0384 pf 27 0.031 1.238 1.238 6
0384 pf 28 0.031 0.622 0.623 6
0384 pf 29 0.041 1.097 1.098 6
0384 pf 30 -0.135 1.649 1.654 7
0384 pf 31 -0.110 1.508 1.512 7
0384 pf 32 0.408 1.038 1.115 6
0384 pf 33 0.588 1.951 2.038 6
0384 pf 34 0.049 0.409 0.412 6
0384 pf 35 0.071 1.696 1.697 6
0384 pf 36 0.369 1.630 1.671 6
0384 pf 37 -0.082 2.075 2.077 7
0384 pf 38 -0.135 1.146 1.154 7
0384 pf 39 -0.062 0.794 0.796 7
0384 pf 40 0.654 1.086 1.268 6
0384 pf 41 0.043 1.515 1.515 6
0384 pf 42 0.415 0.797 0.899 6
0384 pf 43 0.136 0.544 0.561 6
0384 pf 44 0.433 1.104 1.186 6
0384 pf 45 1.004 0.251 1.035 5
0384 pf 46 -0.080 1.319 1.322 7
0384 pf 47 1.062 2.836 3.029 6
0384 pf 48 0.318 2.005 2.030 6
0384 pf 49 1.196 1.851 2.204 6
0384 pf 50 0.341 0.698 0.777 6
0408 em 00 0.084 1.313 1.316 6
0408 cf 00 0.398 1.054 1.127 6
0408 pf 01 -0.203 0.403 0.451 7
0408 pf 02 0.248 0.304 0.392 6
0408 pf 03 0.317 0.596 0.675 6
0408 pf 04 0.227 0.441 0.496 6
0408 pf 05 0.103 1.935 1.937 6
0408 pf 06 -0.538 0.963 1.103 7
0408 pf 07 0.173 2.194 2.201 6
0408 pf 08 -0.360 1.149 1.204 7
0408 pf 09 -0.320 1.721 1.751 7
0408 pf 10 -1.153 2.020 2.326 7
0408 pf 11 0.569 0.694 0.897 6
0408 pf 12 -0.263 1.042 1.075 7
0408 pf 13 0.781 1.817 1.978 6
0408 pf 14 0.186 1.946 1.955 6
0408 pf 15 0.012 1.667 1.667 6
0408 pf 16 0.528 1.509 1.599 6
0408 pf 17 -0.026 1.852 1.853 7
0408 pf 18 0.648 0.486 0.810 5
0408 pf 19 1.025 1.422 1.753 6
0408 pf 20 -0.730 0.897 1.156 7
0408 pf 21 0.438 1.362 1.431 6
0408 pf 22 -0.670 1.383 1.536 7
0408 pf 23 0.445 1.116 1.202 6
0408 pf 24 -0.331 2.167 2.192 7
0408 pf 25 0.288 0.976 1.018 6
0408 pf 26 -0.684 0.617 0.921 8
0408 pf 27 0.176 0.929 0.946 6
0408 pf 28 -0.318 1.067 1.114 7
0408 pf 29 -0.178 1.467 1.478 7
0408 pf 30 -0.767 1.771 1.930 7
0408 pf 31 -0.037 1.675 1.675 7
0408 pf 32 0.077 1.144 1.146 6
0408 pf 33 0.100 2.353 2.355 6
0408 pf 34 -0.053 0.791 0.793 7
0408 pf 35 0.263 1.810 1.829 6
0408 pf 36 -0.045 1.490 1.491 7
0408 pf 37 -0.585 1.857 1.947 7
0408 pf 38 -0.435 0.899 0.999 7
0408 pf 39 -0.190 0.779 0.802 7
0408 pf 40 0.707 1.223 1.413 6
0408 pf 41 -0.433 1.422 1.487 7
0408 pf 42 0.429 0.248 0.495 5
0408 pf 43 0.024 0.772 0.773 6
0408 pf 44 0.544 1.520 1.614 6
0408 pf 45 1.134 0.258 1.162 5
0408 pf 46 -0.409 1.487 1.543 7
0408 pf 47 0.768 2.909 3.009 6
0408 pf 48 0.073 2.087 2.089 6
0408 pf 49 1.199 2.090 2.410 6
0408 pf 50 0.613 0.835 1.036 6
0432 em 00 -0.063 1.335 1.337 7
0432 cf 00 0.388 1.066 1.134 6
0432 pf 01 -0.249 0.441 0.506 7
0432 pf 02 0.474 0.189 0.510 5
0432 pf 03 0.016 0.710 0.710 6
0432 pf 04 -0.141 0.005 0.141 8
0432 pf 05 -0.289 2.090 2.110 7
0432 pf 06 -0.690 1.143 1.335 7
0432 pf 07 -0.082 1.771 1.773 7
0432 pf 08 -0.369 1.254 1.307 7
0432 pf 09 -0.350 1.820 1.853 7
0432 pf 10 -1.520 1.694 2.275 7
0432 pf 11 0.409 0.671 0.786 6
0432 pf 12 -0.189 0.979 0.997 7
0432 pf 13 0.433 2.258 2.299 6
0432 pf 14 0.042 1.662 1.662 6
0432 pf 15 -0.502 2.153 2.211 7
0432 pf 16 0.206 1.755 1.767 6
0432 pf 17 -0.598 1.812 1.909 7
0432 pf 18 0.500 0.259 0.563 5
0432 pf 19 0.339 1.734 1.766 6
0432 pf 20 -0.416 0.888 0.981 7
0432 pf 21 0.529 1.439 1.533 6
0432 pf 22 -0.905 1.061 1.395 7
0432 pf 23 0.260 1.127 1.157 6
0432 pf 24 -0.331 2.285 2.309 7
0432 pf 25 0.632 0.730 0.966 6
0432 pf 26 -0.444 0.278 0.524 8
0432 pf 27 0.212 0.795 0.823 6
0432 pf 28 -0.678 0.995 1.204 7
0432 pf 29 -0.063 1.470 1.471 7
0432 pf 30 -1.343 1.783 2.232 7
0432 pf 31 -0.013 1.765 1.765 7
0432 pf 32 -0.123 1.327 1.332 7
0432 pf 33 -0.119 2.545 2.547 7
0432 pf 34 0.024 1.124 1.124 6
0432 pf 35 0.046 1.920 1.921 6
0432 pf 36 -0.165 1.781 1.789 7
0432 pf 37 -0.917 1.781 2.004 7
0432 pf 38 -0.268 0.362 0.451 7
0432 pf 39 -0.186 0.446 0.483 7
0432 pf 40 0.261 1.187 1.215 6
0432 pf 41 -0.587 1.511 1.622 7
0432 pf 42 0.381 0.130 0.403 5
0432 pf 43 -0.168 0.915 0.930 7
0432 pf 44 0.566 1.783 1.871 6
0432 pf 45 1.134 0.297 1.172 5
0432 pf 46 -0.571 1.405 1.516 7
0432 pf 47 0.516 3.204 3.246 6
0432 pf 48 -0.128 2.008 2.012 7
0432 pf 49 0.761 2.334 2.455 6
0432 pf 50 0.614 1.391 1.521 6
0456 em 00 -0.225 1.323 1.342 7
0456 cf 00 0.248 1.121 1.148 6
0456 pf 01 -0.700 0.312 0.767 8
0456 pf 02 0.699 0.345 0.779 5
0456 pf 03 -0.282 0.406 0.494 7
0456 pf 04 0.017 0.066 0.068 6
0456 pf 05 -0.302 2.011 2.033 7
0456 pf 06 -0.780 1.359 1.567 7
0456 pf 07 -0.445 1.430 1.498 7
0456 pf 08 -0.466 1.357 1.435 7
0456 pf 09 -0.633 1.830 1.936 7
0456 pf 10 -1.667 1.023 1.956 8
0456 pf 11 -0.038 0.837 0.838 7
0456 pf 12 -0.055 1.264 1.266 7
0456 pf 13 -0.212 2.525 2.534 7
0456 pf 14 -0.038 1.037 1.038 7
0456 pf 15 -1.053 2.012 2.271 7
0456 pf 16 0.117 1.783 1.787 6
0456 pf 17 -1.143 1.669 2.023 7
0456 pf 18 0.437 0.352 0.561 5
0456 pf 19 0.310 1.680 1.709 6
0456 pf 20 0.011 1.117 1.117 6
0456 pf 21 0.258 1.471 1.494 6
0456 pf 22 -1.203 0.830 1.461 8
0456 pf 23 0.444 1.171 1.252 6
0456 pf 24 -0.758 2.021 2.159 7
0456 pf 25 0.785 0.833 1.145 6
0456 pf 26 -0.144 0.572 0.589 7
0456 pf 27 0.183 0.590 0.617 6
0456 pf 28 -0.362 0.582 0.685 7
0456 pf 29 -0.208 1.537 1.551 7
0456 pf 30 -1.710 1.425 2.226 8
0456 pf 31 -0.356 1.929 1.961 7
0456 pf 32 -0.317 1.662 1.692 7
0456 pf 33 -0.540 2.049 2.119 7
0456 pf 34 0.179 1.028 1.043 6
0456 pf 35 -0.684 2.381 2.477 7
0456 pf 36 -0.622 1.715 1.824 7
0456 pf 37 -1.004 1.360 1.691 7
0456 pf 38 -0.348 0.020 0.349 8
0456 pf 39 -0.224 0.408 0.465 7
0456 pf 40 0.168 1.203 1.215 6
0456 pf 41 -0.865 1.649 1.862 7
0456 pf 42 0.400 0.045 0.402 5
0456 pf 43 -0.267 1.226 1.254 7
0456 pf 44 0.283 2.055 2.075 6
0456 pf 45 1.401 0.559 1.509 5
0456 pf 46 -0.801 1.582 1.774 7
0456 pf 47 -0.159 3.322 3.326 7
0456 pf 48 -0.545 1.965 2.039 7
0456 pf 49 0.122 2.570 2.573 6
0456 pf 50 0.733 1.400 1.580 6
0480 em 00 -0.377 1.235 1.291 7
0480 cf 00 0.425 1.178 1.252 6
0480 pf 01 -0.780 0.715 1.058 8
0480 pf 02 0.664 0.298 0.728 5
0480 pf 03 -0.239 0.627 0.671 7
0480 pf 04 -0.038 0.532 0.533 7
0480 pf 05 -0.369 2.063 2.096 7
0480 pf 06 -0.695 1.273 1.450 7
0480 pf 07 -0.840 1.126 1.405 7
0480 pf 08 -0.432 1.191 1.267 7
0480 pf 09 -1.118 1.658 1.999 7
0480 pf 10 -1.716 0.659 1.838 8
0480 pf 11 0.363 0.682 0.773 6
0480 pf 12 -0.068 0.843 0.846 7
0480 pf 13 -0.172 2.631 2.636 7
0480 pf 14 -0.410 0.882 0.972 7
0480 pf 15 -1.405 2.090 2.519 7
0480 pf 16 0.033 1.685 1.685 6
0480 pf 17 -1.629 1.138 1.987 8
0480 pf 18 0.553 0.660 0.861 6
0480 pf 19 -0.132 1.570 1.576 7
0480 pf 20 0.133 0.693 0.706 6
0480 pf 21 0.119 1.428 1.433 6
0480 pf 22 -1.791 0.799 1.961 8
0480 pf 23 0.354 1.288 1.336 6
0480 pf 24 -1.336 1.928 2.346 7
0480 pf 25 0.767 1.177 1.405 6
0480 pf 26 -0.143 0.376 0.403 7
0480 pf 27 0.076 0.492 0.498 6
0480 pf 28 -0.594 0.125 0.607 8
0480 pf 29 -0.164 1.168 1.179 7
0480 pf 30 -1.717 0.996 1.985 8
0480 pf 31 -1.005 1.852 2.107 7
0480 pf 32 -0.373 1.483 1.529 7
0480 pf 33 -0.769 1.791 1.949 7
0480 pf 34 0.192 1.128 1.144 6
0480 pf 35 -1.207 2.108 2.429 7
0480 pf 36 -0.846 2.026 2.196 7
0480 pf 37 -0.828 0.958 1.266 7
0480 pf 38 -0.381 0.028 0.382 8
0480 pf 39 -0.116 0.129 0.173 7
0480 pf 40 0.042 1.064 1.065 6
0480 pf 41 -1.185 1.362 1.805 7
0480 pf 42 0.324 -0.014 0.324 4
0480 pf 43 -0.127 1.329 1.335 7
0480 pf 44 -0.112 1.982 1.985 7
0480 pf 45 1.017 1.092 1.492 6
0480 pf 46 -0.792 1.329 1.547 7
0480 pf 47 -0.928 3.059 3.196 7
0480 pf 48 -0.995 1.767 2.028 7
0480 pf 49 -0.105 2.417 2.419 7
0480 pf 50 0.542 1.288 1.397 6
0504 em 00 -0.579 1.153 1.290 7
0504 cf 00 0.645 1.198 1.360 6
0504 pf 01 -0.776 0.918 1.202 7
0504 pf 02 0.668 0.370 0.764 5
0504 pf 03 -0.376 0.676 0.773 7
0504 pf 04 -0.233 0.783 0.817 7
0504 pf 05 -0.594 1.926 2.015 7
0504 pf 06 -1.139 1.178 1.639 7
0504 pf 07 -0.841 0.804 1.164 8
0504 pf 08 -0.624 1.021 1.197 7
0504 pf 09 -1.191 1.628 2.017 7
0504 pf 10 -1.912 0.305 1.936 8
0504 pf 11 0.100 0.658 0.665 6
0504 pf 12 -0.205 0.912 0.934 7
0504 pf 13 -0.766 2.562 2.674 7
0504 pf 14 -0.450 0.787 0.906 7
0504 pf 15 -1.536 1.719 2.306 7
0504 pf 16 -0.111 1.515 1.519 7
0504 pf 17 -1.672 0.894 1.896 8
0504 pf 18 0.692 0.851 1.096 6
0504 pf 19 -0.441 1.391 1.459 7
0504 pf 20 0.091 0.707 0.713 6
0504 pf 21 -0.195 1.750 1.761 7
0504 pf 22 -2.004 1.162 2.317 8
0504 pf 23 -0.271 1.098 1.130 7
0504 pf 24 -1.516 1.675 2.259 7
0504 pf 25 0.498 1.561 1.639 6
0504 pf 26 -0.349 0.411 0.539 7
0504 pf 27 -0.351 0.988 1.049 7
0504 pf 28 -1.135 -0.211 1.154 1
0504 pf 29 -0.471 0.762 0.896 7
0504 pf 30 -1.845 0.551 1.926 8
0504 pf 31 -1.291 1.168 1.741 8
0504 pf 32 -0.323 1.207 1.249 7
0504 pf 33 -0.887 1.322 1.592 7
0504 pf 34 -0.214 1.112 1.132 7
0504 pf 35 -1.245 2.002 2.358 7
0504 pf 36 -0.871 2.390 2.543 7
0504 pf 37 -0.810 0.534 0.970 8
0504 pf 38 -0.389 0.165 0.423 8
0504 pf 39 -0.215 0.203 0.296 8
0504 pf 40 -0.122 0.701 0.711 7
0504 pf 41 -1.783 1.229 2.166 8
0504 pf 42 0.083 -0.125 0.150 3
0504 pf 43 -0.325 1.196 1.239 7
0504 pf 44 -0.229 1.809 1.824 7
0504 pf 45 0.435 1.828 1.879 6
0504 pf 46 -0.693 1.231 1.412 7
0504 pf 47 -1.345 2.786 3.094 7
0504 pf 48 -1.262 1.467 1.935 7
0504 pf 49 -0.615 2.012 2.104 7
0504 pf 50 0.248 1.068 1.097 6
0528 em 00 -0.678 1.082 1.277 7
0528 cf 00 0.746 1.235 1.443 6
0528 pf 01 -0.953 1.043 1.413 7
0528 pf 02 0.598 0.500 0.779 5
0528 pf 03 -0.182 0.460 0.495 7
0528 pf 04 -0.604 1.493 1.610 7
0528 pf 05 -0.758 2.233 2.358 7
0528 pf 06 -1.528 0.973 1.811 8
0528 pf 07 -0.957 0.411 1.042 8
0528 pf 08 -0.616 1.021 1.192 7
0528 pf 09 -1.369 1.407 1.963 7
0528 pf 10 -1.757 0.054 1.758 8
0528 pf 11 -0.024 0.482 0.483 7
0528 pf 12 -0.064 1.018 1.020 7
0528 pf 13 -1.073 2.383 2.614 7
0528 pf 14 -0.230 0.575 0.619 7
0528 pf 15 -1.313 1.470 1.971 7
0528 pf 16 -0.472 1.218 1.306 7
0528 pf 17 -1.507 0.672 1.651 8
0528 pf 18 0.448 1.012 1.106 6
0528 pf 19 -0.621 1.137 1.295 7
0528 pf 20 0.344 0.853 0.920 6
0528 pf 21 -0.724 1.640 1.793 7
0528 pf 22 -1.908 0.994 2.152 8
0528 pf 23 -0.690 1.239 1.418 7
0528 pf 24 -1.637 1.563 2.263 8
0528 pf 25 0.206 2.173 2.183 6
0528 pf 26 -0.428 0.559 0.704 7
0528 pf 27 -0.471 0.882 1.000 7
0528 pf 28 -1.232 -0.370 1.287 1
0528 pf 29 -0.350 0.674 0.760 7
0528 pf 30 -1.647 0.159 1.655 8
0528 pf 31 -1.323 0.817 1.555 8
0528 pf 32 -0.608 1.345 1.476 7
0528 pf 33 -0.702 1.316 1.491 7
0528 pf 34 -0.360 1.089 1.147 7
0528 pf 35 -1.734 2.008 2.653 7
0528 pf 36 -0.890 2.179 2.353 7
0528 pf 37 -0.619 0.374 0.723 8
0528 pf 38 -0.421 0.154 0.448 8
0528 pf 39 0.037 0.317 0.319 6
0528 pf 40 0.008 0.223 0.223 6
0528 pf 41 -1.788 0.916 2.009 8
0528 pf 42 0.134 0.210 0.249 6
0528 pf 43 -0.837 1.207 1.468 7
0528 pf 44 -0.394 1.348 1.405 7
0528 pf 45 -0.142 2.209 2.213 7
0528 pf 46 -0.663 1.250 1.415 7
0528 pf 47 -1.608 2.495 2.968 7
0528 pf 48 -1.270 1.097 1.678 8
0528 pf 49 -1.135 1.748 2.084 7
0528 pf 50 -0.020 0.760 0.761 7
0552 em 00 -0.753 1.018 1.266 7
0552 cf 00 0.855 1.530 1.753 6
0552 pf 01 -1.110 1.012 1.502 8
0552 pf 02 0.585 0.485 0.760 5
0552 pf 03 0.207 0.654 0.686 6
0552 pf 04 -0.811 1.672 1.858 7
0552 pf 05 -1.203 2.179 2.489 7
0552 pf 06 -1.830 0.528 1.905 8
0552 pf 07 -0.883 0.276 0.925 8
0552 pf 08 -0.652 0.954 1.155 7
0552 pf 09 -1.600 1.032 1.904 8
0552 pf 10 -1.656 0.208 1.669 8
0552 pf 11 -0.068 0.822 0.825 7
0552 pf 12 -0.425 0.841 0.942 7
0552 pf 13 -1.360 2.365 2.729 7
0552 pf 14 -0.420 0.585 0.720 7
0552 pf 15 -1.033 1.481 1.806 7
0552 pf 16 -1.036 0.965 1.416 8
0552 pf 17 -1.500 0.226 1.516 8
0552 pf 18 0.210 0.845 0.871 6
0552 pf 19 -0.594 1.153 1.297 7
0552 pf 20 0.579 1.107 1.249 6
0552 pf 21 -1.006 1.417 1.738 7
0552 pf 22 -1.513 0.980 1.803 8
0552 pf 23 -1.165 0.828 1.429 8
0552 pf 24 -1.608 1.176 1.993 8
0552 pf 25 -0.054 2.379 2.379 7
0552 pf 26 -0.540 0.637 0.835 7
0552 pf 27 -0.699 0.685 0.978 8
0552 pf 28 -1.244 -0.635 1.397 1
0552 pf 29 -0.166 1.009 1.022 7
0552 pf 30 -1.790 -0.030 1.790 1
0552 pf 31 -0.927 0.476 1.042 8
0552 pf 32 -0.767 1.220 1.441 7
0552 pf 33 -0.399 1.461 1.514 7
0552 pf 34 -0.300 1.089 1.130 7
0552 pf 35 -2.066 1.445 2.521 8
0552 pf 36 -1.486 2.219 2.671 7
0552 pf 37 -0.276 0.225 0.356 8
0552 pf 38 -0.638 0.829 1.046 7
0552 pf 39 0.251 0.345 0.427 6
0552 pf 40 -0.133 -0.247 0.280 2
0552 pf 41 -1.819 0.946 2.050 8
0552 pf 42 0.642 0.280 0.700 5
0552 pf 43 -1.199 1.439 1.873 7
0552 pf 44 -0.358 1.337 1.384 7
0552 pf 45 -0.481 2.012 2.069 7
0552 pf 46 -0.868 0.840 1.208 8
0552 pf 47 -1.874 2.086 2.805 7
0552 pf 48 -1.032 0.935 1.392 8
0552 pf 49 -1.482 1.739 2.284 7
0552 pf 50 -0.185 0.928 0.947 7
0576 em 00 -0.796 0.940 1.232 7
0576 cf 00 0.720 1.656 1.806 6
0576 pf 01 -1.196 1.307 1.771 7
0576 pf 02 0.487 0.577 0.755 6
0576 pf 03 0.528 0.530 0.748 6
0576 pf 04 -0.479 1.365 1.446 7
0576 pf 05 -1.552 2.220 2.708 7
0576 pf 06 -1.974 0.264 1.991 8
0576 pf 07 -1.063 -0.067 1.065 1
0576 pf 08 -0.392 0.918 0.998 7
0576 pf 09 -2.000 0.737 2.132 8
0576 pf 10 -1.391 0.230 1.410 8
0576 pf 11 0.171 0.781 0.799 6
0576 pf 12 -0.228 1.226 1.247 7
0576 pf 13 -1.487 1.786 2.324 7
0576 pf 14 -0.436 0.977 1.070 7
0576 pf 15 -1.145 1.593 1.962 7
0576 pf 16 -1.193 0.751 1.410 8
0576 pf 17 -0.920 -0.095 0.925 1
0576 pf 18 0.189 1.155 1.170 6
0576 pf 19 -1.068 1.166 1.581 7
0576 pf 20 0.502 1.403 1.490 6
0576 pf 21 -1.206 1.389 1.840 7
0576 pf 22 -1.289 1.006 1.636 8
0576 pf 23 -1.261 0.483 1.350 8
0576 pf 24 -1.506 0.906 1.757 8
0576 pf 25 -0.571 2.363 2.431 7
0576 pf 26 -0.765 0.771 1.086 7
0576 pf 27 -0.413 0.341 0.535 8
0576 pf 28 -1.045 -1.051 1.482 2
0576 pf 29 -0.517 1.101 1.217 7
0576 pf 30 -1.737 -0.039 1.737 1
0576 pf 31 -1.148 -0.068 1.150 1
0576 pf 32 -1.024 0.997 1.430 8
0576 pf 33 -0.461 1.212 1.296 7
0576 pf 34 -0.264 0.946 0.983 7
0576 pf 35 -2.175 1.009 2.398 8
0576 pf 36 -1.647 2.219 2.763 7
0576 pf 37 0.276 0.224 0.356 5
0576 pf 38 -0.899 0.908 1.277 7
0576 pf 39 0.470 0.242 0.528 5
0576 pf 40 -0.529 -0.202 0.566 1
0576 pf 41 -1.710 0.441 1.766 8
0576 pf 42 0.758 0.549 0.936 5
0576 pf 43 -1.007 1.575 1.869 7
0576 pf 44 -0.852 0.853 1.206 7
0576 pf 45 -0.771 1.754 1.916 7
0576 pf 46 -1.013 1.254 1.612 7
0576 pf 47 -2.255 1.955 2.984 8
0576 pf 48 -0.657 0.754 1.000 7
0576 pf 49 -1.804 1.686 2.469 8
0576 pf 50 -0.125 1.032 1.040 7
0600 em 00 -0.770 0.908 1.191 7
0600 cf 00 0.717 1.640 1.790 6
0600 pf 01 -1.307 1.200 1.775 8
0600 pf 02 0.557 1.120 1.251 6
0600 pf 03 0.729 0.269 0.777 5
0600 pf 04 -0.360 1.520 1.562 7
0600 pf 05 -1.706 1.791 2.474 7
0600 pf 06 -1.715 0.413 1.764 8
0600 pf 07 -0.865 0.090 0.870 8
0600 pf 08 -0.528 0.765 0.929 7
0600 pf 09 -1.781 0.625 1.887 8
0600 pf 10 -1.059 0.100 1.064 8
0600 pf 11 0.117 1.296 1.301 6
0600 pf 12 0.088 1.582 1.585 6
0600 pf 13 -1.635 1.428 2.171 8
0600 pf 14 -0.214 1.039 1.060 7
0600 pf 15 -1.228 2.024 2.368 7
0600 pf 16 -1.318 0.814 1.549 8
0600 pf 17 -0.935 -0.513 1.066 1
0600 pf 18 0.378 1.485 1.532 6
0600 pf 19 -1.328 1.235 1.814 8
0600 pf 20 0.122 1.806 1.810 6
0600 pf 21 -1.785 1.313 2.216 8
0600 pf 22 -0.964 0.691 1.187 8
0600 pf 23 -1.099 0.287 1.135 8
0600 pf 24 -1.052 0.891 1.379 8
0600 pf 25 -0.886 2.221 2.392 7
0600 pf 26 -0.665 0.770 1.017 7
0600 pf 27 -0.193 0.108 0.221 8
0600 pf 28 -0.967 -1.087 1.455 2
0600 pf 29 -0.378 1.034 1.100 7
0600 pf 30 -1.231 -0.392 1.292 1
0600 pf 31 -0.889 -0.263 0.926 1
0600 pf 32 -0.820 0.875 1.199 7
0600 pf 33 -0.822 1.291 1.530 7
0600 pf 34 -0.666 1.434 1.581 7
0600 pf 35 -1.946 0.688 2.064 8
0600 pf 36 -1.809 2.008 2.702 7
0600 pf 37 0.655 0.499 0.824 5
0600 pf 38 -1.094 0.911 1.423 8
0600 pf 39 0.507 0.210 0.549 5
0600 pf 40 -0.718 0.218 0.750 8
0600 pf 41 -1.417 0.076 1.419 8
0600 pf 42 0.628 0.724 0.959 6
0600 pf 43 -0.895 1.360 1.627 7
0600 pf 44 -0.635 0.409 0.755 8
0600 pf 45 -0.987 1.244 1.588 7
0600 pf 46 -1.120 1.564 1.924 7
0600 pf 47 -2.280 1.615 2.794 8
0600 pf 48 -0.925 0.521 1.062 8
0600 pf 49 -1.894 1.365 2.334 8
0600 pf 50 0.038 1.188 1.189 6
0624 em 00 -0.763 0.819 1.119 7
0624 cf 00 0.718 1.673 1.820 6
0624 pf 01 -1.577 1.044 1.891 8
0624 pf 02 0.928 1.479 1.746 6
0624 pf 03 0.676 0.466 0.821 5
0624 pf 04 -0.620 1.295 1.435 7
0624 pf 05 -1.600 1.391 2.120 8
0624 pf 06 -1.510 0.440 1.573 8
0624 pf 07 -0.661 -0.396 0.771 1
0624 pf 08 -1.010 0.688 1.222 8
0624 pf 09 -1.623 0.688 1.762 8
0624 pf 10 -0.763 -0.290 0.817 1
0624 pf 11 -0.107 1.128 1.133 7
0624 pf 12 0.115 1.532 1.536 6
0624 pf 13 -1.705 1.160 2.062 8
0624 pf 14 0.148 1.240 1.248 6
0624 pf 15 -1.352 1.994 2.409 7
0624 pf 16 -1.411 0.768 1.606 8
0624 pf 17 -1.175 -0.658 1.346 1
0624 pf 18 0.109 1.388 1.392 6
0624 pf 19 -0.977 1.252 1.588 7
0624 pf 20 -0.066 2.215 2.216 7
0624 pf 21 -1.925 1.395 2.377 8
0624 pf 22 -0.743 0.469 0.879 8
0624 pf 23 -1.182 0.304 1.221 8
0624 pf 24 -1.245 0.415 1.313 8
0624 pf 25 -1.157 1.962 2.278 7
0624 pf 26 -0.552 0.492 0.739 8
0624 pf 27 -0.129 -0.215 0.251 2
0624 pf 28 -0.439 -1.322 1.393 2
0624 pf 29 -0.383 0.795 0.883 7
0624 pf 30 -1.186 -0.468 1.275 1
0624 pf 31 -0.361 -0.228 0.427 1
0624 pf 32 -1.352 0.708 1.526 8
0624 pf 33 -1.120 1.405 1.797 7
0624 pf 34 -1.030 1.631 1.929 7
0624 pf 35 -1.587 0.243 1.605 8
0624 pf 36 -1.830 1.775 2.549 8
0624 pf 37 0.829 0.821 1.166 5
0624 pf 38 -0.809 0.672 1.052 8
0624 pf 39 0.788 0.085 0.792 5
0624 pf 40 -1.206 0.933 1.525 8
0624 pf 41 -1.275 -0.028 1.275 1
0624 pf 42 0.621 1.197 1.349 6
0624 pf 43 -0.833 0.854 1.193 7
0624 pf 44 -0.708 0.198 0.736 8
0624 pf 45 -0.712 0.811 1.079 7
0624 pf 46 -1.312 1.723 2.166 7
0624 pf 47 -2.250 1.231 2.565 8
0624 pf 48 -0.998 0.282 1.037 8
0624 pf 49 -1.826 1.129 2.147 8
0624 pf 50 0.266 1.075 1.107 6
0648 em 00 -0.726 0.776 1.063 7
0648 cf 00 0.476 1.924 1.982 6
0648 pf 01 -1.436 0.681 1.590 8
0648 pf 02 0.524 1.684 1.763 6
0648 pf 03 0.548 0.609 0.819 6
0648 pf 04 -0.534 1.101 1.224 7
0648 pf 05 -1.552 0.840 1.765 8
0648 pf 06 -1.051 0.435 1.137 8
0648 pf 07 -0.683 -0.785 1.041 2
0648 pf 08 -0.853 0.594 1.039 8
0648 pf 09 -1.370 0.761 1.567 8
0648 pf 10 -0.625 -0.452 0.772 1
0648 pf 11 0.000 1.355 1.355 7
0648 pf 12 -0.208 1.616 1.629 7
0648 pf 13 -1.511 0.982 1.802 8
0648 pf 14 0.321 1.534 1.568 6
0648 pf 15 -1.413 2.009 2.456 7
0648 pf 16 -1.475 0.897 1.727 8
0648 pf 17 -0.947 -0.572 1.107 1
0648 pf 18 0.209 1.408 1.423 6
0648 pf 19 -0.985 1.135 1.503 7
0648 pf 20 -0.287 2.323 2.341 7
0648 pf 21 -1.645 1.412 2.168 8
0648 pf 22 -0.942 0.268 0.979 8
0648 pf 23 -0.853 0.416 0.949 8
0648 pf 24 -1.165 0.066 1.166 8
0648 pf 25 -1.220 2.004 2.346 7
0648 pf 26 -0.574 0.497 0.759 8
0648 pf 27 -0.194 -0.066 0.205 1
0648 pf 28 -0.210 -1.389 1.405 2
0648 pf 29 -0.160 0.621 0.641 7
0648 pf 30 -1.007 -0.725 1.241 1
0648 pf 31 -0.306 -0.399 0.502 2
0648 pf 32 -1.331 0.839 1.574 8
0648 pf 33 -1.123 1.295 1.715 7
0648 pf 34 -0.987 1.417 1.727 7
0648 pf 35 -1.697 0.061 1.698 8
0648 pf 36 -2.270 1.461 2.699 8
0648 pf 37 1.061 1.409 1.763 6
0648 pf 38 -0.396 0.799 0.892 7
0648 pf 39 1.105 0.217 1.126 5
0648 pf 40 -1.050 1.250 1.632 7
0648 pf 41 -0.747 -0.351 0.825 1
0648 pf 42 0.710 1.543 1.698 6
0648 pf 43 -0.878 0.500 1.011 8
0648 pf 44 -0.764 0.059 0.766 8
0648 pf 45 -1.003 0.589 1.163 8
0648 pf 46 -1.183 1.899 2.237 7
0648 pf 47 -2.506 0.633 2.585 8
0648 pf 48 -1.232 0.279 1.263 8
0648 pf 49 -1.762 0.761 1.919 8
0648 pf 50 0.061 1.223 1.225 6
0672 em 00 -0.727 0.688 1.001 8
0672 cf 00 0.138 2.107 2.111 6
0672 pf 01 -0.971 0.591 1.137 8
0672 pf 02 0.158 1.748 1.755 6
0672 pf 03 0.766 0.691 1.032 5
0672 pf 04 -0.595 0.897 1.076 7
0672 pf 05 -1.886 0.494 1.950 8
0672 pf 06 -0.934 0.598 1.109 8
0672 pf 07 -0.918 -0.818 1.229 1
0672 pf 08 -0.547 0.720 0.905 7
0672 pf 09 -1.002 0.554 1.145 8
0672 pf 10 -0.808 -0.493 0.946 1
0672 pf 11 -0.563 1.440 1.546 7
0672 pf 12 -0.795 1.718 1.893 7
0672 pf 13 -1.435 0.637 1.570 8
0672 pf 14 0.412 1.753 1.800 6
0672 pf 15 -1.587 1.841 2.431 7
0672 pf 16 -1.364 0.841 1.602 8
0672 pf 17 -0.885 -0.826 1.210 1
0672 pf 18 0.147 1.619 1.625 6
0672 pf 19 -0.881 0.806 1.194 8
0672 pf 20 -0.811 2.631 2.754 7
0672 pf 21 -1.751 1.340 2.205 8
0672 pf 22 -0.645 -0.170 0.667 1
0672 pf 23 -0.627 -0.045 0.628 1
0672 pf 24 -0.987 0.030 0.988 8
0672 pf 25 -1.157 1.962 2.278 7
0672 pf 26 -0.601 0.337 0.689 8
0672 pf 27 0.199 -0.018 0.199 4
0672 pf 28 0.184 -1.520 1.531 3
0672 pf 29 -0.200 0.300 0.361 7
0672 pf 30 -0.868 -0.409 0.959 1
0672 pf 31 -0.377 -0.316 0.492 1
0672 pf 32 -1.101 0.838 1.384 8
0672 pf 33 -1.097 1.157 1.594 7
0672 pf 34 -1.182 0.915 1.495 8
0672 pf 35 -1.418 -0.045 1.419 1
0672 pf 36 -2.397 0.993 2.594 8
0672 pf 37 0.924 1.823 2.044 6
0672 pf 38 -0.322 0.622 0.701 7
0672 pf 39 1.246 0.278 1.277 5
0672 pf 40 -1.033 1.356 1.705 7
0672 pf 41 -0.404 -0.763 0.863 2
0672 pf 42 0.071 1.485 1.487 6
0672 pf 43 -0.672 -0.093 0.678 1
0672 pf 44 -0.190 -0.064 0.200 1
0672 pf 45 -1.056 0.597 1.213 8
0672 pf 46 -1.175 1.763 2.119 7
0672 pf 47 -2.480 0.022 2.480 8
0672 pf 48 -1.624 0.413 1.676 8
0672 pf 49 -1.709 0.587 1.807 8
0672 pf 50 -0.227 1.368 1.387 7
0696 em 00 -0.743 0.655 0.990 8
0696 cf 00 -0.157 2.322 2.327 7
0696 pf 01 -0.474 0.601 0.766 7
0696 pf 02 -0.101 1.974 1.976 7
0696 pf 03 0.692 0.461 0.831 5
0696 pf 04 -0.599 1.092 1.245 7
0696 pf 05 -2.116 0.263 2.132 8
0696 pf 06 -0.882 0.590 1.061 8
0696 pf 07 -0.834 -0.995 1.298 2
0696 pf 08 -0.195 0.781 0.805 7
0696 pf 09 -0.728 0.486 0.875 8
0696 pf 10 -0.804 -0.391 0.894 1
0696 pf 11 -0.880 1.211 1.497 7
0696 pf 12 -0.848 1.555 1.771 7
0696 pf 13 -1.315 0.485 1.401 8
0696 pf 14 0.094 1.822 1.824 6
0696 pf 15 -2.089 1.420 2.526 8
0696 pf 16 -1.380 0.870 1.631 8
0696 pf 17 -0.704 -1.096 1.302 2
0696 pf 18 -0.276 1.577 1.601 7
0696 pf 19 -0.970 0.713 1.204 8
0696 pf 20 -1.249 2.498 2.793 7
0696 pf 21 -1.756 1.172 2.111 8
0696 pf 22 -0.508 -0.222 0.555 1
0696 pf 23 -0.688 -0.310 0.755 1
0696 pf 24 -0.797 0.191 0.819 8
0696 pf 25 -1.079 1.616 1.943 7
0696 pf 26 -0.608 0.267 0.664 8
0696 pf 27 0.396 0.732 0.832 6
0696 pf 28 0.001 -1.148 1.148 2
0696 pf 29 0.203 0.167 0.263 5
0696 pf 30 -0.683 -0.150 0.699 1
0696 pf 31 -0.251 -0.409 0.480 2
0696 pf 32 -0.824 1.008 1.302 7
0696 pf 33 -1.090 1.039 1.505 8
0696 pf 34 -1.321 0.856 1.574 8
0696 pf 35 -1.281 -0.277 1.311 1
0696 pf 36 -2.608 0.671 2.693 8
0696 pf 37 0.513 2.241 2.299 6
0696 pf 38 -0.564 0.798 0.977 7
0696 pf 39 1.491 0.767 1.677 5
0696 pf 40 -1.365 1.039 1.716 8
0696 pf 41 -0.380 -1.309 1.363 2
0696 pf 42 -0.484 1.662 1.731 7
0696 pf 43 -0.325 -0.158 0.362 1
0696 pf 44 0.158 -0.418 0.447 3
0696 pf 45 -0.948 0.773 1.223 8
0696 pf 46 -1.391 1.678 2.179 7
0696 pf 47 -2.260 -0.264 2.275 1
0696 pf 48 -1.426 0.221 1.443 8
0696 pf 49 -1.457 0.379 1.506 8
0696 pf 50 -0.589 1.771 1.867 7
0720 em 00 -0.809 0.635 1.028 8
0720 cf 00 -0.669 2.362 2.455 7
0720 pf 01 -0.194 0.601 0.632 7
0720 pf 02 -0.470 2.171 2.222 7
0720 pf 03 0.409 0.249 0.479 5
0720 pf 04 -0.927 1.301 1.598 7
0720 pf 05 -2.004 0.010 2.004 8
0720 pf 06 -0.526 0.679 0.859 7
0720 pf 07 -0.770 -1.146 1.380 2
0720 pf 08 -0.046 0.728 0.730 7
0720 pf 09 -0.809 0.678 1.056 8
0720 pf 10 -0.589 -0.771 0.970 2
0720 pf 11 -1.324 1.121 1.735 8
0720 pf 12 -1.356 1.523 2.039 7
0720 pf 13 -1.440 0.402 1.495 8
0720 pf 14 -0.184 2.114 2.122 7
0720 pf 15 -2.213 1.278 2.555 8
0720 pf 16 -1.472 0.855 1.702 8
0720 pf 17 -0.485 -1.318 1.404 2
0720 pf 18 -0.986 1.735 1.995 7
0720 pf 19 -0.906 0.616 1.096 8
0720 pf 20 -1.785 2.490 3.063 7
0720 pf 21 -2.064 0.604 2.151 8
0720 pf 22 -0.486 -0.288 0.565 1
0720 pf 23 -0.432 -0.520 0.676 2
0720 pf 24 -1.067 0.449 1.158 8
0720 pf 25 -1.164 0.926 1.488 8
0720 pf 26 -0.311 0.299 0.431 8
0720 pf 27 0.474 1.191 1.282 6
0720 pf 28 0.144 -0.313 0.345 3
0720 pf 29 0.492 0.168 0.520 5
0720 pf 30 -0.584 -0.221 0.624 1
0720 pf 31 -0.109 -0.228 0.253 2
0720 pf 32 -0.710 1.493 1.654 7
0720 pf 33 -1.146 0.744 1.367 8
0720 pf 34 -1.485 0.696 1.640 8
0720 pf 35 -1.192 -0.324 1.236 1
0720 pf 36 -2.758 0.523 2.807 8
0720 pf 37 -0.078 2.520 2.521 7
0720 pf 38 -0.920 0.853 1.254 8
0720 pf 39 1.651 0.546 1.740 5
0720 pf 40 -1.308 0.622 1.449 8
0720 pf 41 -0.027 -1.284 1.285 2
0720 pf 42 -1.010 1.788 2.053 7
0720 pf 43 -0.215 0.135 0.254 8
0720 pf 44 0.074 -0.794 0.798 3
0720 pf 45 -0.722 1.030 1.258 7
0720 pf 46 -1.821 1.750 2.525 8
0720 pf 47 -2.064 -0.638 2.160 1
0720 pf 48 -1.602 -0.029 1.602 1
0720 pf 49 -1.002 0.066 1.004 8
0720 pf 50 -0.790 2.054 2.201 7
0744 em 00 -0.818 0.598 1.014 8
0744 cf 00 -1.093 2.163 2.424 7
0744 pf 01 -0.094 0.475 0.484 7
0744 pf 02 -0.257 1.927 1.944 7
0744 pf 03 -0.032 0.482 0.483 7
0744 pf 04 -1.172 1.564 1.954 7
0744 pf 05 -1.870 -0.472 1.928 1
0744 pf 06 -0.386 0.732 0.828 7
0744 pf 07 -0.461 -1.343 1.420 2
0744 pf 08 0.252 0.500 0.560 6
0744 pf 09 -0.785 0.702 1.053 8
0744 pf 10 -0.217 -1.102 1.123 2
0744 pf 11 -1.353 0.919 1.635 8
0744 pf 12 -1.399 1.300 1.909 8
0744 pf 13 -1.573 0.234 1.590 8
0744 pf 14 -0.275 2.040 2.058 7
0744 pf 15 -2.291 1.168 2.572 8
0744 pf 16 -1.146 1.101 1.589 8
0744 pf 17 -0.618 -1.510 1.632 2
0744 pf 18 -0.984 1.677 1.944 7
0744 pf 19 -0.860 0.863 1.219 7
0744 pf 20 -2.307 2.320 3.272 7
0744 pf 21 -2.365 0.681 2.461 8
0744 pf 22 -0.739 -0.032 0.739 1
0744 pf 23 -0.412 -0.742 0.849 2
0744 pf 24 -0.785 0.373 0.869 8
0744 pf 25 -1.107 0.559 1.240 8
0744 pf 26 -0.076 0.331 0.339 7
0744 pf 27 0.158 1.699 1.706 6
0744 pf 28 0.353 0.456 0.576 6
0744 pf 29 0.532 0.267 0.595 5
0744 pf 30 -0.529 -0.254 0.587 1
0744 pf 31 -0.311 -0.441 0.540 2
0744 pf 32 -0.713 1.792 1.928 7
0744 pf 33 -1.337 0.257 1.361 8
0744 pf 34 -1.220 0.557 1.341 8
0744 pf 35 -0.810 -0.279 0.857 1
0744 pf 36 -2.609 0.400 2.640 8
0744 pf 37 -0.953 2.851 3.006 7
0744 pf 38 -0.552 0.823 0.991 7
0744 pf 39 1.406 0.855 1.646 5
0744 pf 40 -1.230 0.445 1.308 8
0744 pf 41 0.062 -1.080 1.082 3
0744 pf 42 -1.396 1.522 2.065 7
0744 pf 43 -0.364 0.351 0.505 8
0744 pf 44 0.062 -0.816 0.818 3
0744 pf 45 -0.507 1.156 1.262 7
0744 pf 46 -1.754 1.438 2.268 8
0744 pf 47 -1.847 -1.072 2.135 1
0744 pf 48 -1.191 -0.077 1.193 1
0744 pf 49 -1.028 -0.038 1.028 1
0744 pf 50 -1.175 2.054 2.367 7
0768 em 00 -0.754 0.547 0.932 8
0768 cf 00 -1.528 1.734 2.311 7
0768 pf 01 0.187 0.519 0.551 6
0768 pf 02 -0.125 1.858 1.862 7
0768 pf 03 -0.500 0.370 0.622 8
0768 pf 04 -0.988 1.438 1.745 7
0768 pf 05 -1.750 -0.845 1.944 1
0768 pf 06 -0.312 0.723 0.787 7
0768 pf 07 -0.325 -1.187 1.230 2
0768 pf 08 0.539 0.552 0.771 6
0768 pf 09 -0.406 0.774 0.874 7
0768 pf 10 -0.177 -1.042 1.056 2
0768 pf 11 -1.354 0.659 1.506 8
0768 pf 12 -1.515 1.209 1.939 8
0768 pf 13 -1.361 0.016 1.361 8
0768 pf 14 -0.494 2.352 2.403 7
0768 pf 15 -2.180 0.902 2.359 8
0768 pf 16 -0.545 0.958 1.102 7
0768 pf 17 -0.633 -1.176 1.336 2
0768 pf 18 -0.796 1.937 2.095 7
0768 pf 19 -1.118 0.928 1.454 8
0768 pf 20 -2.443 1.932 3.115 8
0768 pf 21 -2.482 0.502 2.533 8
0768 pf 22 -0.729 -0.235 0.766 1
0768 pf 23 0.031 -1.330 1.331 3
0768 pf 24 -0.385 0.687 0.788 7
0768 pf 25 -0.926 0.007 0.926 8
0768 pf 26 -0.195 0.405 0.449 7
0768 pf 27 -0.346 2.256 2.282 7
0768 pf 28 0.683 0.906 1.135 6
0768 pf 29 0.604 0.017 0.604 5
0768 pf 30 -0.415 0.102 0.427 8
0768 pf 31 -0.059 -0.287 0.293 2
0768 pf 32 -0.664 1.435 1.581 7
0768 pf 33 -1.203 0.232 1.225 8
0768 pf 34 -1.116 0.278 1.150 8
0768 pf 35 -0.564 -0.100 0.573 1
0768 pf 36 -1.965 0.306 1.988 8
0768 pf 37 -1.492 2.576 2.977 7
0768 pf 38 -0.451 1.031 1.125 7
0768 pf 39 0.912 0.707 1.154 5
0768 pf 40 -1.150 0.273 1.182 8
0768 pf 41 0.347 -0.764 0.839 3
0768 pf 42 -1.421 1.176 1.845 8
0768 pf 43 -0.477 0.105 0.488 8
0768 pf 44 -0.409 -0.753 0.857 2
0768 pf 45 -0.201 1.036 1.055 7
0768 pf 46 -1.765 1.357 2.226 8
0768 pf 47 -1.310 -1.375 1.900 2
0768 pf 48 -0.745 -0.215 0.776 1
0768 pf 49 -0.860 -0.072 0.863 1
0768 pf 50 -1.387 2.365 2.742 7
0792 em 00 -0.724 0.533 0.899 8
0792 cf 00 -1.515 1.427 2.081 8
0792 pf 01 0.181 0.464 0.498 6
0792 pf 02 -0.321 1.770 1.799 7
0792 pf 03 -0.547 0.285 0.616 8
0792 pf 04 -0.742 1.131 1.352 7
0792 pf 05 -1.459 -1.039 1.791 1
0792 pf 06 -0.514 0.961 1.090 7
0792 pf 07 -0.272 -0.834 0.877 2
0792 pf 08 0.123 0.320 0.343 6
0792 pf 09 -0.367 1.016 1.080 7
0792 pf 10 -0.282 -1.053 1.090 2
0792 pf 11 -1.593 0.569 1.692 8
0792 pf 12 -1.365 1.050 1.722 8
0792 pf 13 -0.957 -0.173 0.972 1
0792 pf 14 -0.839 2.231 2.384 7
0792 pf 15 -2.446 0.901 2.607 8
0792 pf 16 -0.480 0.567 0.743 7
0792 pf 17 -0.071 -1.054 1.056 2
0792 pf 18 -0.752 2.025 2.160 7
0792 pf 19 -1.328 1.143 1.752 8
0792 pf 20 -2.177 1.617 2.712 8
0792 pf 21 -2.128 0.199 2.138 8
0792 pf 22 -0.496 -0.249 0.555 1
0792 pf 23 -0.229 -1.415 1.434 2
0792 pf 24 -0.141 0.660 0.675 7
0792 pf 25 -0.654 -0.092 0.660 1
0792 pf 26 -0.012 0.544 0.544 7
0792 pf 27 -0.777 2.142 2.278 7
0792 pf 28 0.850 1.076 1.371 6
0792 pf 29 0.748 0.554 0.931 5
0792 pf 30 -0.291 0.278 0.402 8
0792 pf 31 -0.185 -0.429 0.467 2
0792 pf 32 -0.548 0.998 1.139 7
0792 pf 33 -1.236 0.293 1.271 8
0792 pf 34 -1.037 0.404 1.113 8
0792 pf 35 -0.554 0.135 0.570 8
0792 pf 36 -1.460 -0.044 1.461 1
0792 pf 37 -1.699 2.464 2.993 7
0792 pf 38 -0.853 1.012 1.324 7
0792 pf 39 0.864 1.070 1.375 6
0792 pf 40 -1.031 0.311 1.077 8
0792 pf 41 0.301 -0.683 0.746 3
0792 pf 42 -1.554 0.949 1.821 8
0792 pf 43 -0.417 0.227 0.474 8
0792 pf 44 -0.913 -0.827 1.232 1
0792 pf 45 0.164 0.893 0.908 6
0792 pf 46 -2.009 1.545 2.534 8
0792 pf 47 -0.965 -1.301 1.620 2
0792 pf 48 -0.412 0.124 0.431 8
0792 pf 49 -0.651 0.120 0.662 8
0792 pf 50 -1.407 2.247 2.651 7
0816 em 00 -0.663 0.478 0.817 8
0816 cf 00 -1.443 1.423 2.026 8
0816 pf 01 0.278 0.341 0.440 6
0816 pf 02 -0.231 2.204 2.216 7
0816 pf 03 -0.431 -0.050 0.434 1
0816 pf 04 -0.856 0.800 1.171 8
0816 pf 05 -1.283 -0.897 1.566 1
0816 pf 06 -0.854 0.864 1.214 7
0816 pf 07 -0.022 -0.480 0.481 2
0816 pf 08 0.101 0.064 0.120 5
0816 pf 09 -0.365 0.805 0.884 7
0816 pf 10 -0.313 -1.145 1.187 2
0816 pf 11 -1.358 0.503 1.448 8
0816 pf 12 -1.696 1.036 1.987 8
0816 pf 13 -0.779 -0.308 0.837 1
0816 pf 14 -0.939 2.480 2.652 7
0816 pf 15 -2.301 0.316 2.323 8
0816 pf 16 -0.358 0.289 0.460 8
0816 pf 17 0.220 -0.778 0.809 3
0816 pf 18 -1.123 2.030 2.320 7
0816 pf 19 -1.121 1.167 1.618 7
0816 pf 20 -2.209 1.291 2.558 8
0816 pf 21 -1.868 -0.226 1.882 1
0816 pf 22 -0.306 -0.463 0.555 2
0816 pf 23 0.180 -1.162 1.176 3
0816 pf 24 -0.242 0.947 0.977 7
0816 pf 25 -0.680 -0.527 0.860 1
0816 pf 26 -0.157 0.544 0.566 7
0816 pf 27 -0.903 2.072 2.260 7
0816 pf 28 1.022 0.998 1.428 5
0816 pf 29 0.682 0.601 0.909 5
0816 pf 30 -0.395 0.282 0.485 8
0816 pf 31 0.105 -0.745 0.752 3
0816 pf 32 -0.666 0.732 0.989 7
0816 pf 33 -1.331 0.131 1.337 8
0816 pf 34 -0.824 0.392 0.913 8
0816 pf 35 -0.575 0.338 0.667 8
0816 pf 36 -1.135 -0.285 1.170 1
0816 pf 37 -1.811 2.340 2.960 7
0816 pf 38 -0.873 1.199 1.483 7
0816 pf 39 0.868 1.546 1.773 6
0816 pf 40 -0.519 0.316 0.607 8
0816 pf 41 0.282 -0.485 0.561 3
0816 pf 42 -1.405 0.865 1.650 8
0816 pf 43 -0.498 0.213 0.541 8
0816 pf 44 -1.043 -0.752 1.286 1
0816 pf 45 0.329 0.800 0.865 6
0816 pf 46 -2.269 1.164 2.550 8
0816 pf 47 -0.246 -1.218 1.243 2
0816 pf 48 -0.141 0.109 0.178 8
0816 pf 49 -0.364 0.145 0.392 8
0816 pf 50 -1.567 1.995 2.537 7
0840 em 00 -0.641 0.476 0.798 8
0840 cf 00 -1.476 1.257 1.939 8
0840 pf 01 0.232 0.091 0.250 5
0840 pf 02 0.268 2.274 2.290 6
0840 pf 03 -0.257 0.240 0.352 8
0840 pf 04 -0.647 0.757 0.996 7
0840 pf 05 -0.953 -0.819 1.257 1
0840 pf 06 -0.726 0.495 0.878 8
0840 pf 07 0.184 -0.148 0.236 4
0840 pf 08 -0.200 0.192 0.277 8
0840 pf 09 -0.535 0.571 0.782 7
0840 pf 10 -0.176 -1.036 1.051 2
0840 pf 11 -1.492 0.928 1.757 8
0840 pf 12 -1.644 0.972 1.910 8
0840 pf 13 -0.532 -0.637 0.830 2
0840 pf 14 -1.283 2.503 2.812 7
0840 pf 15 -2.389 0.455 2.432 8
0840 pf 16 0.269 0.184 0.326 5
0840 pf 17 0.388 -0.739 0.834 3
0840 pf 18 -1.195 1.948 2.285 7
0840 pf 19 -0.955 1.142 1.489 7
0840 pf 20 -1.900 0.770 2.050 8
0840 pf 21 -1.499 -0.734 1.669 1
0840 pf 22 -0.296 -0.549 0.624 2
0840 pf 23 0.309 -0.694 0.760 3
0840 pf 24 -0.610 1.011 1.181 7
0840 pf 25 -0.571 -0.716 0.916 2
0840 pf 26 0.033 0.341 0.342 6
0840 pf 27 -0.702 2.130 2.243 7
0840 pf 28 0.687 0.941 1.165 6
0840 pf 29 0.258 1.514 1.536 6
0840 pf 30 -0.582 0.103 0.591 8
0840 pf 31 0.081 -0.490 0.496 3
0840 pf 32 -0.752 1.049 1.291 7
0840 pf 33 -1.066 0.176 1.080 8
0840 pf 34 -0.996 0.625 1.176 8
0840 pf 35 -0.472 0.065 0.476 8
0840 pf 36 -0.882 -0.464 0.997 1
0840 pf 37 -1.966 1.892 2.728 8
0840 pf 38 -1.033 1.005 1.442 8
0840 pf 39 0.609 1.673 1.780 6
0840 pf 40 -0.108 0.227 0.251 7
0840 pf 41 0.107 -0.087 0.138 4
0840 pf 42 -1.070 0.860 1.373 8
0840 pf 43 -0.749 0.046 0.751 8
0840 pf 44 -1.307 -0.668 1.468 1
0840 pf 45 -0.052 0.713 0.715 7
0840 pf 46 -2.370 1.174 2.645 8
0840 pf 47 -0.076 -1.103 1.105 2
0840 pf 48 -0.114 0.218 0.246 7
0840 pf 49 -0.488 0.502 0.700 7
0840 pf 50 -1.507 1.526 2.145 7
0864 em 00 -0.583 0.402 0.709 8
0864 cf 00 -1.494 1.066 1.835 8
0864 pf 01 -0.246 -0.263 0.360 2
0864 pf 02 0.380 1.910 1.947 6
0864 pf 03 0.209 0.330 0.391 6
0864 pf 04 -0.634 0.658 0.914 7
0864 pf 05 -0.562 -0.897 1.059 2
0864 pf 06 -0.750 0.162 0.767 8
0864 pf 07 0.501 0.020 0.501 5
0864 pf 08 -0.172 0.289 0.337 7
0864 pf 09 -0.178 0.164 0.242 8
0864 pf 10 -0.041 -1.152 1.153 2
0864 pf 11 -1.404 1.074 1.768 8
0864 pf 12 -1.574 0.519 1.657 8
0864 pf 13 -0.367 -0.781 0.863 2
0864 pf 14 -1.409 2.515 2.883 7
0864 pf 15 -2.105 0.412 2.145 8
0864 pf 16 0.525 -0.005 0.525 4
0864 pf 17 0.100 -0.582 0.591 3
0864 pf 18 -1.334 1.954 2.365 7
0864 pf 19 -1.121 0.776 1.364 8
0864 pf 20 -2.073 0.854 2.242 8
0864 pf 21 -0.915 -0.660 1.129 1
0864 pf 22 -0.415 -0.702 0.815 2
0864 pf 23 0.596 -0.759 0.965 3
0864 pf 24 -0.722 1.294 1.482 7
0864 pf 25 -0.554 -1.013 1.154 2
0864 pf 26 -0.190 0.352 0.400 7
0864 pf 27 -0.590 1.998 2.084 7
0864 pf 28 0.342 0.856 0.922 6
0864 pf 29 -0.217 1.605 1.620 7
0864 pf 30 -0.283 0.143 0.317 8
0864 pf 31 0.253 -0.410 0.482 3
0864 pf 32 -0.887 1.104 1.416 7
0864 pf 33 -0.830 -0.099 0.835 1
0864 pf 34 -0.767 0.475 0.903 8
0864 pf 35 -0.291 0.157 0.330 8
0864 pf 36 -0.582 -0.557 0.806 1
0864 pf 37 -1.625 1.874 2.480 7
0864 pf 38 -1.287 1.068 1.672 8
0864 pf 39 -0.157 1.831 1.837 7
0864 pf 40 -0.167 -0.037 0.171 1
0864 pf 41 0.168 -0.042 0.173 4
0864 pf 42 -0.675 0.846 1.082 7
0864 pf 43 -0.638 0.063 0.641 8
0864 pf 44 -1.116 -0.607 1.270 1
0864 pf 45 0.134 0.953 0.963 6
0864 pf 46 -2.150 0.927 2.342 8
0864 pf 47 0.463 -1.114 1.206 3
0864 pf 48 -0.143 -0.217 0.260 2
0864 pf 49 -0.595 0.718 0.932 7
0864 pf 50 -1.562 0.859 1.783 8
0888 em 00 -0.583 0.394 0.703 8
0888 cf 00 -1.403 0.846 1.639 8
0888 pf 01 -0.265 -0.336 0.428 2
0888 pf 02 0.301 1.988 2.011 6
0888 pf 03 0.688 0.491 0.845 5
0888 pf 04 -0.637 1.128 1.296 7
0888 pf 05 -0.270 -0.533 0.597 2
0888 pf 06 -0.269 0.138 0.302 8
0888 pf 07 0.192 -0.025 0.194 4
0888 pf 08 0.223 0.364 0.427 6
0888 pf 09 -0.223 0.022 0.224 8
0888 pf 10 -0.444 -1.061 1.150 2
0888 pf 11 -1.345 1.071 1.719 8
0888 pf 12 -1.812 -0.051 1.812 1
0888 pf 13 -0.311 -0.688 0.755 2
0888 pf 14 -1.688 2.376 2.915 7
0888 pf 15 -2.001 0.200 2.011 8
0888 pf 16 0.966 -0.283 1.006 4
0888 pf 17 -0.141 -0.564 0.582 2
0888 pf 18 -1.375 1.791 2.258 7
0888 pf 19 -1.155 0.363 1.211 8
0888 pf 20 -2.246 0.728 2.361 8
0888 pf 21 -0.197 -0.524 0.560 2
0888 pf 22 -0.396 -0.433 0.587 2
0888 pf 23 0.649 -0.770 1.007 3
0888 pf 24 -1.278 1.191 1.747 8
0888 pf 25 -0.625 -0.974 1.157 2
0888 pf 26 -0.417 0.439 0.605 7
0888 pf 27 -0.979 1.829 2.075 7
0888 pf 28 0.211 0.765 0.794 6
0888 pf 29 -0.690 1.812 1.939 7
0888 pf 30 -0.095 0.231 0.250 7
0888 pf 31 0.328 -0.301 0.445 4
0888 pf 32 -0.937 0.759 1.206 8
0888 pf 33 -0.900 -0.242 0.932 1
0888 pf 34 -1.067 0.671 1.260 8
0888 pf 35 -0.190 0.034 0.193 8
0888 pf 36 -0.303 -0.469 0.558 2
0888 pf 37 -1.638 1.789 2.425 7
0888 pf 38 -1.632 1.054 1.943 8
0888 pf 39 -0.678 2.016 2.127 7
0888 pf 40 -0.169 -0.174 0.242 2
0888 pf 41 0.882 0.034 0.883 5
0888 pf 42 -0.849 0.597 1.038 8
0888 pf 43 -0.677 0.450 0.813 8
0888 pf 44 -0.953 -0.454 1.056 1
0888 pf 45 0.065 1.125 1.127 6
0888 pf 46 -1.938 0.600 2.029 8
0888 pf 47 0.869 -1.098 1.400 3
0888 pf 48 -0.339 -0.174 0.381 1
0888 pf 49 -0.853 0.890 1.233 7
0888 pf 50 -1.111 0.837 1.391 8
0912 em 00 -0.552 0.359 0.659 8
0912 cf 00 -1.302 0.797 1.527 8
0912 pf 01 -0.240 -0.281 0.370 2
0912 pf 02 -0.193 2.183 2.191 7
0912 pf 03 0.848 0.868 1.214 6
0912 pf 04 -0.542 1.557 1.648 7
0912 pf 05 0.031 -0.419 0.420 3
0912 pf 06 0.007 0.029 0.030 6
0912 pf 07 0.112 0.266 0.289 6
0912 pf 08 0.053 0.325 0.329 6
0912 pf 09 0.008 0.091 0.091 6
0912 pf 10 -0.410 -0.863 0.956 2
0912 pf 11 -1.853 0.827 2.030 8
0912 pf 12 -1.874 -0.248 1.890 1
0912 pf 13 -0.499 -0.683 0.845 2
0912 pf 14 -1.785 2.054 2.721 7
0912 pf 15 -1.695 0.026 1.695 8
0912 pf 16 0.849 -0.413 0.944 4
0912 pf 17 -0.353 -0.456 0.576 2
0912 pf 18 -1.300 1.543 2.018 7
0912 pf 19 -1.388 0.469 1.466 8
0912 pf 20 -2.047 0.768 2.186 8
0912 pf 21 0.133 -0.562 0.578 3
0912 pf 22 -0.300 -0.419 0.515 2
0912 pf 23 0.789 -0.496 0.933 4
0912 pf 24 -1.832 1.000 2.088 8
0912 pf 25 -0.232 -1.162 1.185 2
0912 pf 26 -0.011 0.436 0.436 7
0912 pf 27 -1.167 1.544 1.936 7
0912 pf 28 0.072 0.580 0.584 6
0912 pf 29 -0.884 1.880 2.077 7
0912 pf 30 -0.024 0.042 0.048 7
0912 pf 31 0.541 -0.197 0.576 4
0912 pf 32 -0.998 0.845 1.308 8
0912 pf 33 -0.863 -0.320 0.920 1
0912 pf 34 -1.156 0.563 1.285 8
0912 pf 35 0.075 0.206 0.219 6
0912 pf 36 0.046 -0.277 0.281 3
0912 pf 37 -1.868 1.355 2.307 8
0912 pf 38 -1.476 0.618 1.600 8
0912 pf 39 -0.995 1.763 2.024 7
0912 pf 40 -0.185 -0.184 0.261 1
0912 pf 41 1.306 0.028 1.306 5
0912 pf 42 -1.129 0.521 1.243 8
0912 pf 43 -0.556 0.857 1.021 7
0912 pf 44 -0.664 -0.317 0.736 1
0912 pf 45 0.266 0.941 0.978 6
0912 pf 46 -2.296 0.336 2.320 8
0912 pf 47 1.193 -0.972 1.539 4
0912 pf 48 -0.611 -0.397 0.728 1
0912 pf 49 -0.651 0.883 1.097 7
0912 pf 50 -0.692 0.312 0.759 8
0936 em 00 -0.556 0.295 0.629 8
0936 cf 00 -1.004 0.632 1.186 8
0936 pf 01 0.110 -0.134 0.173 3
0936 pf 02 -0.373 2.209 2.241 7
0936 pf 03 0.602 1.526 1.640 6
0936 pf 04 -0.734 1.965 2.098 7
0936 pf 05 0.061 -0.219 0.227 3
0936 pf 06 0.027 0.043 0.051 6
0936 pf 07 -0.121 0.198 0.232 7
0936 pf 08 -0.506 0.624 0.803 7
0936 pf 09 -0.139 0.156 0.209 7
0936 pf 10 -0.505 -0.939 1.066 2
0936 pf 11 -2.017 0.410 2.058 8
0936 pf 12 -1.792 -0.497 1.860 1
0936 pf 13 -0.192 -0.408 0.451 2
0936 pf 14 -1.713 1.349 2.181 8
0936 pf 15 -1.314 -0.327 1.354 1
0936 pf 16 0.781 -0.513 0.935 4
0936 pf 17 -0.381 -0.575 0.690 2
0936 pf 18 -0.976 1.533 1.818 7
0936 pf 19 -1.455 0.379 1.503 8
0936 pf 20 -1.896 0.599 1.989 8
0936 pf 21 0.341 -0.607 0.696 3
0936 pf 22 -0.284 -0.625 0.687 2
0936 pf 23 0.693 -0.393 0.796 4
0936 pf 24 -1.879 0.700 2.005 8
0936 pf 25 0.313 -1.244 1.282 3
0936 pf 26 0.175 0.627 0.651 6
0936 pf 27 -1.470 1.779 2.308 7
0936 pf 28 0.050 -0.083 0.097 3
0936 pf 29 -1.405 1.975 2.424 7
0936 pf 30 -0.117 0.096 0.151 8
0936 pf 31 0.692 0.062 0.695 5
0936 pf 32 -1.114 0.478 1.212 8
0936 pf 33 -0.620 -0.291 0.685 1
0936 pf 34 -0.965 0.567 1.119 8
0936 pf 35 0.325 0.448 0.553 6
0936 pf 36 0.563 -0.133 0.578 4
0936 pf 37 -2.480 0.999 2.673 8
0936 pf 38 -1.506 0.270 1.530 8
0936 pf 39 -1.121 1.292 1.710 7
0936 pf 40 -0.438 -0.369 0.572 1
0936 pf 41 1.458 0.279 1.485 5
0936 pf 42 -1.487 0.667 1.629 8
0936 pf 43 -0.794 0.782 1.115 8
0936 pf 44 -0.649 -0.920 1.126 2
0936 pf 45 0.221 1.166 1.187 6
0936 pf 46 -2.369 0.035 2.369 8
0936 pf 47 1.245 -0.805 1.483 4
0936 pf 48 -0.717 -0.955 1.194 2
0936 pf 49 -0.805 0.892 1.202 7
0936 pf 50 -0.309 -0.133 0.337 1
0960 em 00 -0.591 0.253 0.643 8
0960 cf 00 -0.724 0.151 0.740 8
0960 pf 01 0.252 -0.064 0.260 4
0960 pf 02 -0.787 2.035 2.182 7
0960 pf 03 0.508 2.185 2.244 6
0960 pf 04 -0.898 1.773 1.988 7
0960 pf 05 0.149 -0.024 0.151 4
0960 pf 06 -0.318 -0.057 0.324 1
0960 pf 07 -0.257 0.300 0.395 7
0960 pf 08 -0.910 1.040 1.382 7
0960 pf 09 -0.199 0.315 0.373 7
0960 pf 10 -0.351 -1.139 1.192 2
0960 pf 11 -1.980 0.232 1.994 8
0960 pf 12 -1.593 -0.738 1.756 1
0960 pf 13 0.030 -0.350 0.351 3
0960 pf 14 -1.821 1.180 2.170 8
0960 pf 15 -1.016 -0.487 1.127 1
0960 pf 16 0.621 -1.080 1.246 3
0960 pf 17 -0.384 -0.468 0.605 2
0960 pf 18 -0.873 1.631 1.850 7
0960 pf 19 -1.313 0.524 1.414 8
0960 pf 20 -1.824 0.246 1.840 8
0960 pf 21 0.257 -0.568 0.623 3
0960 pf 22 -0.208 -0.891 0.915 2
0960 pf 23 0.529 -0.224 0.575 4
0960 pf 24 -1.903 0.579 1.989 8
0960 pf 25 0.534 -1.164 1.280 3
0960 pf 26 0.214 0.389 0.444 6
0960 pf 27 -1.883 1.575 2.455 8
0960 pf 28 0.008 -0.346 0.346 3
0960 pf 29 -1.812 1.903 2.628 7
0960 pf 30 -0.172 -0.063 0.183 1
0960 pf 31 0.566 0.503 0.757 5
0960 pf 32 -0.854 0.687 1.096 8
0960 pf 33 -0.549 -0.177 0.577 1
0960 pf 34 -0.721 0.230 0.757 8
0960 pf 35 0.187 0.749 0.772 6
0960 pf 36 0.784 0.008 0.784 5
0960 pf 37 -2.892 0.707 2.977 8
0960 pf 38 -1.446 0.271 1.472 8
0960 pf 39 -1.441 1.306 1.945 8
0960 pf 40 -0.552 -0.320 0.638 1
0960 pf 41 0.999 0.443 1.093 5
0960 pf 42 -1.599 0.677 1.737 8
0960 pf 43 -1.086 0.640 1.261 8
0960 pf 44 -0.766 -1.064 1.312 2
0960 pf 45 0.410 1.264 1.329 6
0960 pf 46 -2.103 0.031 2.103 8
0960 pf 47 1.143 -0.615 1.298 4
0960 pf 48 -0.793 -1.254 1.484 2
0960 pf 49 -0.796 0.187 0.817 8
0960 pf 50 -0.277 -0.184 0.332 1
0984 em 00 -0.660 0.203 0.691 8
0984 cf 00 -0.685 0.008 0.685 8
0984 pf 01 0.130 0.233 0.267 6
0984 pf 02 -1.422 1.736 2.244 7
0984 pf 03 0.235 2.656 2.666 6
0984 pf 04 -1.263 1.458 1.929 7
0984 pf 05 0.135 0.054 0.146 5
0984 pf 06 -0.494 -0.115 0.507 1
0984 pf 07 -0.154 0.326 0.360 7
0984 pf 08 -0.969 0.968 1.370 8
0984 pf 09 -0.526 0.259 0.586 8
0984 pf 10 -0.236 -1.044 1.070 2
0984 pf 11 -1.583 -0.036 1.583 1
0984 pf 12 -1.248 -0.771 1.467 1
0984 pf 13 0.175 -0.576 0.602 3
0984 pf 14 -1.752 0.989 2.011 8
0984 pf 15 -0.872 -0.673 1.102 1
0984 pf 16 0.643 -1.208 1.368 3
0984 pf 17 -0.652 -0.281 0.710 1
0984 pf 18 -0.325 1.498 1.532 7
0984 pf 19 -1.506 0.504 1.588 8
0984 pf 20 -1.727 0.079 1.728 8
0984 pf 21 0.134 -0.230 0.267 3
0984 pf 22 -0.238 -1.317 1.339 2
0984 pf 23 0.363 0.069 0.369 5
0984 pf 24 -2.049 0.357 2.080 8
0984 pf 25 0.193 -1.450 1.463 3
0984 pf 26 -0.004 0.480 0.480 7
0984 pf 27 -2.326 1.426 2.729 8
0984 pf 28 -0.276 -0.532 0.599 2
0984 pf 29 -2.048 1.668 2.642 8
0984 pf 30 -0.275 -0.116 0.299 1
0984 pf 31 0.440 0.867 0.973 6
0984 pf 32 -1.007 0.712 1.233 8
0984 pf 33 -0.338 0.088 0.349 8
0984 pf 34 -0.853 0.033 0.854 8
0984 pf 35 0.183 0.536 0.567 6
0984 pf 36 0.653 0.077 0.657 5
0984 pf 37 -3.119 0.502 3.159 8
0984 pf 38 -1.296 0.184 1.309 8
0984 pf 39 -1.482 1.015 1.796 8
0984 pf 40 -0.278 -0.232 0.363 1
0984 pf 41 0.537 0.883 1.034 6
0984 pf 42 -1.759 0.490 1.826 8
0984 pf 43 -1.205 0.578 1.337 8
0984 pf 44 -0.730 -1.252 1.450 2
0984 pf 45 0.369 1.369 1.418 6
0984 pf 46 -1.902 -0.070 1.903 1
0984 pf 47 0.827 -0.399 0.918 4
0984 pf 48 -0.484 -1.699 1.766 2
0984 pf 49 -1.118 -0.312 1.161 1
0984 pf 50 -0.349 0.165 0.386 8
1008 em 00 -0.717 0.141 0.731 8
1008 cf 00 -0.753 -0.060 0.755 1
1008 pf 01 0.140 0.191 0.237 6
1008 pf 02 -1.943 1.211 2.289 8
1008 pf 03 -0.337 2.623 2.644 7
1008 pf 04 -1.174 1.067 1.587 8
1008 pf 05 -0.065 -0.135 0.150 2
1008 pf 06 -0.917 0.153 0.930 8
1008 pf 07 -0.052 0.041 0.066 8
1008 pf 08 -1.346 1.074 1.722 8
1008 pf 09 -0.778 0.518 0.934 8
1008 pf 10 -0.353 -0.816 0.889 2
1008 pf 11 -1.529 -0.555 1.627 1
1008 pf 12 -1.195 -0.757 1.415 1
1008 pf 13 0.159 -0.490 0.515 3
1008 pf 14 -1.453 1.061 1.799 8
1008 pf 15 -0.955 -0.617 1.137 1
1008 pf 16 0.592 -1.048 1.204 3
1008 pf 17 -0.656 -0.228 0.695 1
1008 pf 18 -0.038 1.219 1.220 7
1008 pf 19 -1.599 0.527 1.684 8
1008 pf 20 -1.794 -0.251 1.811 1
1008 pf 21 -0.082 -0.340 0.349 2
1008 pf 22 -0.156 -1.394 1.403 2
1008 pf 23 0.345 0.475 0.587 6
1008 pf 24 -1.907 -0.061 1.908 1
1008 pf 25 0.033 -1.612 1.613 3
1008 pf 26 -0.154 0.438 0.465 7
1008 pf 27 -2.665 0.816 2.787 8
1008 pf 28 -0.272 -0.620 0.677 2
1008 pf 29 -2.166 1.430 2.596 8
1008 pf 30 0.126 -0.201 0.237 3
1008 pf 31 0.115 1.127 1.132 6
1008 pf 32 -1.148 0.619 1.304 8
1008 pf 33 -0.188 -0.030 0.190 1
1008 pf 34 -1.003 -0.308 1.049 1
1008 pf 35 0.001 0.230 0.230 6
1008 pf 36 0.365 0.614 0.714 6
1008 pf 37 -3.132 0.103 3.133 8
1008 pf 38 -0.826 0.180 0.845 8
1008 pf 39 -1.188 0.928 1.508 8
1008 pf 40 -0.201 0.006 0.201 8
1008 pf 41 0.111 1.395 1.399 6
1008 pf 42 -1.820 0.348 1.853 8
1008 pf 43 -0.988 0.373 1.056 8
1008 pf 44 -0.603 -1.016 1.181 2
1008 pf 45 0.351 1.092 1.147 6
1008 pf 46 -1.853 -0.438 1.904 1
1008 pf 47 0.428 -0.103 0.440 4
1008 pf 48 -0.510 -2.029 2.092 2
1008 pf 49 -1.134 -0.353 1.187 1
1008 pf 50 -0.388 0.300 0.490 8
1032 em 00 -0.708 0.068 0.711 8
1032 cf 00 -0.566 -0.226 0.609 1
1032 pf 01 0.389 0.558 0.680 6
1032 pf 02 -1.976 0.635 2.075 8
1032 pf 03 -0.905 2.562 2.718 7
1032 pf 04 -1.183 0.697 1.373 8
1032 pf 05 -0.225 -0.440 0.494 2
1032 pf 06 -1.474 -0.121 1.479 1
1032 pf 07 -0.408 0.065 0.413 8
1032 pf 08 -1.619 0.609 1.730 8
1032 pf 09 -1.166 0.266 1.196 8
1032 pf 10 -0.049 -0.655 0.657 2
1032 pf 11 -1.070 -0.923 1.413 1
1032 pf 12 -0.992 -0.928 1.358 1
1032 pf 13 0.371 -0.304 0.480 4
1032 pf 14 -1.218 1.511 1.941 7
1032 pf 15 -1.107 -0.899 1.426 1
1032 pf 16 0.535 -0.950 1.090 3
1032 pf 17 -0.807 -0.393 0.898 1
1032 pf 18 0.055 1.070 1.071 6
1032 pf 19 -1.733 0.376 1.774 8
1032 pf 20 -1.872 -0.339 1.902 1
1032 pf 21 -0.111 -0.404 0.419 2
1032 pf 22 0.035 -1.307 1.308 3
1032 pf 23 0.229 0.798 0.830 6
1032 pf 24 -1.848 -0.022 1.848 1
1032 pf 25 0.152 -1.790 1.796 3
1032 pf 26 -0.293 -0.070 0.302 1
1032 pf 27 -2.653 0.714 2.747 8
1032 pf 28 -0.153 -0.445 0.470 2
1032 pf 29 -2.339 0.933 2.518 8
1032 pf 30 0.383 0.233 0.449 5
1032 pf 31 -0.161 1.305 1.315 7
1032 pf 32 -1.090 0.281 1.125 8
1032 pf 33 -0.048 -0.140 0.148 2
1032 pf 34 -0.778 -0.122 0.788 1
1032 pf 35 -0.346 -0.057 0.351 1
1032 pf 36 -0.097 0.537 0.546 7
1032 pf 37 -2.937 -0.098 2.939 1
1032 pf 38 -0.656 -0.031 0.657 1
1032 pf 39 -1.059 0.888 1.382 8
1032 pf 40 0.016 0.261 0.262 6
1032 pf 41 -0.240 1.645 1.662 7
1032 pf 42 -1.513 0.399 1.565 8
1032 pf 43 -0.981 0.038 0.982 8
1032 pf 44 -0.388 -0.883 0.964 2
1032 pf 45 0.342 0.963 1.022 6
1032 pf 46 -1.380 -0.620 1.513 1
1032 pf 47 0.111 0.088 0.142 5
1032 pf 48 -0.015 -2.216 2.217 2
1032 pf 49 -0.825 -0.487 0.958 1
1032 pf 50 -0.392 0.407 0.565 7
1056 em 00 -0.781 -0.023 0.781 1
1056 cf 00 -0.518 -0.274 0.586 1
1056 pf 01 0.248 0.548 0.601 6
1056 pf 02 -2.124 0.097 2.126 8
1056 pf 03 -1.735 2.287 2.871 7
1056 pf 04 -1.162 0.566 1.293 8
1056 pf 05 -0.300 -0.678 0.741 2
1056 pf 06 -1.544 -0.219 1.560 1
1056 pf 07 -0.486 -0.199 0.525 1
1056 pf 08 -1.856 0.025 1.856 8
1056 pf 09 -1.478 0.207 1.493 8
1056 pf 10 0.072 -0.368 0.375 3
1056 pf 11 -0.949 -1.049 1.415 2
1056 pf 12 -0.836 -0.849 1.191 2
1056 pf 13 0.438 0.209 0.485 5
1056 pf 14 -1.779 1.591 2.387 8
1056 pf 15 -1.154 -1.293 1.733 2
1056 pf 16 0.535 -0.667 0.856 3
1056 pf 17 -0.911 -0.681 1.138 1
1056 pf 18 -0.039 0.903 0.903 7
1056 pf 19 -1.706 0.273 1.728 8
1056 pf 20 -2.003 -0.469 2.057 1
1056 pf 21 -0.279 -0.334 0.435 2
1056 pf 22 0.073 -1.326 1.327 3
1056 pf 23 -0.284 1.135 1.170 7
1056 pf 24 -1.673 -0.152 1.680 1
1056 pf 25 0.043 -1.614 1.614 3
1056 pf 26 -0.080 -0.130 0.153 2
1056 pf 27 -2.495 0.628 2.573 8
1056 pf 28 -0.045 -0.429 0.432 2
1056 pf 29 -2.479 0.691 2.573 8
1056 pf 30 0.628 0.327 0.708 5
1056 pf 31 -0.425 1.316 1.383 7
1056 pf 32 -1.399 -0.200 1.413 1
1056 pf 33 -0.377 -0.298 0.480 1
1056 pf 34 -0.969 -0.523 1.101 1
1056 pf 35 -0.107 -0.276 0.296 2
1056 pf 36 -0.208 0.384 0.437 7
1056 pf 37 -2.714 -0.478 2.756 1
1056 pf 38 -0.533 0.138 0.551 8
1056 pf 39 -0.899 0.648 1.108 8
1056 pf 40 -0.325 -0.024 0.326 1
1056 pf 41 -0.637 1.574 1.698 7
1056 pf 42 -1.772 0.180 1.782 8
1056 pf 43 -1.002 -0.171 1.016 1
1056 pf 44 -0.498 -0.858 0.992 2
1056 pf 45 0.198 1.068 1.086 6
1056 pf 46 -0.943 -1.222 1.544 2
1056 pf 47 -0.193 0.328 0.380 7
1056 pf 48 -0.066 -2.136 2.137 2
1056 pf 49 -0.510 -0.405 0.651 1
1056 pf 50 -0.591 0.572 0.822 8
1080 em 00 -0.738 -0.121 0.748 1
1080 cf 00 -0.423 -0.621 0.752 2
1080 pf 01 0.029 0.695 0.696 6
1080 pf 02 -2.027 -0.200 2.036 1
1080 pf 03 -1.684 1.896 2.536 7
1080 pf 04 -1.047 0.270 1.081 8
1080 pf 05 0.095 -0.766 0.772 3
1080 pf 06 -1.057 -0.193 1.074 1
1080 pf 07 -0.426 -0.299 0.521 1
1080 pf 08 -1.614 -0.360 1.653 1
1080 pf 09 -1.328 0.005 1.328 8
1080 pf 10 0.351 -0.031 0.353 4
1080 pf 11 -0.381 -1.114 1.177 2
1080 pf 12 -0.474 -1.144 1.238 2
1080 pf 13 0.431 0.350 0.555 5
1080 pf 14 -2.203 1.071 2.450 8
1080 pf 15 -1.144 -1.475 1.867 2
1080 pf 16 0.564 -0.529 0.773 4
1080 pf 17 -1.103 -0.932 1.444 1
1080 pf 18 -0.130 1.114 1.122 7
1080 pf 19 -1.774 0.141 1.780 8
1080 pf 20 -1.690 -0.627 1.802 1
1080 pf 21 -0.458 -0.261 0.527 1
1080 pf 22 0.316 -1.281 1.319 3
1080 pf 23 -0.572 1.405 1.517 7
1080 pf 24 -1.506 -0.215 1.521 1
1080 pf 25 0.349 -1.477 1.518 3
1080 pf 26 -0.158 -0.343 0.378 2
1080 pf 27 -2.116 0.381 2.150 8
1080 pf 28 0.469 -0.245 0.529 4
1080 pf 29 -2.561 0.226 2.571 8
1080 pf 30 0.338 0.503 0.606 6
1080 pf 31 -0.549 1.594 1.686 7
1080 pf 32 -1.468 -0.573 1.576 1
1080 pf 33 -1.047 -0.448 1.139 1
1080 pf 34 -0.772 -0.746 1.074 1
1080 pf 35 0.040 -0.114 0.120 3
1080 pf 36 -0.632 0.295 0.698 8
1080 pf 37 -2.510 -0.739 2.617 1
1080 pf 38 -0.360 0.345 0.498 8
1080 pf 39 -0.739 0.558 0.926 8
1080 pf 40 -0.575 -0.342 0.669 1
1080 pf 41 -0.940 1.745 1.982 7
1080 pf 42 -2.038 0.120 2.041 8
1080 pf 43 -0.928 -0.486 1.047 1
1080 pf 44 -0.604 -0.989 1.159 2
1080 pf 45 -0.066 1.059 1.061 7
1080 pf 46 -0.683 -1.852 1.974 2
1080 pf 47 -0.469 0.510 0.693 7
1080 pf 48 0.243 -2.456 2.468 3
1080 pf 49 0.012 -0.596 0.596 3
1080 pf 50 -0.654 0.586 0.878 8
1104 em 00 -0.702 -0.186 0.726 1
1104 cf 00 -0.615 -0.781 0.994 2
1104 pf 01 0.260 0.425 0.498 6
1104 pf 02 -1.944 -0.092 1.946 1
1104 pf 03 -1.701 1.443 2.231 8
1104 pf 04 -0.837 0.052 0.839 8
1104 pf 05 0.063 -1.119 1.120 3
1104 pf 06 -1.172 -0.341 1.220 1
1104 pf 07 -0.139 -0.425 0.447 2
1104 pf 08 -1.723 -0.786 1.894 1
1104 pf 09 -1.289 0.013 1.290 8
1104 pf 10 0.500 0.225 0.548 5
1104 pf 11 -0.202 -0.772 0.798 2
1104 pf 12 0.071 -1.190 1.192 3
1104 pf 13 0.430 0.514 0.670 6
1104 pf 14 -2.366 0.774 2.489 8
1104 pf 15 -0.831 -1.607 1.809 2
1104 pf 16 0.932 -0.332 0.989 4
1104 pf 17 -1.179 -0.915 1.493 1
1104 pf 18 -0.021 1.344 1.344 7
1104 pf 19 -1.894 -0.007 1.894 1
1104 pf 20 -1.618 -1.167 1.995 1
1104 pf 21 -0.709 -0.272 0.760 1
1104 pf 22 0.614 -1.103 1.262 3
1104 pf 23 -0.701 1.488 1.644 7
1104 pf 24 -1.463 -0.238 1.482 1
1104 pf 25 0.368 -1.320 1.370 3
1104 pf 26 -0.240 -0.155 0.286 1
1104 pf 27 -1.696 0.115 1.700 8
1104 pf 28 0.735 -0.303 0.795 4
1104 pf 29 -2.277 -0.243 2.290 1
1104 pf 30 0.322 0.543 0.632 6
1104 pf 31 -0.678 1.491 1.638 7
1104 pf 32 -1.232 -0.926 1.542 1
1104 pf 33 -1.369 -0.659 1.520 1
1104 pf 34 -0.591 -0.760 0.963 2
1104 pf 35 -0.164 0.341 0.379 7
1104 pf 36 -0.896 0.384 0.975 8
1104 pf 37 -2.321 -1.056 2.550 1
1104 pf 38 -0.425 0.275 0.506 8
1104 pf 39 -0.667 0.268 0.719 8
1104 pf 40 -0.826 -0.527 0.979 1
1104 pf 41 -1.131 1.924 2.232 7
1104 pf 42 -2.047 0.080 2.049 8
1104 pf 43 -0.763 -0.441 0.881 1
1104 pf 44 -0.647 -0.948 1.148 2
1104 pf 45 -0.373 0.842 0.921 7
1104 pf 46 -0.650 -2.050 2.151 2
1104 pf 47 -0.436 0.578 0.724 7
1104 pf 48 0.273 -2.119 2.136 3
1104 pf 49 0.135 -0.489 0.507 3
1104 pf 50 -0.693 0.121 0.703 8
