ecmf prod rt 2015030500 51 032
0024 em 00 1.263 0.087 1.266 5
0024 cf 00 1.231 0.077 1.234 5
0024 pf 01 1.385 0.171 1.395 5
0024 pf 02 1.148 -0.049 1.149 4
0024 pf 03 1.331 -0.009 1.331 4
0024 pf 04 1.255 -0.061 1.257 4
0024 pf 05 1.277 -0.030 1.278 4
0024 pf 06 1.257 0.028 1.257 5
0024 pf 07 1.216 -0.022 1.217 4
0024 pf 08 1.183 0.025 1.183 5
0024 pf 09 1.275 0.038 1.275 5
0024 pf 10 1.208 0.165 1.219 5
0024 pf 11 1.364 0.065 1.365 5
0024 pf 12 1.291 0.152 1.300 5
0024 pf 13 1.452 -0.051 1.453 4
0024 pf 14 1.199 0.159 1.209 5
0024 pf 15 1.157 0.054 1.158 5
0024 pf 16 1.304 0.107 1.308 5
0024 pf 17 1.256 0.185 1.270 5
0024 pf 18 1.271 0.145 1.279 5
0024 pf 19 1.180 0.123 1.187 5
0024 pf 20 1.170 0.052 1.171 5
0024 pf 21 1.189 0.183 1.203 5
0024 pf 22 1.137 0.126 1.144 5
0024 pf 23 1.224 -0.015 1.224 4
0024 pf 24 1.261 0.129 1.268 5
0024 pf 25 1.269 0.252 1.294 5
0024 pf 26 1.250 -0.047 1.251 4
0024 pf 27 1.269 0.022 1.269 5
0024 pf 28 1.319 0.094 1.322 5
0024 pf 29 1.351 -0.002 1.351 4
0024 pf 30 1.200 0.151 1.210 5
0024 pf 31 1.344 0.084 1.347 5
0024 pf 32 1.239 0.008 1.239 5
0024 pf 33 1.231 -0.083 1.234 4
0024 pf 34 1.249 0.182 1.262 5
0024 pf 35 1.291 0.007 1.291 5
0024 pf 36 1.417 0.174 1.428 5
0024 pf 37 1.192 0.058 1.193 5
0024 pf 38 1.234 0.092 1.237 5
0024 pf 39 1.342 0.193 1.355 5
0024 pf 40 1.154 0.206 1.172 5
0024 pf 41 1.217 0.199 1.233 5
0024 pf 42 1.406 0.063 1.407 5
0024 pf 43 1.214 0.003 1.214 5
0024 pf 44 1.203 0.137 1.211 5
0024 pf 45 1.338 0.135 1.345 5
0024 pf 46 1.194 0.202 1.211 5
0024 pf 47 1.226 0.067 1.228 5
0024 pf 48 1.187 0.196 1.203 5
0024 pf 49 1.271 0.138 1.278 5
0024 pf 50 1.222 0.030 1.222 5
0048 em 00 1.261 0.478 1.349 5
0048 cf 00 1.260 0.428 1.331 5
0048 pf 01 1.378 0.280 1.406 5
0048 pf 02 1.351 0.432 1.419 5
0048 pf 03 1.304 0.434 1.375 5
0048 pf 04 1.238 0.468 1.324 5
0048 pf 05 1.282 0.445 1.357 5
0048 pf 06 1.286 0.291 1.318 5
0048 pf 07 1.122 0.355 1.177 5
0048 pf 08 1.176 0.438 1.255 5
0048 pf 09 1.327 0.501 1.418 5
0048 pf 10 1.241 0.614 1.385 5
0048 pf 11 1.377 0.483 1.459 5
0048 pf 12 1.095 0.598 1.248 5
0048 pf 13 1.379 0.622 1.513 5
0048 pf 14 1.243 0.451 1.322 5
0048 pf 15 1.173 0.346 1.223 5
0048 pf 16 1.441 0.454 1.511 5
0048 pf 17 1.137 0.509 1.245 5
0048 pf 18 1.209 0.526 1.319 5
0048 pf 19 1.337 0.481 1.421 5
0048 pf 20 0.952 0.384 1.027 5
0048 pf 21 1.047 0.619 1.216 5
0048 pf 22 1.268 0.378 1.323 5
0048 pf 23 1.333 0.442 1.404 5
0048 pf 24 1.340 0.405 1.400 5
0048 pf 25 1.294 0.544 1.404 5
0048 pf 26 1.265 0.456 1.345 5
0048 pf 27 1.317 0.371 1.368 5
0048 pf 28 1.132 0.407 1.203 5
0048 pf 29 1.371 0.611 1.501 5
0048 pf 30 1.106 0.409 1.180 5
0048 pf 31 1.417 0.537 1.516 5
0048 pf 32 1.377 0.218 1.394 5
0048 pf 33 1.232 0.400 1.296 5
0048 pf 34 1.144 0.561 1.274 5
0048 pf 35 1.484 0.481 1.560 5
0048 pf 36 1.343 0.739 1.533 5
0048 pf 37 1.239 0.333 1.283 5
0048 pf 38 1.302 0.568 1.420 5
0048 pf 39 1.398 0.712 1.569 5
0048 pf 40 1.079 0.329 1.128 5
0048 pf 41 1.344 0.588 1.467 5
0048 pf 42 1.254 0.490 1.346 5
0048 pf 43 1.016 0.347 1.074 5
0048 pf 44 1.225 0.526 1.333 5
0048 pf 45 1.181 0.530 1.295 5
0048 pf 46 1.205 0.529 1.316 5
0048 pf 47 1.296 0.603 1.430 5
0048 pf 48 1.089 0.438 1.173 5
0048 pf 49 1.461 0.408 1.517 5
0048 pf 50 1.129 0.661 1.308 5
0072 em 00 1.145 0.958 1.494 5
0072 cf 00 1.106 1.004 1.493 5
0072 pf 01 1.249 1.000 1.600 5
0072 pf 02 1.260 0.862 1.526 5
0072 pf 03 1.099 0.918 1.432 5
0072 pf 04 0.940 0.667 1.153 5
0072 pf 05 1.382 0.853 1.624 5
0072 pf 06 1.081 0.894 1.403 5
0072 pf 07 0.857 0.953 1.282 6
0072 pf 08 1.216 0.907 1.516 5
0072 pf 09 1.319 1.081 1.705 5
0072 pf 10 0.900 1.255 1.544 6
0072 pf 11 1.189 1.036 1.577 5
0072 pf 12 1.099 1.004 1.488 5
0072 pf 13 1.234 1.143 1.682 5
0072 pf 14 0.995 0.960 1.383 5
0072 pf 15 1.194 0.839 1.459 5
0072 pf 16 1.361 1.040 1.713 5
0072 pf 17 0.979 0.667 1.185 5
0072 pf 18 1.174 0.968 1.522 5
0072 pf 19 1.245 1.168 1.707 5
0072 pf 20 0.937 0.953 1.336 6
0072 pf 21 0.847 0.939 1.265 6
0072 pf 22 1.159 1.063 1.573 5
0072 pf 23 1.178 1.015 1.555 5
0072 pf 24 1.235 1.151 1.688 5
0072 pf 25 1.210 0.966 1.549 5
0072 pf 26 1.144 0.756 1.371 5
0072 pf 27 1.248 0.982 1.588 5
0072 pf 28 0.844 0.820 1.177 5
0072 pf 29 1.224 1.068 1.624 5
0072 pf 30 1.031 0.794 1.301 5
0072 pf 31 1.184 0.852 1.459 5
0072 pf 32 1.268 0.618 1.410 5
0072 pf 33 1.103 0.851 1.393 5
0072 pf 34 1.028 0.711 1.250 5
0072 pf 35 1.186 0.815 1.438 5
0072 pf 36 1.280 1.306 1.829 6
0072 pf 37 1.306 0.936 1.607 5
0072 pf 38 1.169 1.011 1.546 5
0072 pf 39 1.249 1.022 1.614 5
0072 pf 40 1.064 0.839 1.355 5
0072 pf 41 1.342 1.157 1.772 5
0072 pf 42 1.050 0.979 1.436 5
0072 pf 43 1.127 0.782 1.372 5
0072 pf 44 1.262 1.092 1.670 5
0072 pf 45 1.005 0.896 1.346 5
0072 pf 46 1.047 0.996 1.445 5
0072 pf 47 1.187 1.136 1.643 5
0072 pf 48 0.966 0.934 1.343 5
0072 pf 49 1.309 0.823 1.546 5
0072 pf 50 0.938 1.059 1.415 6
0096 em 00 0.851 1.311 1.563 6
0096 cf 00 0.757 1.324 1.525 6
0096 pf 01 0.910 1.370 1.644 6
0096 pf 02 1.150 1.120 1.606 5
0096 pf 03 1.001 1.395 1.717 6
0096 pf 04 0.713 0.925 1.168 6
0096 pf 05 0.950 1.372 1.668 6
0096 pf 06 0.674 1.221 1.395 6
0096 pf 07 0.622 1.417 1.548 6
0096 pf 08 0.655 1.167 1.338 6
0096 pf 09 1.113 1.111 1.572 5
0096 pf 10 0.572 1.682 1.777 6
0096 pf 11 0.855 1.502 1.729 6
0096 pf 12 0.644 1.514 1.645 6
0096 pf 13 0.883 1.400 1.655 6
0096 pf 14 0.614 1.411 1.539 6
0096 pf 15 0.729 1.142 1.355 6
0096 pf 16 1.033 1.335 1.688 6
0096 pf 17 0.830 1.095 1.373 6
0096 pf 18 0.924 1.205 1.519 6
0096 pf 19 0.984 1.487 1.783 6
0096 pf 20 0.505 1.298 1.393 6
0096 pf 21 0.636 1.179 1.339 6
0096 pf 22 1.063 1.466 1.810 6
0096 pf 23 0.832 1.321 1.561 6
0096 pf 24 0.934 1.411 1.692 6
0096 pf 25 1.047 1.524 1.849 6
0096 pf 26 0.865 1.157 1.444 6
0096 pf 27 0.879 1.190 1.479 6
0096 pf 28 0.559 1.169 1.296 6
0096 pf 29 0.796 1.452 1.656 6
0096 pf 30 0.753 1.098 1.331 6
0096 pf 31 0.870 1.298 1.562 6
0096 pf 32 1.260 1.036 1.631 5
0096 pf 33 0.965 0.954 1.357 5
0096 pf 34 0.649 1.302 1.455 6
0096 pf 35 0.661 1.330 1.486 6
0096 pf 36 0.858 1.559 1.780 6
0096 pf 37 1.194 1.148 1.656 5
0096 pf 38 0.814 1.420 1.637 6
0096 pf 39 0.967 1.459 1.750 6
0096 pf 40 0.820 1.343 1.574 6
0096 pf 41 0.918 1.486 1.747 6
0096 pf 42 0.903 1.445 1.704 6
0096 pf 43 0.773 1.087 1.333 6
0096 pf 44 1.088 1.525 1.873 6
0096 pf 45 0.653 1.293 1.448 6
0096 pf 46 0.918 1.347 1.630 6
0096 pf 47 0.860 1.512 1.739 6
0096 pf 48 0.696 1.122 1.321 6
0096 pf 49 1.125 1.007 1.510 5
0096 pf 50 0.459 1.361 1.437 6
0120 em 00 0.401 1.697 1.744 6
0120 cf 00 0.237 1.686 1.703 6
0120 pf 01 0.437 1.804 1.856 6
0120 pf 02 0.849 1.652 1.857 6
0120 pf 03 0.429 1.659 1.714 6
0120 pf 04 0.314 1.202 1.242 6
0120 pf 05 0.491 1.871 1.935 6
0120 pf 06 0.149 1.604 1.611 6
0120 pf 07 0.266 1.606 1.628 6
0120 pf 08 0.136 1.679 1.684 6
0120 pf 09 0.585 1.769 1.864 6
0120 pf 10 0.202 2.172 2.181 6
0120 pf 11 0.493 1.786 1.853 6
0120 pf 12 0.299 1.866 1.889 6
0120 pf 13 0.362 1.755 1.792 6
0120 pf 14 0.333 1.604 1.638 6
0120 pf 15 0.071 1.453 1.454 6
0120 pf 16 0.448 1.559 1.622 6
0120 pf 17 0.640 1.281 1.432 6
0120 pf 18 0.446 1.670 1.729 6
0120 pf 19 0.417 2.099 2.141 6
0120 pf 20 -0.014 1.305 1.305 7
0120 pf 21 0.086 1.607 1.609 6
0120 pf 22 0.706 1.801 1.935 6
0120 pf 23 0.522 1.710 1.788 6
0120 pf 24 0.474 1.885 1.944 6
0120 pf 25 0.520 1.835 1.907 6
0120 pf 26 0.668 1.546 1.684 6
0120 pf 27 0.514 1.637 1.716 6
0120 pf 28 0.052 1.512 1.513 6
0120 pf 29 0.229 1.918 1.932 6
0120 pf 30 0.483 1.489 1.565 6
0120 pf 31 0.348 1.838 1.870 6
0120 pf 32 0.860 1.589 1.807 6
0120 pf 33 0.562 1.573 1.671 6
0120 pf 34 0.240 1.637 1.654 6
0120 pf 35 0.137 1.667 1.672 6
0120 pf 36 0.332 1.904 1.933 6
0120 pf 37 0.863 1.648 1.861 6
0120 pf 38 0.155 1.613 1.621 6
0120 pf 39 0.635 1.914 2.016 6
0120 pf 40 0.318 1.759 1.787 6
0120 pf 41 0.440 1.988 2.036 6
0120 pf 42 0.432 1.747 1.800 6
0120 pf 43 0.298 1.532 1.560 6
0120 pf 44 0.475 2.011 2.067 6
0120 pf 45 0.292 1.453 1.482 6
0120 pf 46 0.489 1.853 1.917 6
0120 pf 47 0.228 1.826 1.840 6
0120 pf 48 0.194 1.427 1.440 6
0120 pf 49 0.750 1.543 1.715 6
0120 pf 50 0.042 1.497 1.498 6
0144 em 00 0.246 1.887 1.903 6
0144 cf 00 0.128 1.738 1.743 6
0144 pf 01 0.050 2.268 2.268 6
0144 pf 02 0.870 2.120 2.291 6
0144 pf 03 0.338 1.990 2.019 6
0144 pf 04 0.181 1.496 1.507 6
0144 pf 05 0.277 2.039 2.058 6
0144 pf 06 0.219 2.096 2.108 6
0144 pf 07 0.116 1.625 1.629 6
0144 pf 08 -0.014 2.000 2.000 7
0144 pf 09 0.267 1.953 1.971 6
0144 pf 10 0.012 2.376 2.376 6
0144 pf 11 0.237 1.955 1.970 6
0144 pf 12 0.197 1.879 1.889 6
0144 pf 13 0.374 1.804 1.842 6
0144 pf 14 0.574 1.853 1.940 6
0144 pf 15 -0.015 1.731 1.731 7
0144 pf 16 0.369 1.973 2.007 6
0144 pf 17 0.734 1.298 1.491 6
0144 pf 18 0.041 1.742 1.743 6
0144 pf 19 0.220 1.987 1.999 6
0144 pf 20 -0.183 1.528 1.539 7
0144 pf 21 0.187 1.397 1.409 6
0144 pf 22 0.486 2.065 2.121 6
0144 pf 23 0.512 2.147 2.207 6
0144 pf 24 0.202 1.996 2.006 6
0144 pf 25 0.145 2.154 2.159 6
0144 pf 26 0.874 1.710 1.920 6
0144 pf 27 0.266 1.896 1.914 6
0144 pf 28 -0.248 1.732 1.750 7
0144 pf 29 0.168 2.031 2.038 6
0144 pf 30 0.399 1.547 1.597 6
0144 pf 31 0.170 2.004 2.011 6
0144 pf 32 0.550 1.690 1.777 6
0144 pf 33 0.336 1.740 1.772 6
0144 pf 34 0.155 1.702 1.709 6
0144 pf 35 0.068 1.743 1.744 6
0144 pf 36 0.178 1.963 1.971 6
0144 pf 37 0.704 1.737 1.874 6
0144 pf 38 -0.092 1.826 1.828 7
0144 pf 39 0.271 2.254 2.270 6
0144 pf 40 0.207 1.701 1.714 6
0144 pf 41 0.261 2.409 2.423 6
0144 pf 42 0.215 2.103 2.114 6
0144 pf 43 -0.150 1.575 1.582 7
0144 pf 44 0.167 2.137 2.144 6
0144 pf 45 0.125 1.646 1.651 6
0144 pf 46 0.242 2.128 2.142 6
0144 pf 47 -0.021 1.858 1.858 7
0144 pf 48 -0.093 1.736 1.738 7
0144 pf 49 0.522 1.997 2.064 6
0144 pf 50 -0.046 1.655 1.656 7
0168 em 00 0.148 2.158 2.163 6
0168 cf 00 0.179 2.022 2.030 6
0168 pf 01 -0.363 2.482 2.509 7
0168 pf 02 0.656 2.296 2.388 6
0168 pf 03 0.076 2.111 2.113 6
0168 pf 04 0.184 1.420 1.432 6
0168 pf 05 0.058 2.143 2.143 6
0168 pf 06 0.058 2.259 2.260 6
0168 pf 07 0.112 1.657 1.661 6
0168 pf 08 0.123 2.110 2.114 6
0168 pf 09 0.137 2.084 2.088 6
0168 pf 10 0.089 2.536 2.537 6
0168 pf 11 0.214 2.090 2.101 6
0168 pf 12 0.167 1.962 1.969 6
0168 pf 13 0.423 2.128 2.170 6
0168 pf 14 0.377 2.326 2.357 6
0168 pf 15 -0.435 1.887 1.937 7
0168 pf 16 0.466 2.404 2.448 6
0168 pf 17 0.724 1.805 1.945 6
0168 pf 18 0.081 2.227 2.228 6
0168 pf 19 0.192 2.238 2.246 6
0168 pf 20 -0.157 1.645 1.653 7
0168 pf 21 0.156 1.745 1.752 6
0168 pf 22 0.244 2.504 2.516 6
0168 pf 23 0.112 2.528 2.531 6
0168 pf 24 -0.202 2.126 2.136 7
0168 pf 25 -0.116 2.695 2.697 7
0168 pf 26 1.013 2.045 2.282 6
0168 pf 27 -0.035 2.303 2.303 7
0168 pf 28 -0.259 2.069 2.086 7
0168 pf 29 0.060 2.481 2.482 6
0168 pf 30 0.721 2.000 2.126 6
0168 pf 31 -0.049 2.249 2.250 7
0168 pf 32 0.419 1.947 1.991 6
0168 pf 33 0.187 2.027 2.036 6
0168 pf 34 0.177 1.758 1.767 6
0168 pf 35 0.058 2.069 2.069 6
0168 pf 36 0.045 1.992 1.993 6
0168 pf 37 0.499 2.186 2.242 6
0168 pf 38 0.040 2.228 2.228 6
0168 pf 39 -0.109 2.796 2.799 7
0168 pf 40 0.005 1.919 1.919 6
0168 pf 41 0.319 2.918 2.936 6
0168 pf 42 0.013 2.259 2.259 6
0168 pf 43 -0.020 1.845 1.845 7
0168 pf 44 -0.146 2.319 2.324 7
0168 pf 45 0.071 2.110 2.112 6
0168 pf 46 -0.310 2.321 2.342 7
0168 pf 47 0.216 2.205 2.216 6
0168 pf 48 -0.297 1.911 1.934 7
0168 pf 49 0.451 2.356 2.399 6
0168 pf 50 0.202 1.608 1.621 6
0192 em 00 0.087 2.543 2.545 6
0192 cf 00 0.341 2.338 2.363 6
0192 pf 01 -0.355 2.697 2.720 7
0192 pf 02 0.644 2.736 2.811 6
0192 pf 03 0.071 2.540 2.541 6
0192 pf 04 0.211 2.016 2.027 6
0192 pf 05 -0.275 2.530 2.545 7
0192 pf 06 0.024 2.327 2.327 6
0192 pf 07 0.494 2.038 2.097 6
0192 pf 08 0.058 2.214 2.215 6
0192 pf 09 -0.045 2.372 2.372 7
0192 pf 10 0.107 2.680 2.682 6
0192 pf 11 0.105 2.525 2.527 6
0192 pf 12 0.389 2.388 2.420 6
0192 pf 13 0.179 2.825 2.831 6
0192 pf 14 -0.131 2.661 2.665 7
0192 pf 15 -0.674 2.326 2.421 7
0192 pf 16 0.196 2.828 2.835 6
0192 pf 17 0.776 2.405 2.527 6
0192 pf 18 -0.106 2.597 2.599 7
0192 pf 19 0.173 2.532 2.538 6
0192 pf 20 0.127 2.056 2.060 6
0192 pf 21 0.464 1.952 2.006 6
0192 pf 22 0.054 3.097 3.097 6
0192 pf 23 -0.041 2.828 2.828 7
0192 pf 24 0.024 2.467 2.468 6
0192 pf 25 -0.399 3.004 3.030 7
0192 pf 26 1.022 2.872 3.048 6
0192 pf 27 -0.096 2.852 2.853 7
0192 pf 28 -0.396 2.341 2.374 7
0192 pf 29 -0.057 2.722 2.722 7
0192 pf 30 0.589 2.388 2.459 6
0192 pf 31 -0.216 2.518 2.527 7
0192 pf 32 0.565 2.634 2.694 6
0192 pf 33 0.141 2.330 2.334 6
0192 pf 34 0.134 2.313 2.317 6
0192 pf 35 -0.065 2.563 2.564 7
0192 pf 36 0.156 2.443 2.448 6
0192 pf 37 0.396 2.652 2.682 6
0192 pf 38 -0.087 2.448 2.449 7
0192 pf 39 -0.425 3.029 3.059 7
0192 pf 40 -0.104 2.229 2.231 7
0192 pf 41 -0.271 3.543 3.554 7
0192 pf 42 -0.047 2.533 2.534 7
0192 pf 43 0.274 2.250 2.267 6
0192 pf 44 -0.061 2.529 2.530 7
0192 pf 45 -0.161 2.637 2.642 7
0192 pf 46 -0.523 2.670 2.721 7
0192 pf 47 0.577 2.469 2.536 6
0192 pf 48 -0.682 2.350 2.447 7
0192 pf 49 0.354 2.664 2.688 6
0192 pf 50 0.093 1.773 1.776 6
0216 em 00 -0.231 2.855 2.864 7
0216 cf 00 0.009 2.690 2.690 6
0216 pf 01 -0.664 2.599 2.683 7
0216 pf 02 0.399 3.304 3.328 6
0216 pf 03 -0.204 2.959 2.966 7
0216 pf 04 -0.176 2.741 2.747 7
0216 pf 05 -0.373 2.440 2.469 7
0216 pf 06 -0.479 2.482 2.528 7
0216 pf 07 0.138 2.417 2.421 6
0216 pf 08 0.102 2.521 2.523 6
0216 pf 09 -0.226 2.976 2.985 7
0216 pf 10 -0.184 3.010 3.015 7
0216 pf 11 -0.274 2.929 2.942 7
0216 pf 12 0.086 2.268 2.270 6
0216 pf 13 -0.305 3.214 3.228 7
0216 pf 14 -0.564 2.782 2.839 7
0216 pf 15 -1.036 2.307 2.529 7
0216 pf 16 -0.177 3.230 3.235 7
0216 pf 17 0.713 3.031 3.114 6
0216 pf 18 -0.059 2.997 2.997 7
0216 pf 19 -0.257 3.129 3.139 7
0216 pf 20 -0.095 2.327 2.329 7
0216 pf 21 0.703 2.256 2.363 6
0216 pf 22 -0.503 3.451 3.487 7
0216 pf 23 -0.694 2.905 2.987 7
0216 pf 24 -0.331 2.834 2.853 7
0216 pf 25 -0.870 2.932 3.058 7
0216 pf 26 0.489 3.634 3.667 6
0216 pf 27 -0.361 2.763 2.787 7
0216 pf 28 -0.927 2.510 2.676 7
0216 pf 29 -0.590 2.797 2.859 7
0216 pf 30 0.181 2.781 2.787 6
0216 pf 31 -0.558 2.747 2.803 7
0216 pf 32 0.395 3.221 3.245 6
0216 pf 33 -0.424 2.830 2.861 7
0216 pf 34 0.078 2.466 2.467 6
0216 pf 35 -0.387 2.814 2.840 7
0216 pf 36 0.041 2.704 2.704 6
0216 pf 37 0.029 3.310 3.310 6
0216 pf 38 -0.325 2.890 2.909 7
0216 pf 39 -0.558 3.213 3.261 7
0216 pf 40 -0.453 2.473 2.514 7
0216 pf 41 -0.960 3.739 3.861 7
0216 pf 42 -0.424 2.973 3.004 7
0216 pf 43 -0.001 2.834 2.834 6
0216 pf 44 -0.553 2.856 2.909 7
0216 pf 45 -0.590 2.963 3.021 7
0216 pf 46 -0.881 2.668 2.810 7
0216 pf 47 0.600 2.705 2.771 6
0216 pf 48 -1.081 2.603 2.818 7
0216 pf 49 0.162 2.979 2.984 6
0216 pf 50 -0.238 2.189 2.202 7
0240 em 00 -0.640 3.102 3.167 7
0240 cf 00 -0.400 3.030 3.056 7
0240 pf 01 -0.858 2.651 2.787 7
0240 pf 02 -0.254 3.977 3.985 7
0240 pf 03 -0.798 3.005 3.109 7
0240 pf 04 -0.606 3.342 3.397 7
0240 pf 05 -0.771 2.547 2.661 7
0240 pf 06 -0.667 2.951 3.026 7
0240 pf 07 -0.003 2.838 2.838 7
0240 pf 08 -0.182 2.578 2.584 7
0240 pf 09 -0.600 3.199 3.255 7
0240 pf 10 -0.494 3.202 3.240 7
0240 pf 11 -0.590 3.275 3.328 7
0240 pf 12 -0.157 2.576 2.581 7
0240 pf 13 -0.710 3.518 3.589 7
0240 pf 14 -1.238 2.990 3.236 7
0240 pf 15 -1.434 2.515 2.895 7
0240 pf 16 -0.960 3.481 3.611 7
0240 pf 17 0.255 3.527 3.536 6
0240 pf 18 -0.238 2.975 2.985 7
0240 pf 19 -1.045 3.324 3.485 7
0240 pf 20 -0.309 2.742 2.759 7
0240 pf 21 0.619 2.359 2.439 6
0240 pf 22 -1.047 3.786 3.928 7
0240 pf 23 -1.223 3.277 3.498 7
0240 pf 24 -0.501 3.077 3.117 7
0240 pf 25 -1.281 3.086 3.342 7
0240 pf 26 -0.080 4.088 4.089 7
0240 pf 27 -1.010 2.600 2.789 7
0240 pf 28 -1.401 2.693 3.035 7
0240 pf 29 -0.743 3.079 3.167 7
0240 pf 30 -0.414 3.112 3.139 7
0240 pf 31 -0.906 3.037 3.169 7
0240 pf 32 -0.158 3.762 3.765 7
0240 pf 33 -0.851 2.667 2.799 7
0240 pf 34 0.010 2.584 2.584 6
0240 pf 35 -0.659 3.004 3.076 7
0240 pf 36 -0.137 2.719 2.722 7
0240 pf 37 -0.685 3.487 3.553 7
0240 pf 38 -0.703 3.263 3.338 7
0240 pf 39 -0.919 3.740 3.851 7
0240 pf 40 -1.082 2.792 2.995 7
0240 pf 41 -1.536 4.056 4.337 7
0240 pf 42 -0.775 3.000 3.099 7
0240 pf 43 -0.292 3.125 3.138 7
0240 pf 44 -0.554 3.060 3.110 7
0240 pf 45 -1.257 3.188 3.427 7
0240 pf 46 -1.142 2.438 2.692 7
0240 pf 47 -0.001 3.152 3.152 6
0240 pf 48 -1.569 2.715 3.136 7
0240 pf 49 -0.505 3.323 3.361 7
0240 pf 50 -0.438 2.297 2.338 7
0264 em 00 -1.071 3.398 3.562 7
0264 cf 00 -1.051 3.407 3.565 7
0264 pf 01 -1.387 3.001 3.306 7
0264 pf 02 -0.657 4.473 4.521 7
0264 pf 03 -1.494 3.724 4.013 7
0264 pf 04 -1.010 3.843 3.973 7
0264 pf 05 -1.301 2.832 3.117 7
0264 pf 06 -0.855 3.140 3.254 7
0264 pf 07 -0.202 3.334 3.340 7
0264 pf 08 -0.320 2.633 2.652 7
0264 pf 09 -1.073 3.525 3.685 7
0264 pf 10 -1.056 3.342 3.504 7
0264 pf 11 -0.910 3.566 3.680 7
0264 pf 12 -0.504 3.042 3.083 7
0264 pf 13 -1.354 3.736 3.974 7
0264 pf 14 -1.648 3.038 3.456 7
0264 pf 15 -1.454 2.529 2.917 7
0264 pf 16 -1.765 3.668 4.071 7
0264 pf 17 -0.528 4.054 4.089 7
0264 pf 18 0.056 3.419 3.419 6
0264 pf 19 -1.449 3.586 3.868 7
0264 pf 20 -0.747 3.105 3.194 7
0264 pf 21 0.502 2.757 2.802 6
0264 pf 22 -1.744 3.618 4.016 7
0264 pf 23 -1.944 3.654 4.139 7
0264 pf 24 -1.000 2.972 3.135 7
0264 pf 25 -1.395 3.277 3.561 7
0264 pf 26 -0.254 4.431 4.438 7
0264 pf 27 -1.916 2.906 3.481 7
0264 pf 28 -1.563 3.062 3.438 7
0264 pf 29 -1.121 3.091 3.288 7
0264 pf 30 -0.657 3.677 3.736 7
0264 pf 31 -1.298 3.370 3.612 7
0264 pf 32 -0.893 4.001 4.100 7
0264 pf 33 -1.256 2.616 2.902 7
0264 pf 34 -0.025 3.068 3.068 7
0264 pf 35 -1.048 3.219 3.386 7
0264 pf 36 -0.506 2.983 3.026 7
0264 pf 37 -1.517 3.915 4.199 7
0264 pf 38 -1.300 3.461 3.697 7
0264 pf 39 -1.588 4.096 4.393 7
0264 pf 40 -1.458 3.047 3.378 7
0264 pf 41 -2.143 4.027 4.561 7
0264 pf 42 -1.003 3.264 3.415 7
0264 pf 43 -0.522 3.798 3.834 7
0264 pf 44 -1.035 3.446 3.598 7
0264 pf 45 -1.883 3.220 3.730 7
0264 pf 46 -1.559 2.725 3.139 7
0264 pf 47 -0.526 3.623 3.661 7
0264 pf 48 -1.991 2.826 3.457 7
0264 pf 49 -0.964 3.827 3.947 7
0264 pf 50 -0.712 2.730 2.821 7
0288 em 00 -1.507 3.398 3.717 7
0288 cf 00 -1.764 3.505 3.923 7
0288 pf 01 -1.762 2.936 3.424 7
0288 pf 02 -1.076 4.359 4.489 7
0288 pf 03 -2.007 3.862 4.353 7
0288 pf 04 -1.192 3.887 4.065 7
0288 pf 05 -1.175 3.240 3.447 7
0288 pf 06 -1.090 3.228 3.407 7
0288 pf 07 -0.556 3.336 3.382 7
0288 pf 08 -0.553 2.750 2.805 7
0288 pf 09 -1.807 3.689 4.108 7
0288 pf 10 -1.385 3.132 3.424 7
0288 pf 11 -1.922 3.421 3.924 7
0288 pf 12 -0.859 3.645 3.745 7
0288 pf 13 -1.924 3.839 4.294 7
0288 pf 14 -1.977 2.867 3.483 7
0288 pf 15 -1.737 2.597 3.125 7
0288 pf 16 -2.141 3.446 4.057 7
0288 pf 17 -1.188 4.146 4.312 7
0288 pf 18 -0.418 3.630 3.654 7
0288 pf 19 -1.930 3.457 3.959 7
0288 pf 20 -0.801 3.059 3.162 7
0288 pf 21 0.058 3.258 3.259 6
0288 pf 22 -2.048 3.466 4.026 7
0288 pf 23 -2.517 3.431 4.255 7
0288 pf 24 -1.292 2.987 3.254 7
0288 pf 25 -1.714 3.106 3.547 7
0288 pf 26 -0.950 4.435 4.536 7
0288 pf 27 -2.395 2.839 3.714 7
0288 pf 28 -1.712 3.026 3.477 7
0288 pf 29 -1.521 2.945 3.314 7
0288 pf 30 -1.289 3.663 3.883 7
0288 pf 31 -2.038 3.307 3.885 7
0288 pf 32 -1.861 3.601 4.054 7
0288 pf 33 -1.486 2.515 2.921 7
0288 pf 34 -0.187 3.269 3.274 7
0288 pf 35 -1.517 3.247 3.584 7
0288 pf 36 -0.728 3.277 3.357 7
0288 pf 37 -2.196 3.805 4.393 7
0288 pf 38 -2.069 3.122 3.746 7
0288 pf 39 -2.203 4.028 4.591 7
0288 pf 40 -1.555 3.045 3.419 7
0288 pf 41 -2.823 3.899 4.813 7
0288 pf 42 -1.576 3.172 3.542 7
0288 pf 43 -1.034 3.906 4.040 7
0288 pf 44 -1.345 3.336 3.597 7
0288 pf 45 -2.085 2.912 3.582 7
0288 pf 46 -2.187 2.538 3.350 7
0288 pf 47 -0.930 3.625 3.742 7
0288 pf 48 -2.029 2.897 3.537 7
0288 pf 49 -1.324 4.135 4.342 7
0288 pf 50 -1.148 2.894 3.114 7
0312 em 00 -1.756 3.238 3.684 7
0312 cf 00 -2.242 3.156 3.872 7
0312 pf 01 -2.239 2.672 3.486 7
0312 pf 02 -1.264 4.319 4.500 7
0312 pf 03 -2.449 3.776 4.501 7
0312 pf 04 -1.180 3.771 3.951 7
0312 pf 05 -1.249 3.087 3.330 7
0312 pf 06 -1.536 3.060 3.424 7
0312 pf 07 -0.886 3.216 3.336 7
0312 pf 08 -0.794 2.894 3.001 7
0312 pf 09 -2.122 3.891 4.432 7
0312 pf 10 -1.494 2.955 3.311 7
0312 pf 11 -2.430 3.271 4.075 7
0312 pf 12 -1.111 3.671 3.835 7
0312 pf 13 -1.984 3.612 4.121 7
0312 pf 14 -1.935 2.584 3.228 7
0312 pf 15 -1.798 2.646 3.200 7
0312 pf 16 -2.150 3.072 3.750 7
0312 pf 17 -1.582 4.384 4.660 7
0312 pf 18 -0.931 3.715 3.830 7
0312 pf 19 -2.654 3.474 4.372 7
0312 pf 20 -0.643 2.971 3.040 7
0312 pf 21 -0.466 3.253 3.286 7
0312 pf 22 -1.996 3.157 3.735 7
0312 pf 23 -2.894 3.050 4.204 7
0312 pf 24 -1.446 2.938 3.274 7
0312 pf 25 -2.030 2.815 3.470 7
0312 pf 26 -1.488 4.345 4.593 7
0312 pf 27 -2.309 2.497 3.401 7
0312 pf 28 -1.414 2.976 3.295 7
0312 pf 29 -1.412 2.719 3.064 7
0312 pf 30 -2.037 3.226 3.815 7
0312 pf 31 -2.073 3.085 3.717 7
0312 pf 32 -2.524 3.076 3.979 7
0312 pf 33 -1.339 1.959 2.373 7
0312 pf 34 -0.233 3.253 3.261 7
0312 pf 35 -1.762 3.099 3.565 7
0312 pf 36 -1.099 2.921 3.121 7
0312 pf 37 -2.268 3.675 4.318 7
0312 pf 38 -2.302 3.026 3.802 7
0312 pf 39 -2.350 3.719 4.399 7
0312 pf 40 -1.447 2.868 3.212 7
0312 pf 41 -3.302 3.540 4.841 7
0312 pf 42 -1.868 3.228 3.729 7
0312 pf 43 -1.410 3.615 3.880 7
0312 pf 44 -1.485 3.318 3.635 7
0312 pf 45 -2.300 2.697 3.545 7
0312 pf 46 -2.642 2.360 3.543 8
0312 pf 47 -1.389 3.687 3.940 7
0312 pf 48 -2.000 2.880 3.506 7
0312 pf 49 -1.844 3.832 4.252 7
0312 pf 50 -1.669 2.576 3.069 7
0336 em 00 -1.915 2.947 3.514 7
0336 cf 00 -2.443 2.963 3.841 7
0336 pf 01 -2.142 2.429 3.239 7
0336 pf 02 -1.514 3.755 4.049 7
0336 pf 03 -2.563 3.389 4.249 7
0336 pf 04 -1.088 3.458 3.625 7
0336 pf 05 -1.303 2.744 3.037 7
0336 pf 06 -1.859 2.893 3.439 7
0336 pf 07 -1.039 3.333 3.491 7
0336 pf 08 -1.295 2.908 3.184 7
0336 pf 09 -2.051 3.878 4.387 7
0336 pf 10 -1.300 2.906 3.184 7
0336 pf 11 -2.742 3.176 4.196 7
0336 pf 12 -1.330 3.230 3.493 7
0336 pf 13 -2.035 3.387 3.951 7
0336 pf 14 -1.675 2.426 2.948 7
0336 pf 15 -1.990 2.563 3.245 7
0336 pf 16 -1.939 2.726 3.346 7
0336 pf 17 -1.966 4.101 4.547 7
0336 pf 18 -1.246 3.220 3.453 7
0336 pf 19 -2.946 3.038 4.232 7
0336 pf 20 -0.715 2.818 2.907 7
0336 pf 21 -0.914 3.131 3.262 7
0336 pf 22 -2.024 2.721 3.391 7
0336 pf 23 -3.119 2.546 4.026 8
0336 pf 24 -1.731 2.906 3.383 7
0336 pf 25 -2.160 2.159 3.054 7
0336 pf 26 -2.154 4.210 4.729 7
0336 pf 27 -1.865 2.325 2.981 7
0336 pf 28 -1.445 2.567 2.946 7
0336 pf 29 -1.252 2.077 2.425 7
0336 pf 30 -2.730 2.485 3.692 8
0336 pf 31 -2.374 2.556 3.489 7
0336 pf 32 -3.137 2.369 3.931 8
0336 pf 33 -1.377 1.610 2.119 7
0336 pf 34 -0.337 3.052 3.071 7
0336 pf 35 -1.630 2.844 3.278 7
0336 pf 36 -1.448 2.563 2.944 7
0336 pf 37 -2.337 3.053 3.845 7
0336 pf 38 -2.242 2.708 3.516 7
0336 pf 39 -2.666 3.565 4.451 7
0336 pf 40 -1.426 3.004 3.325 7
0336 pf 41 -3.453 3.147 4.672 8
0336 pf 42 -1.998 3.144 3.725 7
0336 pf 43 -1.995 3.322 3.875 7
0336 pf 44 -1.781 3.132 3.603 7
0336 pf 45 -2.078 2.558 3.296 7
0336 pf 46 -2.588 2.136 3.356 8
0336 pf 47 -2.076 3.298 3.897 7
0336 pf 48 -1.863 2.429 3.062 7
0336 pf 49 -2.127 3.536 4.126 7
0336 pf 50 -1.976 2.252 2.996 7
0360 em 00 -2.046 2.649 3.347 7
0360 cf 00 -2.545 2.670 3.688 7
0360 pf 01 -1.850 2.043 2.756 7
0360 pf 02 -1.512 3.424 3.743 7
0360 pf 03 -2.614 2.955 3.945 7
0360 pf 04 -0.943 2.855 3.007 7
0360 pf 05 -1.711 2.350 2.907 7
0360 pf 06 -2.160 2.640 3.411 7
0360 pf 07 -1.379 3.049 3.347 7
0360 pf 08 -1.639 2.820 3.261 7
0360 pf 09 -2.241 3.424 4.092 7
0360 pf 10 -1.516 2.809 3.192 7
0360 pf 11 -2.684 2.880 3.937 7
0360 pf 12 -1.395 2.815 3.142 7
0360 pf 13 -2.684 2.824 3.896 7
0360 pf 14 -1.830 2.286 2.929 7
0360 pf 15 -1.923 2.347 3.034 7
0360 pf 16 -1.726 2.642 3.156 7
0360 pf 17 -2.345 3.466 4.185 7
0360 pf 18 -1.262 3.063 3.313 7
0360 pf 19 -2.724 2.523 3.713 8
0360 pf 20 -1.150 2.840 3.063 7
0360 pf 21 -1.190 2.735 2.983 7
0360 pf 22 -2.075 2.411 3.181 7
0360 pf 23 -3.283 2.313 4.016 8
0360 pf 24 -1.804 2.685 3.234 7
0360 pf 25 -2.217 1.817 2.867 8
0360 pf 26 -2.475 4.221 4.893 7
0360 pf 27 -1.995 2.148 2.932 7
0360 pf 28 -1.645 2.130 2.691 7
0360 pf 29 -1.308 1.867 2.280 7
0360 pf 30 -3.017 1.846 3.537 8
0360 pf 31 -2.690 2.329 3.559 8
0360 pf 32 -3.334 1.938 3.856 8
0360 pf 33 -1.855 1.748 2.549 8
0360 pf 34 -0.470 2.947 2.984 7
0360 pf 35 -1.517 2.620 3.028 7
0360 pf 36 -1.739 2.355 2.928 7
0360 pf 37 -2.612 2.595 3.682 8
0360 pf 38 -2.310 2.492 3.398 7
0360 pf 39 -2.842 2.923 4.077 7
0360 pf 40 -1.495 3.223 3.553 7
0360 pf 41 -3.185 2.169 3.854 8
0360 pf 42 -2.059 3.182 3.790 7
0360 pf 43 -2.149 3.047 3.729 7
0360 pf 44 -1.894 2.790 3.373 7
0360 pf 45 -2.119 2.358 3.170 7
0360 pf 46 -2.524 1.868 3.140 8
0360 pf 47 -2.651 2.885 3.918 7
0360 pf 48 -1.663 1.918 2.539 7
0360 pf 49 -2.332 3.025 3.819 7
0360 pf 50 -1.809 2.176 2.829 7
0384 em 00 -2.057 2.294 3.082 7
0384 cf 00 -2.454 2.474 3.485 7
0384 pf 01 -1.710 1.810 2.490 7
0384 pf 02 -1.458 2.683 3.054 7
0384 pf 03 -2.628 2.530 3.648 8
0384 pf 04 -1.229 2.437 2.729 7
0384 pf 05 -1.855 2.035 2.754 7
0384 pf 06 -2.162 2.174 3.066 7
0384 pf 07 -1.143 2.869 3.088 7
0384 pf 08 -1.925 2.322 3.016 7
0384 pf 09 -2.465 3.198 4.038 7
0384 pf 10 -1.552 2.640 3.062 7
0384 pf 11 -2.926 2.500 3.848 8
0384 pf 12 -1.575 2.458 2.920 7
0384 pf 13 -3.013 2.571 3.961 8
0384 pf 14 -1.681 1.943 2.569 7
0384 pf 15 -1.756 2.080 2.722 7
0384 pf 16 -1.516 2.753 3.143 7
0384 pf 17 -2.371 3.146 3.939 7
0384 pf 18 -1.102 2.913 3.114 7
0384 pf 19 -2.578 2.126 3.342 8
0384 pf 20 -1.508 2.599 3.004 7
0384 pf 21 -1.369 2.336 2.708 7
0384 pf 22 -1.989 2.168 2.943 7
0384 pf 23 -3.456 1.950 3.968 8
0384 pf 24 -1.713 2.375 2.928 7
0384 pf 25 -1.782 1.700 2.463 8
0384 pf 26 -2.698 3.641 4.532 7
0384 pf 27 -2.228 1.992 2.988 8
0384 pf 28 -1.777 1.750 2.494 8
0384 pf 29 -1.328 1.590 2.072 7
0384 pf 30 -3.144 1.436 3.456 8
0384 pf 31 -2.737 1.999 3.389 8
0384 pf 32 -3.510 1.642 3.875 8
0384 pf 33 -1.649 1.412 2.171 8
0384 pf 34 -0.150 2.991 2.995 7
0384 pf 35 -1.403 2.206 2.614 7
0384 pf 36 -1.562 1.814 2.393 7
0384 pf 37 -2.558 2.106 3.313 8
0384 pf 38 -2.196 1.849 2.871 8
0384 pf 39 -3.166 2.571 4.078 8
0384 pf 40 -1.645 2.872 3.310 7
0384 pf 41 -2.905 1.304 3.184 8
0384 pf 42 -1.955 2.924 3.517 7
0384 pf 43 -2.018 2.647 3.329 7
0384 pf 44 -1.955 2.346 3.054 7
0384 pf 45 -2.287 1.824 2.926 8
0384 pf 46 -2.464 1.192 2.737 8
0384 pf 47 -2.557 2.419 3.520 8
0384 pf 48 -1.739 1.616 2.374 8
0384 pf 49 -2.327 2.752 3.604 7
0384 pf 50 -1.676 1.793 2.455 7
0408 em 00 -1.900 1.892 2.681 8
0408 cf 00 -2.360 1.971 3.075 8
0408 pf 01 -1.963 1.898 2.730 8
0408 pf 02 -1.465 2.404 2.815 7
0408 pf 03 -2.472 2.140 3.270 8
0408 pf 04 -1.094 2.049 2.323 7
0408 pf 05 -1.842 1.654 2.475 8
0408 pf 06 -1.894 1.812 2.621 8
0408 pf 07 -1.016 2.528 2.725 7
0408 pf 08 -1.851 1.884 2.642 7
0408 pf 09 -2.516 2.524 3.564 7
0408 pf 10 -1.175 2.454 2.721 7
0408 pf 11 -2.805 1.858 3.364 8
0408 pf 12 -1.199 2.000 2.332 7
0408 pf 13 -2.986 1.889 3.533 8
0408 pf 14 -1.562 1.688 2.300 7
0408 pf 15 -1.642 1.485 2.214 8
0408 pf 16 -1.571 2.332 2.812 7
0408 pf 17 -1.969 2.619 3.277 7
0408 pf 18 -1.141 2.148 2.432 7
0408 pf 19 -2.327 1.701 2.882 8
0408 pf 20 -1.557 2.162 2.664 7
0408 pf 21 -1.562 2.123 2.636 7
0408 pf 22 -1.623 1.679 2.336 7
0408 pf 23 -3.070 1.382 3.367 8
0408 pf 24 -1.490 2.132 2.601 7
0408 pf 25 -1.485 1.485 2.100 7
0408 pf 26 -2.538 3.012 3.939 7
0408 pf 27 -2.054 1.596 2.601 8
0408 pf 28 -1.466 1.170 1.876 8
0408 pf 29 -0.843 1.591 1.801 7
0408 pf 30 -2.862 1.196 3.102 8
0408 pf 31 -2.652 1.535 3.065 8
0408 pf 32 -3.425 1.233 3.641 8
0408 pf 33 -1.350 1.232 1.828 8
0408 pf 34 0.096 2.724 2.726 6
0408 pf 35 -1.051 1.880 2.153 7
0408 pf 36 -1.578 1.607 2.252 7
0408 pf 37 -2.547 1.776 3.105 8
0408 pf 38 -1.839 1.433 2.331 8
0408 pf 39 -2.752 2.399 3.651 8
0408 pf 40 -1.648 2.432 2.938 7
0408 pf 41 -2.300 0.546 2.364 8
0408 pf 42 -2.066 2.277 3.075 7
0408 pf 43 -1.805 2.247 2.882 7
0408 pf 44 -2.062 1.897 2.802 8
0408 pf 45 -2.171 1.379 2.572 8
0408 pf 46 -2.261 0.985 2.467 8
0408 pf 47 -2.030 1.939 2.808 8
0408 pf 48 -1.759 1.357 2.221 8
0408 pf 49 -2.345 2.184 3.205 8
0408 pf 50 -1.467 1.381 2.015 8
0432 em 00 -1.721 1.515 2.293 8
0432 cf 00 -2.084 1.484 2.558 8
0432 pf 01 -2.008 1.859 2.736 8
0432 pf 02 -1.382 2.205 2.602 7
0432 pf 03 -2.438 1.438 2.830 8
0432 pf 04 -0.771 1.748 1.910 7
0432 pf 05 -1.857 1.334 2.287 8
0432 pf 06 -1.450 1.637 2.187 7
0432 pf 07 -1.095 2.174 2.435 7
0432 pf 08 -1.862 1.430 2.348 8
0432 pf 09 -2.502 1.882 3.131 8
0432 pf 10 -0.908 2.117 2.303 7
0432 pf 11 -2.505 1.405 2.872 8
0432 pf 12 -1.168 1.341 1.778 7
0432 pf 13 -2.636 1.162 2.881 8
0432 pf 14 -1.297 1.388 1.900 7
0432 pf 15 -1.119 1.205 1.645 7
0432 pf 16 -1.455 1.795 2.311 7
0432 pf 17 -2.022 2.348 3.098 7
0432 pf 18 -1.196 2.017 2.345 7
0432 pf 19 -1.832 1.179 2.178 8
0432 pf 20 -1.525 1.078 1.867 8
0432 pf 21 -1.551 1.801 2.377 7
0432 pf 22 -1.245 1.386 1.863 7
0432 pf 23 -2.468 1.208 2.748 8
0432 pf 24 -1.640 1.676 2.345 7
0432 pf 25 -0.969 1.468 1.759 7
0432 pf 26 -2.397 2.621 3.552 7
0432 pf 27 -1.853 1.462 2.360 8
0432 pf 28 -1.276 0.734 1.472 8
0432 pf 29 -0.475 1.257 1.343 7
0432 pf 30 -2.513 1.020 2.713 8
0432 pf 31 -2.339 1.043 2.561 8
0432 pf 32 -3.027 0.921 3.164 8
0432 pf 33 -1.237 1.012 1.598 8
0432 pf 34 -0.218 2.262 2.272 7
0432 pf 35 -0.753 1.550 1.723 7
0432 pf 36 -1.879 1.469 2.385 8
0432 pf 37 -2.466 1.183 2.736 8
0432 pf 38 -1.268 1.002 1.616 8
0432 pf 39 -2.640 2.047 3.341 8
0432 pf 40 -1.405 1.853 2.325 7
0432 pf 41 -1.911 0.291 1.933 8
0432 pf 42 -2.208 1.786 2.840 8
0432 pf 43 -1.572 1.656 2.283 7
0432 pf 44 -2.000 1.551 2.531 8
0432 pf 45 -1.968 1.124 2.267 8
0432 pf 46 -1.805 0.380 1.844 8
0432 pf 47 -1.700 1.777 2.459 7
0432 pf 48 -1.902 1.364 2.341 8
0432 pf 49 -2.168 1.622 2.707 8
0432 pf 50 -1.317 1.023 1.668 8
0456 em 00 -1.655 1.237 2.066 8
0456 cf 00 -1.768 0.943 2.004 8
0456 pf 01 -2.349 1.912 3.029 8
0456 pf 02 -1.710 1.825 2.501 7
0456 pf 03 -2.565 1.046 2.770 8
0456 pf 04 -0.812 1.422 1.638 7
0456 pf 05 -1.698 1.002 1.971 8
0456 pf 06 -1.108 1.278 1.691 7
0456 pf 07 -1.436 1.912 2.391 7
0456 pf 08 -1.805 1.010 2.069 8
0456 pf 09 -2.512 1.636 2.998 8
0456 pf 10 -1.021 2.053 2.293 7
0456 pf 11 -2.086 1.064 2.341 8
0456 pf 12 -0.985 0.758 1.242 8
0456 pf 13 -2.622 0.748 2.727 8
0456 pf 14 -1.251 1.313 1.814 7
0456 pf 15 -1.035 0.814 1.317 8
0456 pf 16 -1.092 1.413 1.785 7
0456 pf 17 -2.205 1.955 2.947 8
0456 pf 18 -1.562 1.526 2.184 8
0456 pf 19 -1.485 0.663 1.626 8
0456 pf 20 -1.506 0.414 1.562 8
0456 pf 21 -1.376 1.441 1.992 7
0456 pf 22 -1.012 0.731 1.248 8
0456 pf 23 -2.149 0.916 2.336 8
0456 pf 24 -1.678 1.371 2.166 8
0456 pf 25 -0.867 1.335 1.592 7
0456 pf 26 -2.351 2.253 3.256 8
0456 pf 27 -2.068 1.241 2.412 8
0456 pf 28 -1.356 0.698 1.526 8
0456 pf 29 -0.689 1.290 1.463 7
0456 pf 30 -2.181 0.788 2.319 8
0456 pf 31 -2.400 0.749 2.514 8
0456 pf 32 -2.396 0.521 2.452 8
0456 pf 33 -1.358 1.006 1.690 8
0456 pf 34 -0.715 1.962 2.088 7
0456 pf 35 -0.560 1.201 1.325 7
0456 pf 36 -1.763 0.863 1.963 8
0456 pf 37 -2.608 1.228 2.883 8
0456 pf 38 -1.170 0.897 1.474 8
0456 pf 39 -2.396 1.605 2.884 8
0456 pf 40 -1.323 1.404 1.929 7
0456 pf 41 -1.454 0.086 1.457 8
0456 pf 42 -1.635 1.766 2.406 7
0456 pf 43 -1.237 1.728 2.125 7
0456 pf 44 -2.284 1.265 2.611 8
0456 pf 45 -1.412 1.023 1.743 8
0456 pf 46 -1.367 -0.073 1.369 1
0456 pf 47 -1.640 1.738 2.389 7
0456 pf 48 -2.032 1.315 2.420 8
0456 pf 49 -2.423 1.531 2.866 8
0456 pf 50 -1.312 0.981 1.638 8
0480 em 00 -1.597 1.047 1.910 8
0480 cf 00 -1.777 0.738 1.925 8
0480 pf 01 -2.402 1.798 3.001 8
0480 pf 02 -1.572 1.245 2.006 8
0480 pf 03 -2.740 0.801 2.855 8
0480 pf 04 -1.066 1.421 1.777 7
0480 pf 05 -1.033 1.037 1.464 7
0480 pf 06 -0.976 1.187 1.537 7
0480 pf 07 -1.706 1.474 2.255 8
0480 pf 08 -1.533 0.511 1.616 8
0480 pf 09 -2.662 1.564 3.088 8
0480 pf 10 -1.180 1.796 2.149 7
0480 pf 11 -1.794 1.027 2.068 8
0480 pf 12 -0.918 0.308 0.968 8
0480 pf 13 -2.288 0.794 2.422 8
0480 pf 14 -1.662 1.122 2.005 8
0480 pf 15 -1.155 0.450 1.240 8
0480 pf 16 -0.625 1.059 1.230 7
0480 pf 17 -2.562 1.624 3.033 8
0480 pf 18 -1.750 1.616 2.381 8
0480 pf 19 -1.039 0.316 1.086 8
0480 pf 20 -1.542 0.242 1.561 8
0480 pf 21 -1.308 1.077 1.694 8
0480 pf 22 -1.000 0.147 1.011 8
0480 pf 23 -1.670 0.887 1.891 8
0480 pf 24 -1.761 1.174 2.116 8
0480 pf 25 -0.974 1.573 1.850 7
0480 pf 26 -2.321 1.875 2.983 8
0480 pf 27 -2.096 1.157 2.394 8
0480 pf 28 -1.222 0.814 1.469 8
0480 pf 29 -0.477 1.252 1.340 7
0480 pf 30 -2.054 0.630 2.148 8
0480 pf 31 -2.156 0.489 2.211 8
0480 pf 32 -1.919 0.373 1.955 8
0480 pf 33 -1.471 1.069 1.818 8
0480 pf 34 -0.825 1.890 2.062 7
0480 pf 35 -0.665 1.144 1.323 7
0480 pf 36 -1.579 0.972 1.854 8
0480 pf 37 -2.374 0.636 2.458 8
0480 pf 38 -1.113 0.737 1.335 8
0480 pf 39 -2.340 1.447 2.751 8
0480 pf 40 -1.632 0.983 1.905 8
0480 pf 41 -1.161 -0.309 1.202 1
0480 pf 42 -1.410 1.554 2.099 7
0480 pf 43 -1.031 1.727 2.011 7
0480 pf 44 -2.197 0.890 2.371 8
0480 pf 45 -1.185 0.645 1.349 8
0480 pf 46 -1.344 -0.164 1.354 1
0480 pf 47 -1.254 1.757 2.158 7
0480 pf 48 -2.292 1.021 2.509 8
0480 pf 49 -2.462 1.630 2.953 8
0480 pf 50 -1.571 0.689 1.715 8
0504 em 00 -1.453 0.872 1.695 8
0504 cf 00 -2.093 0.501 2.152 8
0504 pf 01 -2.100 1.542 2.606 8
0504 pf 02 -1.444 1.000 1.756 8
0504 pf 03 -2.763 0.505 2.809 8
0504 pf 04 -0.799 0.955 1.246 7
0504 pf 05 -0.492 0.913 1.037 7
0504 pf 06 -1.078 1.109 1.547 7
0504 pf 07 -1.375 1.409 1.969 7
0504 pf 08 -1.768 0.479 1.831 8
0504 pf 09 -2.548 1.416 2.916 8
0504 pf 10 -1.332 1.732 2.185 7
0504 pf 11 -1.531 0.933 1.793 8
0504 pf 12 -0.452 -0.064 0.457 1
0504 pf 13 -1.739 0.629 1.849 8
0504 pf 14 -1.497 1.101 1.858 8
0504 pf 15 -1.262 0.498 1.357 8
0504 pf 16 -0.249 0.776 0.814 7
0504 pf 17 -2.562 1.200 2.829 8
0504 pf 18 -1.782 1.333 2.226 8
0504 pf 19 -1.012 0.371 1.078 8
0504 pf 20 -1.549 -0.044 1.550 1
0504 pf 21 -1.440 0.833 1.664 8
0504 pf 22 -0.815 -0.090 0.820 1
0504 pf 23 -1.545 0.704 1.698 8
0504 pf 24 -1.500 0.864 1.732 8
0504 pf 25 -0.811 1.307 1.539 7
0504 pf 26 -1.926 1.678 2.554 8
0504 pf 27 -1.744 0.991 2.005 8
0504 pf 28 -0.959 0.790 1.242 8
0504 pf 29 -0.399 1.215 1.278 7
0504 pf 30 -1.881 0.477 1.941 8
0504 pf 31 -1.900 0.185 1.909 8
0504 pf 32 -1.382 0.414 1.442 8
0504 pf 33 -1.470 0.635 1.602 8
0504 pf 34 -0.924 1.737 1.968 7
0504 pf 35 -0.752 1.230 1.442 7
0504 pf 36 -1.570 0.877 1.798 8
0504 pf 37 -1.749 0.349 1.784 8
0504 pf 38 -1.192 0.461 1.278 8
0504 pf 39 -2.308 1.641 2.832 8
0504 pf 40 -1.814 0.271 1.835 8
0504 pf 41 -1.060 -0.498 1.171 1
0504 pf 42 -1.153 1.590 1.964 7
0504 pf 43 -0.861 1.847 2.038 7
0504 pf 44 -1.578 0.398 1.627 8
0504 pf 45 -1.099 0.930 1.440 8
0504 pf 46 -0.992 -0.186 1.009 1
0504 pf 47 -1.249 1.534 1.979 7
0504 pf 48 -2.297 0.516 2.354 8
0504 pf 49 -2.387 1.468 2.802 8
0504 pf 50 -1.528 0.496 1.607 8
0528 em 00 -1.310 0.682 1.477 8
0528 cf 00 -2.092 0.346 2.121 8
0528 pf 01 -1.971 1.475 2.462 8
0528 pf 02 -0.968 0.685 1.186 8
0528 pf 03 -2.494 0.219 2.504 8
0528 pf 04 -0.901 0.572 1.067 8
0528 pf 05 -0.810 0.768 1.116 8
0528 pf 06 -0.905 1.068 1.400 7
0528 pf 07 -1.050 1.304 1.674 7
0528 pf 08 -1.605 0.491 1.679 8
0528 pf 09 -2.623 0.896 2.772 8
0528 pf 10 -1.260 1.314 1.821 7
0528 pf 11 -1.640 0.771 1.812 8
0528 pf 12 -0.109 -0.057 0.123 1
0528 pf 13 -0.996 0.399 1.073 8
0528 pf 14 -1.155 0.800 1.406 8
0528 pf 15 -1.127 0.348 1.179 8
0528 pf 16 -0.217 0.964 0.988 7
0528 pf 17 -2.299 1.000 2.507 8
0528 pf 18 -1.756 0.932 1.987 8
0528 pf 19 -0.793 -0.084 0.797 1
0528 pf 20 -1.779 -0.294 1.804 1
0528 pf 21 -1.498 0.572 1.604 8
0528 pf 22 -0.425 0.053 0.428 8
0528 pf 23 -1.526 0.661 1.662 8
0528 pf 24 -1.330 0.525 1.430 8
0528 pf 25 -0.760 1.419 1.610 7
0528 pf 26 -1.779 1.246 2.172 8
0528 pf 27 -1.116 1.022 1.513 8
0528 pf 28 -0.802 0.639 1.025 8
0528 pf 29 -0.467 0.726 0.863 7
0528 pf 30 -1.244 0.098 1.248 8
0528 pf 31 -1.558 -0.292 1.585 1
0528 pf 32 -1.226 0.607 1.368 8
0528 pf 33 -1.483 0.429 1.543 8
0528 pf 34 -0.848 1.755 1.949 7
0528 pf 35 -0.850 1.422 1.657 7
0528 pf 36 -1.432 0.637 1.567 8
0528 pf 37 -1.306 0.101 1.310 8
0528 pf 38 -1.047 0.300 1.089 8
0528 pf 39 -2.302 1.608 2.808 8
0528 pf 40 -1.433 -0.312 1.466 1
0528 pf 41 -0.645 -0.535 0.838 1
0528 pf 42 -1.444 1.294 1.939 8
0528 pf 43 -1.271 1.749 2.162 7
0528 pf 44 -1.154 -0.028 1.154 1
0528 pf 45 -0.796 0.895 1.198 7
0528 pf 46 -0.725 -0.400 0.828 1
0528 pf 47 -1.366 1.486 2.018 7
0528 pf 48 -2.312 0.124 2.316 8
0528 pf 49 -2.462 1.202 2.740 8
0528 pf 50 -1.276 0.358 1.325 8
0552 em 00 -1.196 0.505 1.298 8
0552 cf 00 -1.918 0.083 1.920 8
0552 pf 01 -2.054 1.310 2.437 8
0552 pf 02 -0.839 0.249 0.875 8
0552 pf 03 -2.199 -0.263 2.215 1
0552 pf 04 -0.845 0.509 0.986 8
0552 pf 05 -1.076 0.535 1.201 8
0552 pf 06 -0.581 1.107 1.250 7
0552 pf 07 -0.885 1.437 1.687 7
0552 pf 08 -1.474 0.339 1.513 8
0552 pf 09 -2.425 0.659 2.513 8
0552 pf 10 -1.440 0.567 1.548 8
0552 pf 11 -1.345 0.768 1.549 8
0552 pf 12 -0.373 -0.065 0.378 1
0552 pf 13 -1.177 0.260 1.205 8
0552 pf 14 -1.130 0.722 1.341 8
0552 pf 15 -0.904 0.159 0.918 8
0552 pf 16 -0.301 0.366 0.474 7
0552 pf 17 -2.017 0.991 2.247 8
0552 pf 18 -2.070 0.459 2.120 8
0552 pf 19 -0.878 -0.224 0.906 1
0552 pf 20 -1.524 -0.795 1.719 1
0552 pf 21 -1.369 0.465 1.446 8
0552 pf 22 -0.227 0.017 0.228 8
0552 pf 23 -1.539 0.421 1.595 8
0552 pf 24 -1.217 0.490 1.312 8
0552 pf 25 -0.648 1.258 1.415 7
0552 pf 26 -1.147 1.127 1.608 8
0552 pf 27 -0.845 0.904 1.237 7
0552 pf 28 -0.348 0.532 0.636 7
0552 pf 29 -0.705 0.731 1.015 7
0552 pf 30 -0.691 -0.281 0.746 1
0552 pf 31 -1.482 -0.551 1.581 1
0552 pf 32 -1.130 0.745 1.353 8
0552 pf 33 -1.504 0.209 1.519 8
0552 pf 34 -1.079 1.282 1.676 7
0552 pf 35 -0.844 1.211 1.476 7
0552 pf 36 -1.196 0.484 1.290 8
0552 pf 37 -1.100 -0.201 1.118 1
0552 pf 38 -1.007 0.332 1.061 8
0552 pf 39 -1.992 1.692 2.613 8
0552 pf 40 -1.774 -0.360 1.810 1
0552 pf 41 0.068 -0.489 0.494 3
0552 pf 42 -1.546 0.904 1.791 8
0552 pf 43 -1.741 1.519 2.311 8
0552 pf 44 -0.708 -0.331 0.781 1
0552 pf 45 -0.160 1.054 1.066 7
0552 pf 46 -0.308 -0.542 0.623 2
0552 pf 47 -1.260 1.340 1.839 7
0552 pf 48 -1.750 -0.131 1.755 1
0552 pf 49 -2.902 0.988 3.065 8
0552 pf 50 -0.883 0.280 0.927 8
0576 em 00 -1.122 0.378 1.185 8
0576 cf 00 -1.701 -0.036 1.701 1
0576 pf 01 -2.075 1.089 2.344 8
0576 pf 02 -0.364 -0.253 0.443 1
0576 pf 03 -2.166 -0.635 2.257 1
0576 pf 04 -0.891 0.655 1.106 8
0576 pf 05 -1.348 0.661 1.501 8
0576 pf 06 -0.589 1.127 1.272 7
0576 pf 07 -1.061 1.137 1.555 7
0576 pf 08 -1.456 0.105 1.460 8
0576 pf 09 -2.450 0.498 2.500 8
0576 pf 10 -1.661 0.464 1.724 8
0576 pf 11 -1.256 0.416 1.323 8
0576 pf 12 -0.494 0.569 0.754 7
0576 pf 13 -0.983 0.230 1.010 8
0576 pf 14 -1.139 0.578 1.277 8
0576 pf 15 -0.799 -0.003 0.799 1
0576 pf 16 -0.343 0.427 0.548 7
0576 pf 17 -1.945 1.286 2.332 8
0576 pf 18 -2.178 0.418 2.218 8
0576 pf 19 -0.906 -0.227 0.934 1
0576 pf 20 -1.250 -0.970 1.582 1
0576 pf 21 -1.018 0.337 1.073 8
0576 pf 22 -0.123 0.140 0.187 7
0576 pf 23 -1.806 0.358 1.841 8
0576 pf 24 -1.399 0.411 1.458 8
0576 pf 25 -0.914 1.298 1.588 7
0576 pf 26 -0.953 0.879 1.296 8
0576 pf 27 -0.756 0.774 1.082 7
0576 pf 28 0.151 0.524 0.545 6
0576 pf 29 -0.620 0.387 0.731 8
0576 pf 30 -0.471 -0.559 0.730 2
0576 pf 31 -1.178 -0.753 1.398 1
0576 pf 32 -0.992 0.557 1.137 8
0576 pf 33 -1.580 -0.233 1.597 1
0576 pf 34 -1.403 0.939 1.689 8
0576 pf 35 -0.939 0.997 1.370 7
0576 pf 36 -0.910 0.009 0.910 8
0576 pf 37 -1.121 -0.411 1.194 1
0576 pf 38 -0.980 0.402 1.060 8
0576 pf 39 -1.989 1.428 2.449 8
0576 pf 40 -1.393 -0.352 1.437 1
0576 pf 41 0.336 -0.415 0.534 3
0576 pf 42 -1.435 0.705 1.599 8
0576 pf 43 -1.555 1.415 2.102 8
0576 pf 44 -0.325 -0.212 0.388 1
0576 pf 45 0.085 0.687 0.692 6
0576 pf 46 -0.167 -0.486 0.514 2
0576 pf 47 -1.168 0.842 1.440 8
0576 pf 48 -1.335 -0.428 1.402 1
0576 pf 49 -3.153 0.793 3.251 8
0576 pf 50 -0.416 0.199 0.461 8
0600 em 00 -1.017 0.252 1.047 8
0600 cf 00 -1.277 -0.103 1.282 1
0600 pf 01 -1.968 1.079 2.244 8
0600 pf 02 -0.561 -0.372 0.673 1
0600 pf 03 -1.919 -0.665 2.031 1
0600 pf 04 -0.880 0.489 1.007 8
0600 pf 05 -1.192 0.475 1.283 8
0600 pf 06 -0.615 0.988 1.164 7
0600 pf 07 -1.075 1.286 1.676 7
0600 pf 08 -1.510 -0.108 1.514 1
0600 pf 09 -2.264 0.193 2.272 8
0600 pf 10 -1.889 0.250 1.905 8
0600 pf 11 -0.822 0.287 0.871 8
0600 pf 12 -0.708 0.648 0.960 8
0600 pf 13 -0.852 0.427 0.953 8
0600 pf 14 -0.861 0.406 0.952 8
0600 pf 15 -0.806 -0.044 0.807 1
0600 pf 16 -0.048 0.153 0.160 7
0600 pf 17 -1.743 1.176 2.103 8
0600 pf 18 -1.848 0.063 1.849 8
0600 pf 19 -0.582 -0.323 0.665 1
0600 pf 20 -0.904 -0.961 1.320 2
0600 pf 21 -0.522 0.027 0.523 8
0600 pf 22 0.057 0.189 0.197 6
0600 pf 23 -1.930 0.178 1.938 8
0600 pf 24 -1.700 0.547 1.786 8
0600 pf 25 -1.066 0.910 1.402 8
0600 pf 26 -0.730 0.515 0.894 8
0600 pf 27 -0.939 0.654 1.144 8
0600 pf 28 0.196 0.599 0.630 6
0600 pf 29 -0.339 0.445 0.560 7
0600 pf 30 -0.408 -0.477 0.628 2
0600 pf 31 -0.749 -0.713 1.034 1
0600 pf 32 -0.887 0.272 0.928 8
0600 pf 33 -1.438 -0.732 1.613 1
0600 pf 34 -1.713 0.787 1.886 8
0600 pf 35 -1.042 0.653 1.229 8
0600 pf 36 -0.656 -0.176 0.679 1
0600 pf 37 -1.237 -0.472 1.324 1
0600 pf 38 -0.911 0.214 0.936 8
0600 pf 39 -2.090 1.043 2.336 8
0600 pf 40 -1.055 -0.243 1.083 1
0600 pf 41 0.396 -0.350 0.528 4
0600 pf 42 -1.519 0.465 1.589 8
0600 pf 43 -1.201 1.445 1.879 7
0600 pf 44 -0.127 -0.133 0.184 2
0600 pf 45 -0.125 0.777 0.787 7
0600 pf 46 -0.086 -0.461 0.469 2
0600 pf 47 -0.918 0.245 0.950 8
0600 pf 48 -0.995 -0.675 1.202 1
0600 pf 49 -3.093 0.354 3.113 8
0600 pf 50 0.032 0.282 0.284 6
0624 em 00 -0.999 0.137 1.008 8
0624 cf 00 -0.937 -0.336 0.995 1
0624 pf 01 -1.857 0.786 2.017 8
0624 pf 02 -0.758 -0.387 0.851 1
0624 pf 03 -1.636 -0.792 1.818 1
0624 pf 04 -0.812 0.103 0.818 8
0624 pf 05 -1.346 0.236 1.367 8
0624 pf 06 -1.283 0.937 1.589 8
0624 pf 07 -1.139 1.001 1.517 8
0624 pf 08 -1.425 -0.154 1.433 1
0624 pf 09 -2.527 0.299 2.545 8
0624 pf 10 -2.148 0.301 2.169 8
0624 pf 11 -0.580 0.148 0.599 8
0624 pf 12 -1.117 0.581 1.259 8
0624 pf 13 -0.969 0.525 1.102 8
0624 pf 14 -0.786 0.477 0.919 8
0624 pf 15 -0.959 0.482 1.074 8
0624 pf 16 -0.091 0.320 0.333 7
0624 pf 17 -1.407 0.872 1.655 8
0624 pf 18 -1.401 -0.367 1.448 1
0624 pf 19 -0.219 -0.529 0.572 2
0624 pf 20 -0.888 -0.921 1.280 2
0624 pf 21 -0.242 -0.349 0.425 2
0624 pf 22 -0.047 0.619 0.620 7
0624 pf 23 -1.733 0.218 1.747 8
0624 pf 24 -1.496 0.189 1.508 8
0624 pf 25 -1.354 0.834 1.590 8
0624 pf 26 -0.912 -0.054 0.913 1
0624 pf 27 -1.107 0.358 1.163 8
0624 pf 28 0.008 0.413 0.413 6
0624 pf 29 -0.136 0.204 0.245 7
0624 pf 30 0.072 -0.403 0.409 3
0624 pf 31 -0.588 -0.682 0.900 2
0624 pf 32 -0.581 -0.168 0.605 1
0624 pf 33 -1.043 -1.299 1.666 2
0624 pf 34 -1.959 0.953 2.179 8
0624 pf 35 -1.211 0.820 1.463 8
0624 pf 36 -0.500 -0.004 0.500 1
0624 pf 37 -1.369 -0.649 1.515 1
0624 pf 38 -0.807 0.335 0.874 8
0624 pf 39 -1.995 0.828 2.160 8
0624 pf 40 -0.764 -0.412 0.868 1
0624 pf 41 0.345 -0.532 0.634 3
0624 pf 42 -1.563 0.294 1.590 8
0624 pf 43 -1.131 1.086 1.568 8
0624 pf 44 -0.292 0.032 0.293 8
0624 pf 45 0.005 0.793 0.793 6
0624 pf 46 0.015 -0.358 0.358 3
0624 pf 47 -1.370 0.059 1.371 8
0624 pf 48 -1.162 -0.827 1.426 1
0624 pf 49 -2.728 -0.161 2.733 1
0624 pf 50 -0.048 0.076 0.090 7
0648 em 00 -0.950 0.068 0.952 8
0648 cf 00 -0.888 -0.333 0.948 1
0648 pf 01 -1.614 0.597 1.721 8
0648 pf 02 -0.764 -0.409 0.867 1
0648 pf 03 -1.018 -0.854 1.328 1
0648 pf 04 -0.828 -0.310 0.884 1
0648 pf 05 -1.114 0.530 1.234 8
0648 pf 06 -1.339 0.945 1.639 8
0648 pf 07 -1.105 0.796 1.362 8
0648 pf 08 -0.897 -0.337 0.958 1
0648 pf 09 -2.253 -0.036 2.253 1
0648 pf 10 -2.222 0.265 2.238 8
0648 pf 11 -0.383 0.026 0.384 8
0648 pf 12 -1.400 0.399 1.455 8
0648 pf 13 -0.946 0.376 1.017 8
0648 pf 14 -1.047 0.453 1.141 8
0648 pf 15 -1.333 0.430 1.401 8
0648 pf 16 -0.158 0.346 0.381 7
0648 pf 17 -1.324 0.499 1.415 8
0648 pf 18 -1.241 -0.751 1.451 1
0648 pf 19 0.091 -0.743 0.748 3
0648 pf 20 -0.600 -0.876 1.062 2
0648 pf 21 -0.072 -0.340 0.348 2
0648 pf 22 -0.102 0.647 0.655 7
0648 pf 23 -1.713 0.263 1.733 8
0648 pf 24 -1.383 0.189 1.396 8
0648 pf 25 -1.178 0.626 1.334 8
0648 pf 26 -1.141 -0.044 1.142 1
0648 pf 27 -0.974 0.285 1.015 8
0648 pf 28 -0.055 0.744 0.746 7
0648 pf 29 -0.036 0.093 0.100 7
0648 pf 30 0.312 -0.519 0.605 3
0648 pf 31 -0.343 -0.525 0.627 2
0648 pf 32 -0.639 -0.070 0.643 1
0648 pf 33 -0.694 -1.382 1.547 2
0648 pf 34 -2.018 0.873 2.198 8
0648 pf 35 -1.468 0.768 1.657 8
0648 pf 36 -0.421 0.018 0.422 8
0648 pf 37 -1.265 -0.845 1.521 1
0648 pf 38 -0.837 0.284 0.884 8
0648 pf 39 -1.873 0.596 1.965 8
0648 pf 40 -0.846 -0.222 0.875 1
0648 pf 41 -0.089 -0.312 0.324 2
0648 pf 42 -1.691 0.015 1.691 8
0648 pf 43 -1.319 0.804 1.545 8
0648 pf 44 -0.479 0.180 0.512 8
0648 pf 45 0.100 0.783 0.789 6
0648 pf 46 0.160 -0.357 0.391 3
0648 pf 47 -1.589 0.399 1.638 8
0648 pf 48 -1.087 -0.781 1.338 1
0648 pf 49 -2.194 -0.564 2.265 1
0648 pf 50 -0.009 -0.047 0.048 2
0672 em 00 -0.906 0.014 0.906 8
0672 cf 00 -1.029 -0.471 1.131 1
0672 pf 01 -1.217 0.491 1.312 8
0672 pf 02 -0.720 -0.373 0.811 1
0672 pf 03 -0.697 -0.726 1.006 2
0672 pf 04 -0.521 -1.084 1.203 2
0672 pf 05 -1.256 0.610 1.397 8
0672 pf 06 -1.475 1.342 1.994 8
0672 pf 07 -1.497 0.424 1.556 8
0672 pf 08 -0.781 -0.478 0.916 1
0672 pf 09 -2.144 -0.724 2.263 1
0672 pf 10 -2.228 0.351 2.256 8
0672 pf 11 -0.142 -0.164 0.217 2
0672 pf 12 -1.516 0.436 1.577 8
0672 pf 13 -0.855 0.581 1.033 8
0672 pf 14 -1.055 0.567 1.198 8
0672 pf 15 -1.560 0.885 1.793 8
0672 pf 16 -0.380 0.478 0.611 7
0672 pf 17 -1.047 0.146 1.057 8
0672 pf 18 -1.083 -0.891 1.402 1
0672 pf 19 -0.138 -0.765 0.777 2
0672 pf 20 -0.387 -1.087 1.154 2
0672 pf 21 -0.187 -0.158 0.245 1
0672 pf 22 -0.309 0.481 0.572 7
0672 pf 23 -1.815 -0.150 1.821 1
0672 pf 24 -1.572 -0.060 1.573 1
0672 pf 25 -1.048 0.688 1.254 8
0672 pf 26 -0.878 -0.336 0.940 1
0672 pf 27 -0.942 0.139 0.952 8
0672 pf 28 -0.048 0.564 0.566 7
0672 pf 29 0.125 -0.042 0.132 4
0672 pf 30 0.331 -0.265 0.424 4
0672 pf 31 -0.268 -0.480 0.549 2
0672 pf 32 -0.772 0.391 0.865 8
0672 pf 33 -0.466 -1.462 1.534 2
0672 pf 34 -1.805 0.747 1.954 8
0672 pf 35 -1.411 0.894 1.670 8
0672 pf 36 -0.127 -0.052 0.137 1
0672 pf 37 -1.042 -0.472 1.144 1
0672 pf 38 -0.354 0.508 0.619 7
0672 pf 39 -2.159 0.409 2.198 8
0672 pf 40 -0.828 -0.258 0.867 1
0672 pf 41 -0.540 -0.268 0.603 1
0672 pf 42 -1.808 -0.206 1.819 1
0672 pf 43 -1.519 0.476 1.592 8
0672 pf 44 -0.400 0.310 0.506 8
0672 pf 45 0.180 0.699 0.722 6
0672 pf 46 0.247 -0.210 0.324 4
0672 pf 47 -1.344 0.445 1.416 8
0672 pf 48 -1.071 -0.985 1.455 1
0672 pf 49 -1.803 -0.846 1.992 1
0672 pf 50 0.282 0.084 0.294 5
0696 em 00 -0.901 -0.116 0.908 1
0696 cf 00 -1.184 -0.289 1.218 1
0696 pf 01 -0.900 0.326 0.957 8
0696 pf 02 -0.986 -0.473 1.094 1
0696 pf 03 -0.577 -0.908 1.076 2
0696 pf 04 -0.276 -0.912 0.953 2
0696 pf 05 -1.321 0.662 1.477 8
0696 pf 06 -1.612 1.325 2.087 8
0696 pf 07 -1.608 0.313 1.638 8
0696 pf 08 -0.724 -0.462 0.859 1
0696 pf 09 -1.774 -1.248 2.169 1
0696 pf 10 -2.429 0.272 2.444 8
0696 pf 11 -0.389 -0.322 0.504 1
0696 pf 12 -1.306 -0.001 1.306 1
0696 pf 13 -0.815 0.406 0.911 8
0696 pf 14 -1.286 0.184 1.299 8
0696 pf 15 -1.357 0.652 1.505 8
0696 pf 16 -0.366 0.502 0.621 7
0696 pf 17 -0.955 -0.117 0.962 1
0696 pf 18 -0.511 -1.172 1.279 2
0696 pf 19 -0.374 -0.788 0.872 2
0696 pf 20 -0.223 -1.214 1.235 2
0696 pf 21 -0.197 0.219 0.295 7
0696 pf 22 -0.760 0.364 0.843 8
0696 pf 23 -2.176 -0.566 2.248 1
0696 pf 24 -1.593 -0.309 1.623 1
0696 pf 25 -1.122 0.716 1.331 8
0696 pf 26 -0.722 -0.614 0.948 1
0696 pf 27 -0.911 0.276 0.952 8
0696 pf 28 -0.018 0.424 0.424 7
0696 pf 29 -0.099 -0.148 0.178 2
0696 pf 30 0.297 -0.135 0.327 4
0696 pf 31 -0.158 -0.626 0.646 2
0696 pf 32 -1.107 0.656 1.286 8
0696 pf 33 -0.334 -1.471 1.508 2
0696 pf 34 -1.811 0.385 1.852 8
0696 pf 35 -1.420 0.926 1.695 8
0696 pf 36 -0.084 -0.289 0.301 2
0696 pf 37 -0.973 -0.631 1.160 1
0696 pf 38 -0.436 0.286 0.521 8
0696 pf 39 -2.131 -0.076 2.132 1
0696 pf 40 -0.590 -0.159 0.611 1
0696 pf 41 -0.661 -0.118 0.671 1
0696 pf 42 -2.110 -0.349 2.139 1
0696 pf 43 -1.709 0.442 1.765 8
0696 pf 44 -0.237 -0.018 0.238 1
0696 pf 45 0.040 0.633 0.634 6
0696 pf 46 0.221 -0.166 0.276 4
0696 pf 47 -1.442 -0.254 1.464 1
0696 pf 48 -1.054 -1.212 1.606 2
0696 pf 49 -1.220 -1.185 1.700 1
0696 pf 50 0.626 0.013 0.626 5
0720 em 00 -0.915 -0.215 0.940 1
0720 cf 00 -1.115 -0.118 1.121 1
0720 pf 01 -0.720 0.184 0.743 8
0720 pf 02 -0.699 -0.477 0.847 1
0720 pf 03 -0.664 -0.647 0.927 1
0720 pf 04 0.171 -1.187 1.200 3
0720 pf 05 -1.338 0.388 1.393 8
0720 pf 06 -1.705 1.301 2.144 8
0720 pf 07 -1.552 0.242 1.571 8
0720 pf 08 -0.411 -0.309 0.514 1
0720 pf 09 -1.504 -1.316 1.999 1
0720 pf 10 -2.434 0.105 2.437 8
0720 pf 11 -0.424 -0.480 0.640 2
0720 pf 12 -1.148 -0.050 1.149 1
0720 pf 13 -1.045 0.424 1.128 8
0720 pf 14 -1.453 -0.302 1.484 1
0720 pf 15 -1.378 0.205 1.393 8
0720 pf 16 -0.466 0.625 0.780 7
0720 pf 17 -1.014 -0.032 1.014 1
0720 pf 18 -0.459 -1.290 1.369 2
0720 pf 19 -0.330 -0.835 0.898 2
0720 pf 20 -0.243 -1.107 1.134 2
0720 pf 21 -0.252 0.606 0.657 7
0720 pf 22 -1.391 0.271 1.417 8
0720 pf 23 -2.334 -0.830 2.477 1
0720 pf 24 -1.489 -0.705 1.647 1
0720 pf 25 -1.142 0.879 1.441 8
0720 pf 26 -0.607 -1.122 1.275 2
0720 pf 27 -1.107 0.103 1.112 8
0720 pf 28 -0.333 0.160 0.369 8
0720 pf 29 -0.499 -0.143 0.519 1
0720 pf 30 0.356 -0.065 0.362 4
0720 pf 31 -0.356 -0.912 0.979 2
0720 pf 32 -1.312 0.847 1.562 8
0720 pf 33 -0.205 -1.398 1.413 2
0720 pf 34 -2.045 0.345 2.074 8
0720 pf 35 -1.484 0.990 1.784 8
0720 pf 36 -0.302 -0.355 0.466 2
0720 pf 37 -0.960 -0.738 1.211 1
0720 pf 38 -0.326 0.058 0.331 8
0720 pf 39 -1.767 -0.459 1.826 1
0720 pf 40 -0.682 0.021 0.683 8
0720 pf 41 -0.473 -0.345 0.586 1
0720 pf 42 -2.121 -0.966 2.331 1
0720 pf 43 -1.763 0.045 1.763 8
0720 pf 44 -0.398 -0.011 0.398 1
0720 pf 45 0.071 0.545 0.549 6
0720 pf 46 -0.033 -0.079 0.086 2
0720 pf 47 -1.369 -0.790 1.581 1
0720 pf 48 -0.964 -1.134 1.488 2
0720 pf 49 -1.137 -1.236 1.679 2
0720 pf 50 0.649 -0.099 0.657 4
0744 em 00 -0.964 -0.302 1.010 1
0744 cf 00 -1.049 -0.195 1.067 1
0744 pf 01 -0.422 -0.044 0.425 1
0744 pf 02 -0.722 -0.499 0.878 1
0744 pf 03 -0.983 -0.618 1.161 1
0744 pf 04 -0.382 -0.996 1.067 2
0744 pf 05 -1.054 0.298 1.095 8
0744 pf 06 -1.529 1.287 1.999 8
0744 pf 07 -1.443 -0.045 1.443 1
0744 pf 08 -0.216 -0.012 0.216 1
0744 pf 09 -1.455 -1.250 1.918 1
0744 pf 10 -2.547 -0.151 2.551 1
0744 pf 11 -0.477 -0.558 0.734 2
0744 pf 12 -1.461 -0.499 1.543 1
0744 pf 13 -1.443 0.486 1.522 8
0744 pf 14 -1.505 -0.723 1.670 1
0744 pf 15 -1.911 -0.137 1.916 1
0744 pf 16 -0.422 0.951 1.040 7
0744 pf 17 -1.060 -0.052 1.061 1
0744 pf 18 -0.305 -1.574 1.604 2
0744 pf 19 -0.161 -0.741 0.759 2
0744 pf 20 -0.173 -1.144 1.157 2
0744 pf 21 -0.312 0.631 0.704 7
0744 pf 22 -1.700 -0.048 1.700 1
0744 pf 23 -2.451 -1.238 2.746 1
0744 pf 24 -1.422 -0.688 1.580 1
0744 pf 25 -1.183 0.643 1.346 8
0744 pf 26 -0.778 -0.958 1.234 2
0744 pf 27 -1.123 -0.399 1.191 1
0744 pf 28 -0.444 -0.203 0.488 1
0744 pf 29 -0.400 -0.032 0.401 1
0744 pf 30 0.486 0.113 0.499 5
0744 pf 31 -0.430 -0.835 0.939 2
0744 pf 32 -1.431 1.042 1.770 8
0744 pf 33 -0.237 -1.415 1.435 2
0744 pf 34 -2.223 0.307 2.244 8
0744 pf 35 -1.448 0.691 1.605 8
0744 pf 36 -0.307 -0.591 0.666 2
0744 pf 37 -0.834 -0.699 1.088 1
0744 pf 38 -0.460 -0.015 0.460 1
0744 pf 39 -1.472 -1.085 1.829 1
0744 pf 40 -0.716 0.160 0.733 8
0744 pf 41 -0.090 -0.292 0.306 2
0744 pf 42 -2.179 -1.287 2.531 1
0744 pf 43 -2.056 -0.149 2.061 1
0744 pf 44 -0.643 -0.116 0.653 1
0744 pf 45 -0.537 0.635 0.832 7
0744 pf 46 -0.219 0.029 0.220 8
0744 pf 47 -1.314 -0.999 1.651 1
0744 pf 48 -0.645 -1.131 1.302 2
0744 pf 49 -1.327 -1.179 1.776 1
0744 pf 50 0.320 -0.089 0.332 4
0768 em 00 -0.933 -0.381 1.008 1
0768 cf 00 -0.923 -0.376 0.997 1
0768 pf 01 -0.290 0.057 0.296 8
0768 pf 02 -0.610 -0.543 0.817 1
0768 pf 03 -1.085 -0.689 1.285 1
0768 pf 04 -0.599 -1.074 1.229 2
0768 pf 05 -0.804 -0.085 0.809 1
0768 pf 06 -1.450 1.289 1.940 8
0768 pf 07 -1.402 0.331 1.441 8
0768 pf 08 0.207 0.399 0.450 6
0768 pf 09 -1.220 -1.201 1.712 1
0768 pf 10 -2.808 -0.626 2.877 1
0768 pf 11 -0.345 -0.481 0.592 2
0768 pf 12 -1.720 -0.708 1.860 1
0768 pf 13 -1.510 0.364 1.553 8
0768 pf 14 -1.496 -0.821 1.707 1
0768 pf 15 -2.291 -0.027 2.292 1
0768 pf 16 -0.532 1.004 1.136 7
0768 pf 17 -0.812 -0.306 0.868 1
0768 pf 18 -0.519 -1.820 1.893 2
0768 pf 19 0.028 -0.775 0.776 3
0768 pf 20 -0.027 -1.195 1.195 2
0768 pf 21 -0.503 0.715 0.874 7
0768 pf 22 -1.424 -0.039 1.425 1
0768 pf 23 -2.108 -1.592 2.641 1
0768 pf 24 -1.340 -0.938 1.636 1
0768 pf 25 -0.734 0.129 0.745 8
0768 pf 26 -0.731 -1.119 1.336 2
0768 pf 27 -1.154 -0.529 1.269 1
0768 pf 28 -0.695 -0.180 0.718 1
0768 pf 29 -0.492 -0.327 0.591 1
0768 pf 30 0.295 0.426 0.518 6
0768 pf 31 -0.689 -0.674 0.964 1
0768 pf 32 -1.920 0.682 2.037 8
0768 pf 33 0.249 -1.356 1.379 3
0768 pf 34 -2.112 0.141 2.117 8
0768 pf 35 -1.375 0.507 1.465 8
0768 pf 36 -0.370 -0.472 0.600 2
0768 pf 37 -0.723 -0.575 0.924 1
0768 pf 38 -0.511 0.092 0.519 8
0768 pf 39 -0.992 -1.383 1.702 2
0768 pf 40 -0.538 -0.372 0.654 1
0768 pf 41 0.202 -0.643 0.674 3
0768 pf 42 -1.783 -1.707 2.469 1
0768 pf 43 -2.106 -0.394 2.142 1
0768 pf 44 -0.768 -0.018 0.768 1
0768 pf 45 -1.161 0.666 1.339 8
0768 pf 46 -0.362 0.347 0.501 8
0768 pf 47 -1.452 -1.076 1.807 1
0768 pf 48 -0.147 -0.910 0.922 2
0768 pf 49 -1.219 -1.341 1.813 2
0768 pf 50 0.163 -0.040 0.168 4
